id,probability_maraud,successful_mating,next_foraging_time,mar_attempts,mate_attempts,x_pos,y_pos,foraging_events,foraging_hrs,foraging_sqhrs,staying_events,staying_hrs,staying_sqhrs,repairing_events,repairing_hrs,repairing_sqhrs,marauding_events,marauding_hrs,marauding_sqhrs,traveling_events,traveling_hrs,traveling_sqhrs
0,0.054,11,360.58163858703193,"[['18' '0.6050194804962148' 'marauded']
 ['21' '5.607702900131048' 'presentdestroyed']
 ['19' '10.6132788137939' 'present']
 ['4' '14.188148130494238' 'marauded']
 ['21' '35.65467766668092' 'present']
 ['4' '39.54060317893219' 'present']
 ['5' '43.87223114667279' 'present']
 ['3' '45.81441165793002' 'marauded']
 ['6' '50.838370178622924' 'presentdestroyed']
 ['10' '58.93995998591696' 'present']
 ['6' '64.82555782638975' 'present']
 ['4' '75.1501379374915' 'marauded']
 ['3' '84.32096171613532' 'present']
 ['21' '84.4226348480198' 'present']
 ['6' '99.07929947959748' 'present']
 ['10' '109.823556841785' 'present']
 ['6' '122.12245168637034' 'present']
 ['21' '126.46480840186855' 'present']
 ['6' '149.00657194669708' 'present']
 ['2' '208.63542812351213' 'present']
 ['5' '237.14643059394677' 'present']
 ['5' '277.9149815500798' 'present']
 ['19' '297.9968314667135' 'present']
 ['10' '302.7568664961991' 'present']
 ['6' '308.93934002707323' 'present']
 ['4' '318.6876936578941' 'present']
 ['21' '333.0768695185167' 'present']
 ['2' '335.5212253858054' 'marauded']
 ['4' '348.35144658049376' 'present']
 ['19' '349.3551754357342' 'present']]","[['F136' '54.461579389755265' 'mated']
 ['F57' '103.67861163928247' 'absent']
 ['F143' '118.41983010952703' 'mated']
 ['F88' '144.3539419394305' 'absent']
 ['F104' '154.0139436839537' 'absent']
 ['F2' '164.8054464355405' 'mated']
 ['F8' '188.2167641930017' 'mated']
 ['F52' '195.74545707996634' 'mated']
 ['F173' '198.54020588130717' 'mated']
 ['F36' '227.5579463702223' 'mated']
 ['F203' '229.64548931086586' 'absent']
 ['F74' '230.0983697402128' 'mated']
 ['F47' '245.67463269234972' 'mated']
 ['F122' '253.81281396280795' 'mated']
 ['F49' '256.8995572585924' 'mated']]",0.0,0.0,564.0,68.73472846345162,14.69501640376131,1506.0,258.13037179457456,56.30659346932042,165.0,30.48085998463819,6.837898356243226,21.0,2.1000000000000005,0.21000000000000013,89.0,0.8011753902077103,0.008230452674897125
1,0.0,9,360.55004238724,"[['2' '14.930867685809984' 'present']
 ['5' '22.53381634355391' 'present']
 ['2' '33.450883257831656' 'marauded']
 ['19' '42.01479592090233' 'present']
 ['2' '47.8780245376466' 'present']
 ['18' '71.99572301261925' 'present']
 ['2' '80.81259902293245' 'marauded']
 ['2' '84.15795045566108' 'presentdestroyed']
 ['5' '97.83703488200591' 'present']
 ['21' '101.35741873655701' 'present']
 ['18' '111.32692437665244' 'present']
 ['3' '124.83593621926101' 'present']
 ['18' '124.89389187187064' 'present']
 ['18' '125.11507597268502' 'marauded']
 ['18' '136.9328281354212' 'present']
 ['2' '144.47148918453195' 'present']
 ['10' '173.9825305130573' 'present']
 ['10' '190.62773523626973' 'present']
 ['5' '199.20762443612017' 'present']
 ['5' '202.67063453173034' 'marauded']
 ['2' '224.00569360875687' 'present']
 ['19' '234.51645405712912' 'present']
 ['18' '256.25763628710723' 'present']
 ['4' '260.14714190556396' 'present']
 ['5' '264.4613729583842' 'present']
 ['10' '267.6908583833257' 'present']
 ['6' '268.55895454890566' 'present']
 ['10' '287.70707294923903' 'present']
 ['0' '290.43254190862234' 'marauded']
 ['2' '308.9594918974486' 'marauded']
 ['5' '309.502459773147' 'presentdestroyed']
 ['19' '310.2222414704374' 'destroyed']
 ['10' '318.21062649436556' 'present']
 ['10' '319.6020881237696' 'marauded']
 ['10' '320.7779995196265' 'presentdestroyed']
 ['0' '329.59612861505093' 'marauded']
 ['6' '356.3769715983933' 'present']
 ['4' '357.6529861337706' 'marauded']]","[['F144' '55.87305021174336' 'mated']
 ['F182' '83.31535039602488' 'destroyed']
 ['F191' '115.49618167481283' 'absent']
 ['F82' '134.5167047938661' 'mated']
 ['F1' '164.39652469328948' 'mated']
 ['F84' '176.394398295305' 'mated']
 ['F206' '184.8228264519037' 'mated']
 ['F145' '198.2388338408491' 'absent']
 ['F130' '216.15884269475856' 'mated']
 ['F35' '225.47151258240692' 'mated']
 ['F22' '250.51865276427682' 'mated']
 ['F6' '272.1602599572508' 'mated']
 ['F113' '295.94578164444414' 'destroyed']
 ['F55' '345.46047790670184' 'absent']]",0.0,100.0,567.0,72.4194219459724,15.804374136845725,1384.0,236.8567701792015,51.42238914437541,291.0,50.77988992234248,11.035225902231176,0.0,0.0,0.0,0.0,0.0,0.0
2,0.054,11,360.39531122497,"[['6' '29.370578101763154' 'present']
 ['5' '29.795590041357613' 'present']
 ['4' '53.53022337549262' 'present']
 ['10' '55.81878907929387' 'present']
 ['18' '57.65395866239527' 'present']
 ['10' '58.11566179346848' 'present']
 ['0' '86.13515952855637' 'present']
 ['18' '86.17905512208264' 'present']
 ['6' '87.79058913926681' 'marauded']
 ['0' '89.97218240034641' 'presentdestroyed']
 ['19' '92.69850633531607' 'destroyed']
 ['3' '101.45880978783428' 'present']
 ['10' '113.40413240215965' 'present']
 ['6' '114.7787425240523' 'present']
 ['3' '118.87720642671447' 'marauded']
 ['5' '119.8011442684615' 'presentdestroyed']
 ['6' '124.6750595774905' 'presentdestroyed']
 ['19' '136.13034679368462' 'present']
 ['18' '141.10282953922797' 'present']
 ['6' '142.58460218786269' 'present']
 ['6' '148.47072246433336' 'present']
 ['18' '154.88282936738506' 'present']
 ['5' '163.53118793527645' 'present']
 ['5' '166.34475303433513' 'present']
 ['4' '178.02673893894777' 'present']
 ['4' '182.30481512571856' 'present']
 ['10' '198.60144565710635' 'present']
 ['6' '222.30195074382522' 'present']
 ['21' '237.82693725223555' 'present']
 ['6' '241.8369292810231' 'present']
 ['0' '249.2908124889151' 'present']
 ['19' '251.1729673093335' 'present']
 ['4' '277.7530580896149' 'present']
 ['5' '282.04137793182207' 'marauded']
 ['6' '294.9236431019556' 'present']
 ['19' '295.980984124344' 'present']
 ['19' '299.00360210699824' 'present']
 ['6' '306.7578263977272' 'present']
 ['0' '321.83632102082987' 'present']
 ['10' '353.9194899827171' 'present']]","[['F26' '33.3517599012805' 'mated']
 ['F48' '72.97247567516915' 'mated']
 ['F138' '106.57284382191942' 'mated']
 ['F30' '111.81396306505408' 'mated']
 ['F29' '115.35010042492588' 'mated']
 ['F199' '124.2963018433043' 'absentdestroyed']
 ['F163' '130.10615225731712' 'mated']
 ['F159' '134.40183728430313' 'mated']
 ['F149' '177.56474762496595' 'mated']
 ['F77' '227.9997250131378' 'mated']
 ['F185' '245.75391125739858' 'mated']
 ['F213' '343.2037025009321' 'mated']]",0.0,200.0,569.0,72.45037815786492,15.002461553810146,1586.0,265.93213270328687,57.00996939982921,104.0,18.158596173154297,3.874686287298854,26.0,2.600000000000001,0.2600000000000002,104.0,0.9700819952743589,0.01039523319615913
3,0.054,10,359.94272557912603,"[['21' '1.3513216298207014' 'marauded']
 ['4' '2.519596177350839' 'presentdestroyed']
 ['10' '3.8138020970162416' 'presentdestroyed']
 ['0' '8.56962527932555' 'presentdestroyed']
 ['18' '12.104469480120482' 'present']
 ['2' '15.123180433347446' 'present']
 ['5' '23.971763254347962' 'marauded']
 ['5' '30.829415465206864' 'presentdestroyed']
 ['5' '33.80674472586216' 'present']
 ['2' '38.78010766213902' 'present']
 ['2' '54.31057679347222' 'marauded']
 ['19' '64.57430660104764' 'marauded']
 ['6' '71.50586868700441' 'present']
 ['18' '94.19810907388256' 'present']
 ['19' '108.46347902241119' 'present']
 ['0' '110.5198661190708' 'present']
 ['6' '116.8498541286121' 'present']
 ['0' '130.59501904982926' 'marauded']
 ['4' '136.68299561535267' 'presentdestroyed']
 ['19' '136.9164653787815' 'presentdestroyed']
 ['21' '138.67985537698397' 'present']
 ['0' '147.1471574764259' 'present']
 ['6' '151.67447790269773' 'present']
 ['2' '155.20541844213852' 'marauded']
 ['0' '156.61862219705412' 'presentdestroyed']
 ['4' '162.14266993901762' 'destroyed']
 ['10' '187.69825713971832' 'present']
 ['10' '218.19882616256484' 'present']
 ['19' '242.92213915819502' 'present']
 ['10' '258.9751402612096' 'present']
 ['0' '273.16729497204017' 'marauded']
 ['2' '273.19667746577954' 'destroyed']
 ['0' '298.6337414173326' 'present']
 ['0' '311.78257152808555' 'marauded']
 ['21' '320.96857103006124' 'marauded']
 ['4' '340.002733652761' 'present']]","[['F110' '49.23764554153784' 'mated']
 ['F11' '80.1472116223361' 'mated']
 ['F182' '83.31072076639525' 'absent']
 ['F9' '91.5814691888042' 'mated']
 ['F190' '109.11691935472396' 'mated']
 ['F111' '130.59600211993114' 'absentdestroyed']
 ['F83' '139.795214562705' 'mated']
 ['F119' '149.26753288831532' 'mated']
 ['F45' '160.1973738054712' 'destroyed']
 ['F107' '175.3574898342942' 'mated']
 ['F137' '178.554435718309' 'absent']
 ['F145' '198.24346347047873' 'mated']
 ['F142' '203.71459819971406' 'absent']
 ['F61' '211.47026103574748' 'mated']
 ['F60' '227.19180329596958' 'absent']
 ['F12' '236.95900408044184' 'absent']
 ['F141' '350.2634785302383' 'mated']]",0.0,300.0,558.0,73.47556103728327,16.168445438904886,1355.0,229.49610458273074,49.36805994863718,315.0,54.980235593124526,12.122404704735148,14.0,1.4000000000000001,0.14000000000000007,68.0,0.6770426888405683,0.007415980795610432
4,0.054,6,360.09288118251914,"[['5' '7.671056898823564' 'present']
 ['19' '10.600782643336334' 'present']
 ['5' '19.77951475890263' 'present']
 ['21' '78.14770219749845' 'present']
 ['0' '88.15548324590759' 'present']
 ['10' '92.8613792362309' 'present']
 ['2' '98.6741008507099' 'marauded']
 ['6' '100.408709459803' 'presentdestroyed']
 ['10' '110.0465887036575' 'present']
 ['0' '114.63945970646694' 'present']
 ['0' '127.15949643078567' 'marauded']
 ['21' '139.09702872753965' 'present']
 ['18' '147.72585444080326' 'present']
 ['19' '148.33310334784971' 'present']
 ['2' '179.34069710949157' 'present']
 ['6' '184.57908109280575' 'present']
 ['3' '202.12179570526456' 'marauded']
 ['2' '213.69373504377674' 'marauded']
 ['19' '222.59644294228372' 'marauded']
 ['3' '234.99431836986545' 'present']
 ['2' '260.85547464470386' 'present']
 ['19' '266.4611600449584' 'present']
 ['19' '278.3439113595326' 'marauded']
 ['5' '284.706062115638' 'presentdestroyed']
 ['3' '307.6058001559027' 'marauded']
 ['5' '311.9328206681963' 'destroyed']
 ['2' '316.36506608081885' 'present']
 ['21' '343.78441429560525' 'present']]","[['F124' '98.86640892523742' 'destroyed']
 ['F198' '99.42615085274872' 'absentdestroyed']
 ['F3' '118.21039070182468' 'mated']
 ['F183' '124.19615531058265' 'mated']
 ['F116' '128.62623902620436' 'destroyed']
 ['F58' '169.90653351551862' 'mated']
 ['F127' '177.89695092630373' 'mated']
 ['F89' '192.18119047349765' 'mated']
 ['F203' '229.6329931404083' 'destroyed']
 ['F192' '231.02979845226696' 'mated']
 ['F129' '279.0185275578463' 'destroyed']]",100.0,0.0,566.0,71.36849606467058,15.98337250285988,1425.0,244.31330185892188,52.132290895683575,266.0,42.570118352376646,8.724077191707295,12.0,1.2,0.12000000000000005,73.0,0.6841974785637711,0.00728737997256516
5,0.054,3,360.3856963357519,"[['4' '3.46235953030006' 'present']
 ['18' '5.088449893314925' 'present']
 ['3' '18.98008130470333' 'present']
 ['6' '19.22897195273887' 'present']
 ['19' '23.02456124497578' 'present']
 ['18' '24.601510675036064' 'present']
 ['6' '34.06746591102347' 'present']
 ['10' '35.755262697577436' 'marauded']
 ['2' '48.41273828654541' 'marauded']
 ['2' '62.4165612539647' 'present']
 ['4' '70.33398236571911' 'present']
 ['6' '77.31249190680306' 'present']
 ['2' '82.20693815214138' 'present']
 ['10' '84.25449172814022' 'marauded']
 ['0' '84.76709797377738' 'presentdestroyed']
 ['10' '94.9647766995363' 'present']
 ['10' '99.30775735453017' 'marauded']
 ['21' '113.94273261985327' 'present']
 ['3' '122.29763282876544' 'marauded']
 ['0' '128.03019896962343' 'presentdestroyed']
 ['6' '129.32079564423387' 'destroyed']
 ['3' '147.07342387206032' 'present']
 ['18' '152.54767047970537' 'marauded']
 ['2' '159.44058221496712' 'presentdestroyed']
 ['0' '161.95179443315644' 'present']
 ['6' '169.16009575811142' 'present']
 ['0' '213.03241124579722' 'present']
 ['3' '223.1020423179995' 'marauded']
 ['0' '228.63607090086865' 'presentdestroyed']
 ['2' '240.85286049513303' 'present']
 ['4' '247.36662919878336' 'present']
 ['3' '256.95608833737384' 'marauded']
 ['6' '258.63380347420866' 'presentdestroyed']
 ['3' '263.9777744514393' 'present']
 ['4' '269.8925578939034' 'present']
 ['0' '271.2853208488973' 'present']
 ['21' '292.9671330651799' 'present']
 ['19' '312.29751896236667' 'marauded']
 ['10' '314.12621723853954' 'presentdestroyed']
 ['6' '321.07606939499243' 'present']
 ['2' '322.8467682964233' 'present']
 ['2' '327.21987498804634' 'present']]","[['F201' '49.754680284192084' 'destroyed']
 ['F25' '74.29453282890147' 'absent']
 ['F199' '124.2995754858098' 'destroyed']
 ['F23' '124.77127218823377' 'destroyed']
 ['F134' '182.6510512421716' 'mated']
 ['F206' '184.82051163708888' 'absent']
 ['F142' '203.7197742829953' 'mated']
 ['F196' '234.4102530034477' 'mated']
 ['F49' '256.8920663604963' 'absent']
 ['F200' '256.9955483514852' 'destroyed']]",100.0,100.0,563.0,69.45991994859605,13.92686665475171,1397.0,233.86575616262812,50.203508719870584,320.0,55.15760003543412,11.940422151459767,9.0,0.8999999999999999,0.09000000000000002,74.0,0.6914539309743017,0.007544581618655699
6,0.054,8,361.0394619752806,"[['18' '5.028051991040726' 'present']
 ['2' '76.80957577997084' 'present']
 ['2' '78.3293613363875' 'present']
 ['3' '120.772129117759' 'present']
 ['10' '125.10898934739069' 'present']
 ['0' '126.64034674658072' 'present']
 ['21' '148.4318302905022' 'present']
 ['0' '148.60803593460395' 'present']
 ['4' '164.9085628352445' 'present']
 ['19' '172.42250538091363' 'marauded']
 ['21' '200.74519470691425' 'present']
 ['4' '201.74490642380042' 'present']
 ['21' '210.31818374514563' 'present']
 ['19' '210.6943903469912' 'present']
 ['3' '218.48854671547375' 'present']
 ['4' '221.46275055859326' 'present']
 ['3' '228.10142588731344' 'present']
 ['2' '229.70393983944132' 'marauded']
 ['18' '233.45856590567095' 'destroyed']
 ['3' '237.0306860382718' 'presentdestroyed']
 ['19' '246.07201840391303' 'marauded']
 ['5' '249.06964975741934' 'presentdestroyed']
 ['4' '249.4133413923324' 'presentdestroyed']
 ['10' '253.2469401407551' 'presentdestroyed']
 ['10' '254.97497778702123' 'present']
 ['10' '285.19621786563164' 'present']
 ['4' '297.63423635137667' 'present']
 ['10' '316.29650082186345' 'present']
 ['10' '316.8083741041278' 'present']
 ['21' '337.84940248206743' 'present']
 ['5' '353.2430788290011' 'present']]","[['F168' '65.89555164336157' 'mated']
 ['F57' '103.66563582614481' 'absent']
 ['F94' '112.49518877026429' 'mated']
 ['F111' '130.59927576243663' 'mated']
 ['F209' '141.9155097175569' 'mated']
 ['F37' '149.07372358727315' 'mated']
 ['F69' '155.07519272469509' 'mated']
 ['F24' '171.75556334780902' 'mated']
 ['F17' '183.8869172073959' 'absent']
 ['F20' '204.398088990102' 'mated']]",100.0,200.0,564.0,71.38776611750882,15.527728060326545,1602.0,269.1737551301325,57.444185307508846,110.0,18.128991597037615,3.9169431209196905,7.0,0.7,0.07,90.0,0.8505093044933986,0.009430727023319624
7,0.0,8,359.93994302222984,"[['2' '7.003645128656194' 'present']
 ['10' '13.378283272747588' 'present']
 ['2' '28.466771555631794' 'present']
 ['0' '39.31674560932734' 'marauded']
 ['6' '42.19113356813679' 'destroyed']
 ['4' '47.64323984924573' 'present']
 ['5' '47.74113909106026' 'present']
 ['4' '77.96516862382207' 'present']
 ['6' '79.19146606198385' 'present']
 ['19' '81.17841464042822' 'present']
 ['0' '107.88662093705231' 'present']
 ['18' '111.46485896526093' 'present']
 ['0' '123.5990425822038' 'marauded']
 ['19' '137.7608834250115' 'present']
 ['0' '143.0048820752167' 'present']
 ['3' '150.01364956290237' 'present']
 ['19' '152.7540819532302' 'present']
 ['2' '161.10754556948964' 'present']
 ['4' '166.4393236427883' 'present']
 ['0' '168.71862171653564' 'present']
 ['18' '171.30032275546475' 'present']
 ['2' '177.0753748248932' 'present']
 ['19' '177.63437291570486' 'present']
 ['6' '185.55023163732446' 'present']
 ['0' '197.1506298949218' 'present']
 ['19' '200.67378550759196' 'present']
 ['4' '200.7198694901801' 'present']
 ['6' '204.21707398972137' 'present']
 ['10' '208.625247188062' 'present']
 ['10' '214.82085931384785' 'present']
 ['10' '217.36570813218083' 'present']
 ['3' '222.79180322126626' 'present']
 ['19' '239.19905930413168' 'present']
 ['10' '252.59870917976406' 'present']
 ['5' '266.3210398147206' 'present']
 ['0' '289.057238545908' 'present']
 ['0' '307.8150775821948' 'present']
 ['5' '326.87227067696415' 'marauded']]","[['F72' '91.19892960577485' 'absent']
 ['F112' '106.48483530045733' 'mated']
 ['F91' '119.78927803354306' 'mated']
 ['F116' '128.62392421138955' 'destroyed']
 ['F88' '144.357215581936' 'mated']
 ['F62' '147.05988512172587' 'mated']
 ['F162' '149.6179384678344' 'mated']
 ['F104' '154.0106700414482' 'absent']
 ['F0' '155.20950503094087' 'mated']
 ['F85' '173.68684634355571' 'mated']
 ['F193' '226.80841792104152' 'mated']]",100.0,300.0,562.0,69.99152945496841,14.721318606034234,1593.0,271.81347208834427,58.36043769146235,122.0,18.197113163814677,3.519570427871063,0.0,0.0,0.0,0.0,0.0,0.0
8,0.0,8,360.2418675175497,"[['2' '11.445660849629068' 'present']
 ['2' '17.457200606424898' 'marauded']
 ['10' '23.005627883050316' 'presentdestroyed']
 ['21' '32.05715876965586' 'present']
 ['2' '53.77976683093868' 'present']
 ['19' '57.53883890287115' 'present']
 ['6' '65.42123697083089' 'present']
 ['5' '74.30925709201148' 'present']
 ['19' '79.36490091780416' 'present']
 ['18' '95.94233501796732' 'marauded']
 ['0' '105.65266023991062' 'marauded']
 ['0' '107.3150641506113' 'presentdestroyed']
 ['6' '109.08950187902693' 'destroyed']
 ['6' '116.7058335496678' 'present']
 ['0' '126.31628222364662' 'present']
 ['2' '139.37106836290735' 'marauded']
 ['3' '170.52748730941423' 'present']
 ['21' '203.02753024102054' 'present']
 ['5' '204.891486647979' 'present']
 ['18' '207.4150679612266' 'present']
 ['10' '215.35735081989623' 'present']
 ['19' '225.362875051463' 'present']
 ['3' '227.81297733780067' 'present']
 ['3' '229.90061023192365' 'present']
 ['4' '248.49220025183385' 'present']
 ['18' '261.42963366177406' 'present']
 ['10' '274.6045645966272' 'marauded']
 ['19' '284.13326806167197' 'present']
 ['19' '306.41534845119276' 'present']
 ['0' '310.41372329481896' 'present']
 ['2' '324.25277576539' 'present']
 ['5' '325.6457476242686' 'present']
 ['2' '328.22287234450664' 'present']
 ['3' '347.67363677409946' 'present']
 ['5' '353.9583313233707' 'present']]","[['F201' '49.757953926697574' 'mated']
 ['F184' '122.23689294262819' 'mated']
 ['F102' '141.10113438623785' 'absentdestroyed']
 ['F120' '160.89480694111396' 'mated']
 ['F81' '161.97010628620387' 'absent']
 ['F76' '177.18559604844873' 'mated']
 ['F137' '178.55961180159025' 'mated']
 ['F17' '183.89209329067714' 'mated']
 ['F204' '184.84521267105367' 'mated']
 ['F21' '317.9037800908227' 'mated']]",200.0,0.0,560.0,68.46283763620961,13.2984686576344,1516.0,260.9548194467787,56.43045113940284,178.0,30.88766645020835,6.739382388248573,0.0,0.0,0.0,0.0,0.0,0.0
9,0.0,4,360.45841084001955,"[['2' '21.798799079866427' 'present']
 ['18' '24.761908076784366' 'present']
 ['0' '41.086232202679156' 'present']
 ['18' '42.20643734161426' 'present']
 ['18' '57.552946223975745' 'present']
 ['18' '70.29910664681867' 'marauded']
 ['5' '74.67298633424906' 'presentdestroyed']
 ['4' '78.59915344085191' 'present']
 ['2' '81.41372663949831' 'present']
 ['0' '89.4170616136872' 'present']
 ['0' '90.36449481578894' 'present']
 ['6' '107.28624952754247' 'present']
 ['18' '111.4773551357185' 'marauded']
 ['0' '118.04399374399917' 'presentdestroyed']
 ['19' '124.49444574701194' 'present']
 ['4' '140.1480983869382' 'present']
 ['6' '144.78079508214756' 'present']
 ['0' '146.07371618113697' 'marauded']
 ['4' '168.11546849320467' 'present']
 ['18' '172.30256284565797' 'present']
 ['18' '187.71437991250926' 'present']
 ['2' '187.86779604369974' 'present']
 ['0' '210.05215603760638' 'present']
 ['10' '210.60614594603388' 'present']
 ['10' '214.39501368041996' 'present']
 ['3' '215.21880182225888' 'present']
 ['2' '220.63684548795746' 'marauded']
 ['18' '237.2937441069205' 'marauded']
 ['3' '238.73616882668435' 'presentdestroyed']
 ['19' '239.87353252669962' 'destroyed']
 ['19' '241.24337586601123' 'presentdestroyed']
 ['5' '252.83438047438764' 'marauded']
 ['10' '259.8230782832126' 'presentdestroyed']
 ['4' '260.1405946205529' 'presentdestroyed']
 ['6' '271.0715672759652' 'present']
 ['18' '275.9199631027896' 'present']
 ['2' '291.15563254573664' 'present']
 ['10' '307.7974589312235' 'present']
 ['0' '309.359100169179' 'present']
 ['18' '315.820329529633' 'present']
 ['0' '320.17674303809156' 'present']
 ['0' '324.18924923064645' 'present']
 ['18' '334.05657751190824' 'present']
 ['5' '341.539221225459' 'present']
 ['5' '354.8547540139329' 'present']]","[['F118' '40.90883593630006' 'mated']
 ['F56' '147.68648536107338' 'destroyed']
 ['F106' '155.18277541138772' 'mated']
 ['F132' '174.41893213280457' 'mated']
 ['F161' '255.79296811646518' 'absentdestroyed']
 ['F49' '256.89438117531114' 'destroyed']
 ['F129' '279.02180120035183' 'mated']
 ['F63' '296.2653609980313' 'absent']]",200.0,100.0,549.0,69.16647155650692,14.720451408630849,1488.0,254.04203366446615,54.790062477780545,217.0,36.85187615196033,8.089465882211503,0.0,0.0,0.0,0.0,0.0,0.0
10,0.054,6,360.6092022784419,"[['4' '0.508795459886519' 'present']
 ['21' '6.260631458192363' 'present']
 ['18' '12.094663767209603' 'present']
 ['2' '20.712292779870484' 'present']
 ['5' '27.533000713575813' 'present']
 ['4' '41.860837341597644' 'present']
 ['4' '43.60581456468067' 'present']
 ['21' '49.29394436072' 'present']
 ['2' '77.43306678933034' 'present']
 ['2' '84.34845272059209' 'marauded']
 ['21' '112.8853696742237' 'present']
 ['5' '120.57762915237511' 'present']
 ['19' '123.52596061458578' 'present']
 ['3' '124.82613050635013' 'present']
 ['2' '134.97558323762033' 'present']
 ['0' '145.3396506575571' 'marauded']
 ['2' '160.57355096010022' 'marauded']
 ['6' '169.44491594606816' 'present']
 ['4' '182.0178326452318' 'present']
 ['3' '217.7739458756954' 'present']
 ['0' '219.43501927541578' 'present']
 ['3' '222.414449284877' 'present']
 ['3' '233.87621559667926' 'present']
 ['2' '236.07397812813934' 'marauded']
 ['0' '244.0897127369947' 'marauded']
 ['4' '244.3988529444477' 'destroyed']
 ['6' '245.8089874166119' 'presentdestroyed']
 ['18' '249.38703425289694' 'presentdestroyed']
 ['4' '249.42314710524326' 'presentdestroyed']
 ['5' '277.6936374643238' 'present']
 ['3' '292.8426051041735' 'marauded']
 ['3' '297.74093259595867' 'presentdestroyed']
 ['0' '322.09405552941865' 'marauded']
 ['18' '323.4864864761044' 'presentdestroyed']
 ['2' '332.49644680550534' 'present']
 ['0' '332.74209255929384' 'marauded']
 ['2' '337.971165155149' 'destroyed']
 ['21' '342.3648329726158' 'present']
 ['5' '359.26016833113925' 'marauded']]","[['F115' '28.31516183975953' 'mated']
 ['F108' '115.10267667291494' 'mated']
 ['F133' '123.02630851892789' 'mated']
 ['F56' '147.68417054625857' 'destroyed']
 ['F52' '195.7379661818703' 'absent']
 ['F41' '267.6414376013859' 'mated']
 ['F33' '291.6949597205207' 'mated']
 ['F135' '321.3015261930257' 'mated']]",200.0,200.0,555.0,72.42881687411749,15.939646318876592,1394.0,236.106822138999,50.536319011013255,293.0,49.682586760655596,10.787685062513692,11.0,1.0999999999999999,0.11000000000000004,81.0,0.7326419768930007,0.0075445816186556994
11,0.0,10,360.61220997973226,"[['4' '30.912213549786316' 'present']
 ['19' '49.514887350948875' 'present']
 ['3' '51.65517500607954' 'marauded']
 ['3' '73.3556028919795' 'marauded']
 ['18' '107.22415527676061' 'present']
 ['5' '110.98635152545586' 'present']
 ['6' '113.38394830802335' 'marauded']
 ['21' '115.75798987092277' 'presentdestroyed']
 ['6' '118.42497301867512' 'presentdestroyed']
 ['5' '119.79269454267475' 'destroyed']
 ['21' '123.61331976135952' 'present']
 ['10' '126.57508615083538' 'present']
 ['18' '131.67313239661877' 'present']
 ['2' '133.21071443384494' 'present']
 ['6' '141.6852780245166' 'marauded']
 ['19' '147.49910809162344' 'presentdestroyed']
 ['19' '150.78516425556572' 'marauded']
 ['18' '157.7021417485469' 'destroyed']
 ['10' '159.78857818466332' 'present']
 ['0' '168.57648239918348' 'present']
 ['4' '172.77008712260442' 'present']
 ['3' '172.95835737880506' 'present']
 ['10' '182.28664375974512' 'present']
 ['6' '186.97937479931284' 'present']
 ['21' '196.949592136708' 'present']
 ['0' '201.29115559675677' 'present']
 ['18' '219.4178832197108' 'present']
 ['3' '219.76554790694985' 'present']
 ['2' '224.32132352500994' 'present']
 ['5' '271.3631427002513' 'present']
 ['21' '282.6139645776709' 'present']
 ['2' '289.90760148593495' 'present']
 ['0' '306.1706195291432' 'present']
 ['0' '312.12363663302887' 'present']
 ['6' '326.58139107162975' 'present']
 ['2' '327.34412830049683' 'present']
 ['18' '333.28585290542316' 'present']
 ['10' '353.5668326754813' 'present']
 ['19' '354.58070183302453' 'present']]","[['F147' '19.73901567543259' 'absent']
 ['F144' '55.86650292673237' 'destroyed']
 ['F25' '74.28935674562021' 'destroyed']
 ['F67' '100.07268074590603' 'mated']
 ['F13' '101.69985193625578' 'mated']
 ['F32' '148.82559714000112' 'mated']
 ['F104' '154.01911976723494' 'destroyed']
 ['F207' '163.97949863900192' 'mated']
 ['F70' '195.3188682208787' 'mated']
 ['F52' '195.7402809966851' 'absent']
 ['F131' '212.16480584609005' 'mated']
 ['F80' '242.383488473471' 'mated']
 ['F7' '260.8734238295833' 'mated']
 ['F113' '295.9523289294551' 'mated']
 ['F154' '330.42033076696833' 'absent']
 ['F164' '355.44717382473897' 'mated']]",200.0,300.0,560.0,72.70211076301229,14.971602298827834,1528.0,257.1521722339566,55.31247588835257,183.0,30.355428235431326,6.341568134404319,0.0,0.0,0.0,0.0,0.0,0.0
12,0.0,13,360.2221500015819,"[['21' '0.005176083281249513' 'present']
 ['2' '4.270817002150946' 'present']
 ['6' '6.8755943355938' 'present']
 ['19' '20.045100898489316' 'present']
 ['18' '21.795851200014862' 'present']
 ['18' '23.54523303429457' 'present']
 ['21' '29.511830502746598' 'present']
 ['4' '36.519814017272495' 'marauded']
 ['2' '47.88868553596944' 'present']
 ['6' '72.5670971065634' 'present']
 ['0' '84.77731606072732' 'present']
 ['21' '89.6154491100572' 'present']
 ['21' '91.37363187194697' 'present']
 ['3' '96.04813506427766' 'present']
 ['3' '107.66002929033563' 'present']
 ['6' '120.78305272900052' 'present']
 ['6' '121.78596317991574' 'present']
 ['0' '122.10565467314315' 'present']
 ['10' '128.79801454392273' 'present']
 ['2' '145.0339515397616' 'marauded']
 ['4' '145.43950908253183' 'presentdestroyed']
 ['18' '176.8744517043819' 'present']
 ['19' '181.62032554634723' 'present']
 ['4' '184.8413975314447' 'present']
 ['21' '191.4096628278714' 'present']
 ['18' '204.77995973425425' 'present']
 ['4' '209.87040540688636' 'present']
 ['4' '210.29354918478197' 'present']
 ['10' '217.3572584063941' 'present']
 ['6' '223.68207952470772' 'present']
 ['5' '255.33583079542518' 'present']
 ['5' '282.32783385594723' 'present']
 ['2' '292.9195636538746' 'present']
 ['2' '312.74545139147193' 'marauded']
 ['10' '315.88778625079976' 'presentdestroyed']
 ['0' '320.0663466449167' 'presentdestroyed']]","[['F147' '19.742289317938084' 'mated']
 ['F54' '37.44578945749795' 'absentdestroyed']
 ['F182' '83.3226704832012' 'mated']
 ['F198' '99.43078048237835' 'mated']
 ['F57' '103.68555608372691' 'mated']
 ['F102' '141.10344920105265' 'absent']
 ['F104' '154.026610665331' 'mated']
 ['F114' '159.52834586465892' 'absent']
 ['F202' '171.59408474095022' 'mated']
 ['F194' '185.2115123908447' 'mated']
 ['F5' '199.85323325188665' 'mated']
 ['F34' '201.5815489957553' 'mated']
 ['F68' '215.61414115143657' 'mated']
 ['F166' '258.7922119461454' 'mated']
 ['F38' '340.8275418376592' 'mated']
 ['F18' '349.14699970899005' 'mated']]",300.0,0.0,560.0,68.24552922551621,14.086966479739253,1593.0,273.22936915583034,58.945747365831835,106.0,18.532519860092584,4.22311101470401,0.0,0.0,0.0,0.0,0.0,0.0
13,0.0,9,360.39158170264227,"[['2' '27.847696378277597' 'present']
 ['21' '30.83954743346256' 'present']
 ['2' '31.538705436396334' 'present']
 ['10' '40.0651905330928' 'present']
 ['18' '52.16288806764446' 'present']
 ['19' '67.906568146572' 'present']
 ['21' '90.03363813375177' 'present']
 ['2' '104.90672454748142' 'present']
 ['3' '107.89452608632372' 'present']
 ['4' '120.66565855953716' 'marauded']
 ['0' '126.57718714948008' 'presentdestroyed']
 ['18' '133.54025408760666' 'present']
 ['18' '176.88290143016863' 'marauded']
 ['3' '193.74286903535858' 'marauded']
 ['2' '202.68775167967655' 'present']
 ['19' '219.4811247358365' 'present']
 ['18' '220.9634364801827' 'present']
 ['0' '224.37920844629835' 'marauded']
 ['18' '251.31674871120538' 'marauded']
 ['18' '251.62488617141616' 'presentdestroyed']
 ['10' '257.5103162254078' 'presentdestroyed']
 ['10' '271.13805979654967' 'present']
 ['4' '272.60929706558363' 'marauded']
 ['10' '277.60268401957387' 'presentdestroyed']
 ['19' '280.8957742937082' 'present']
 ['0' '301.1686579197856' 'marauded']
 ['6' '301.4161892395991' 'presentdestroyed']
 ['19' '328.52127303648325' 'present']]","[['F187' '2.6265337285971326' 'mated']
 ['F100' '23.29483910087595' 'mated']
 ['F25' '74.28418066233895' 'absent']
 ['F4' '120.6207999108415' 'absent']
 ['F14' '139.8452158073116' 'mated']
 ['F93' '150.85849076727487' 'mated']
 ['F104' '154.02429585051618' 'absent']
 ['F45' '160.2057199889792' 'mated']
 ['F195' '163.8861960499016' 'mated']
 ['F86' '211.78387934202192' 'mated']
 ['F203' '229.63816922368954' 'destroyed']
 ['F103' '234.96293825973862' 'mated']
 ['F12' '236.96863898243296' 'mated']]",300.0,100.0,552.0,71.77162510948466,15.54268015279652,1418.0,245.71838012473535,53.89053925326947,250.0,42.568194404372484,9.10561172170534,0.0,0.0,0.0,0.0,0.0,0.0
14,0.0,10,359.9857466532265,"[['6' '14.500716343893997' 'present']
 ['10' '27.246641373988993' 'present']
 ['6' '50.82856446571205' 'present']
 ['18' '58.934095133268144' 'present']
 ['21' '62.78563129614328' 'present']
 ['18' '73.08989549563961' 'present']
 ['21' '74.22948961784343' 'present']
 ['2' '107.42777976840965' 'marauded']
 ['10' '121.7810181797859' 'marauded']
 ['18' '139.1993490934579' 'present']
 ['6' '150.95829123146066' 'present']
 ['0' '158.303821125226' 'present']
 ['3' '171.93649639563554' 'present']
 ['19' '184.02031486806322' 'present']
 ['21' '186.96402545269453' 'present']
 ['2' '189.90600859415056' 'present']
 ['3' '195.77113966291026' 'present']
 ['3' '222.3144225487076' 'present']
 ['3' '238.75003619887164' 'present']
 ['19' '239.86371159918315' 'present']
 ['5' '271.3527905336888' 'present']
 ['19' '295.8725343985572' 'marauded']
 ['0' '314.95221592098665' 'present']
 ['5' '323.13658981628845' 'present']
 ['21' '343.79476646216773' 'present']
 ['3' '349.10480003278053' 'present']
 ['18' '351.00262403886967' 'present']
 ['5' '352.17330330425915' 'present']
 ['21' '357.4638646459146' 'present']]","[['F96' '58.346594938768504' 'mated']
 ['F126' '95.47567857148378' 'mated']
 ['F57' '103.67026545577444' 'absent']
 ['F163' '130.09920781287266' 'absent']
 ['F211' '144.70813475342734' 'mated']
 ['F160' '158.3397282503979' 'mated']
 ['F121' '181.01737508515484' 'mated']
 ['F139' '184.031519384004' 'mated']
 ['F92' '197.22747607537605' 'absent']
 ['F214' '204.0303000882161' 'mated']
 ['F175' '204.65320033755776' 'mated']
 ['F12' '236.96632416761815' 'absent']
 ['F117' '241.46044199108792' 'mated']
 ['F178' '272.6331747838596' 'mated']]",300.0,200.0,567.0,69.56089218760022,13.782093654483003,1595.0,272.0350821052218,57.68319133850406,105.0,18.410408616921714,4.030091793400159,0.0,0.0,0.0,0.0,0.0,0.0
15,0.0,9,360.2323720429578,"[['4' '10.13691941735346' 'present']
 ['2' '12.845883988231536' 'marauded']
 ['4' '15.533652641353976' 'presentdestroyed']
 ['18' '22.313168758540964' 'present']
 ['6' '31.544470404342256' 'marauded']
 ['2' '52.171449727677405' 'marauded']
 ['19' '53.3042919153562' 'destroyed']
 ['6' '81.0418133207427' 'marauded']
 ['19' '84.66629628504671' 'presentdestroyed']
 ['19' '84.67092591467633' 'presentdestroyed']
 ['3' '96.2444416239445' 'present']
 ['21' '108.40811654330535' 'present']
 ['18' '114.98190459512341' 'present']
 ['6' '120.58930864563045' 'marauded']
 ['10' '122.91097796372186' 'presentdestroyed']
 ['19' '137.77014268427078' 'present']
 ['0' '139.9855944019324' 'marauded']
 ['19' '173.37515552707669' 'present']
 ['10' '174.86844976056275' 'present']
 ['18' '177.13800711386347' 'marauded']
 ['21' '183.39694856203047' 'presentdestroyed']
 ['21' '203.5293326667153' 'present']
 ['21' '205.71403964233252' 'present']
 ['10' '216.11323682081013' 'marauded']
 ['6' '221.59514910590178' 'presentdestroyed']
 ['5' '222.26072929058583' 'presentdestroyed']
 ['2' '226.4877453455875' 'present']
 ['0' '244.3815508189632' 'present']
 ['0' '246.68045571021563' 'present']
 ['2' '295.2017284920822' 'present']
 ['19' '305.63100704156176' 'marauded']
 ['6' '309.0613676402842' 'presentdestroyed']
 ['3' '332.3573997805736' 'present']
 ['19' '333.30902499910565' 'present']
 ['2' '353.89605754070857' 'present']]","[['F31' '26.692389702601876' 'mated']
 ['F54' '37.44810427231277' 'destroyed']
 ['F25' '74.30108011391245' 'mated']
 ['F188' '114.63974881067077' 'mated']
 ['F50' '121.23862631712623' 'destroyed']
 ['F211' '144.70581993861254' 'destroyed']
 ['F176' '172.11376941184167' 'mated']
 ['F19' '172.95184258582194' 'mated']
 ['F121' '181.01506027034003' 'destroyed']
 ['F10' '197.6438350281521' 'mated']
 ['F186' '236.14625186563563' 'mated']
 ['F53' '271.08729346966334' 'mated']
 ['F75' '291.78697233103765' 'mated']]",300.0,300.0,570.0,68.56311140309002,13.895565081614565,1414.0,236.58821917132778,50.04788630126179,314.0,54.92332740269159,12.197649057577836,0.0,0.0,0.0,0.0,0.0,0.0
16,0.0,13,360.4400995291123,"[['5' '10.759977051139662' 'present']
 ['6' '33.74783567042711' 'present']
 ['19' '47.78770270931168' 'present']
 ['4' '60.1209041778844' 'marauded']
 ['3' '103.38640058629866' 'marauded']
 ['3' '117.08110363241244' 'present']
 ['18' '131.86223812779537' 'present']
 ['10' '141.31853585679966' 'present']
 ['0' '144.17001622744482' 'marauded']
 ['6' '144.31326391947982' 'presentdestroyed']
 ['21' '151.0659753709535' 'destroyed']
 ['19' '159.65819200281018' 'marauded']
 ['6' '161.04054206039984' 'presentdestroyed']
 ['21' '164.34073749263638' 'presentdestroyed']
 ['5' '181.74071434549796' 'present']
 ['6' '190.92933664068698' 'present']
 ['21' '212.0530826268263' 'marauded']
 ['6' '213.51529022261008' 'presentdestroyed']
 ['0' '219.06156999351316' 'presentdestroyed']
 ['2' '226.77718219639007' 'present']
 ['0' '235.28463053391093' 'present']
 ['5' '236.1183541604755' 'present']
 ['5' '245.89136774941653' 'present']
 ['3' '263.41771522168693' 'marauded']
 ['2' '272.30266278645826' 'present']
 ['19' '278.1325579753249' 'present']
 ['19' '279.3935191002763' 'present']
 ['6' '309.0478453734949' 'present']
 ['6' '309.87594943596304' 'present']
 ['5' '321.56679222018886' 'present']
 ['2' '330.18164175123366' 'present']
 ['21' '337.4850912555362' 'present']
 ['3' '351.9292270308877' 'present']
 ['3' '359.63079551021866' 'present']]","[['F197' '20.151541665354678' 'mated']
 ['F54' '37.45137791481826' 'mated']
 ['F27' '80.71755044048932' 'mated']
 ['F28' '91.68654632100197' 'mated']
 ['F66' '116.5670720959859' 'mated']
 ['F156' '124.47757764081868' 'absent']
 ['F140' '127.06710036010713' 'mated']
 ['F16' '141.42425287326253' 'mated']
 ['F88' '144.3493123098009' 'destroyed']
 ['F39' '145.5411949835041' 'destroyed']
 ['F153' '172.42078289917978' 'mated']
 ['F155' '187.9341085270036' 'mated']
 ['F146' '192.41340816693173' 'mated']
 ['F46' '208.85654693971296' 'mated']
 ['F97' '210.87966355836534' 'mated']
 ['F200' '257.0028684386615' 'mated']]",400.0,0.0,560.0,70.51082308312584,14.307565236678272,1529.0,252.80862808239382,53.45168444142794,205.0,36.824690296416364,8.113197883446912,0.0,0.0,0.0,0.0,0.0,0.0
17,0.0,12,360.09546346223595,"[['5' '11.50004458863206' 'present']
 ['19' '13.105387247165194' 'present']
 ['5' '25.672609172908334' 'present']
 ['18' '34.35448210479111' 'present']
 ['10' '42.270165630985474' 'present']
 ['3' '52.202523382532846' 'present']
 ['4' '54.743466716485656' 'marauded']
 ['3' '75.57151389258858' 'present']
 ['18' '98.83820963162817' 'present']
 ['6' '116.19568722318887' 'present']
 ['21' '137.01642282423913' 'present']
 ['2' '144.3858275934232' 'present']
 ['18' '148.10793394279946' 'marauded']
 ['18' '148.21256357242908' 'destroyed']
 ['2' '155.06729809940805' 'presentdestroyed']
 ['2' '181.24072312313476' 'present']
 ['0' '187.11802250017485' 'present']
 ['0' '199.87392930167732' 'present']
 ['3' '200.94703403490732' 'present']
 ['10' '204.14209265737347' 'present']
 ['21' '258.02946464694577' 'present']
 ['21' '275.8953678569573' 'marauded']
 ['6' '298.54599573385764' 'present']
 ['19' '321.1408283353425' 'present']
 ['6' '330.2357940167785' 'present']
 ['6' '330.9407197642884' 'present']
 ['21' '334.4419769231682' 'present']
 ['21' '334.84092274882636' 'present']
 ['5' '337.7148698772747' 'present']
 ['4' '351.42052022954806' 'present']]","[['F99' '53.997288766765834' 'mated']
 ['F51' '112.89390391893657' 'mated']
 ['F56' '147.691114990703' 'mated']
 ['F114' '159.5386980312214' 'mated']
 ['F81' '161.97528236948511' 'mated']
 ['F212' '163.06438025821774' 'mated']
 ['F101' '182.9892812737542' 'mated']
 ['F43' '215.77081524720234' 'mated']
 ['F98' '243.40694874890644' 'mated']
 ['F215' '273.5607589728903' 'mated']
 ['F64' '306.8940640212862' 'mated']
 ['F55' '345.46510753633146' 'mated']]",400.0,100.0,562.0,69.61930044156355,15.128576549605723,1611.0,272.01719167907044,57.7550714598399,110.0,18.371158926203893,3.809036838807116,0.0,0.0,0.0,0.0,0.0,0.0
18,0.054,10,360.0747880980529,"[['5' '8.045693574116955' 'present']
 ['21' '19.07447545089127' 'present']
 ['0' '31.448892155369958' 'present']
 ['2' '37.998941674059' 'present']
 ['6' '50.14962891734791' 'present']
 ['19' '56.54142372892368' 'present']
 ['19' '61.58424625431854' 'marauded']
 ['3' '94.3570981924917' 'present']
 ['3' '99.71763829012522' 'present']
 ['6' '128.25935391583718' 'present']
 ['4' '179.09380308281493' 'marauded']
 ['0' '187.77070861974937' 'present']
 ['3' '195.7586434924527' 'present']
 ['5' '196.38956295549775' 'marauded']
 ['21' '208.0755202893373' 'marauded']
 ['2' '212.6684195636062' 'presentdestroyed']
 ['0' '249.2796355742745' 'present']
 ['2' '250.61412178011176' 'present']
 ['4' '266.26447554351324' 'present']
 ['19' '279.91487707020923' 'present']
 ['10' '280.6119851708889' 'present']
 ['4' '286.87938868170994' 'present']
 ['3' '291.52718706410445' 'present']
 ['6' '295.70145022869053' 'present']
 ['19' '308.0088548977004' 'marauded']
 ['10' '308.2900838283239' 'presentdestroyed']
 ['6' '313.75834952259726' 'destroyed']
 ['6' '318.5800111317595' 'present']
 ['19' '339.61652775751014' 'marauded']]","[['F4' '120.62407355334699' 'absent']
 ['F199' '124.30689557298611' 'mated']
 ['F40' '135.42764843248733' 'mated']
 ['F152' '138.97374324522332' 'mated']
 ['F162' '149.61061838065808' 'absent']
 ['F123' '154.15217938668056' 'mated']
 ['F120' '160.88825965610297' 'absent']
 ['F208' '163.0004713058011' 'mated']
 ['F132' '174.40871404585462' 'absent']
 ['F87' '196.23673669570633' 'mated']
 ['F169' '265.3911985846831' 'mated']
 ['F105' '280.0151997878986' 'mated']
 ['F78' '288.9303496085605' 'mated']
 ['F154' '330.4255068502496' 'mated']
 ['F38' '340.822365754378' 'destroyed']
 ['F151' '346.8576604860201' 'destroyed']]",400.0,200.0,567.0,69.03626034556315,13.399864766824656,1478.0,251.71204041623866,53.962756011276525,227.0,37.045754143986244,7.912830587278535,16.0,1.6000000000000003,0.1600000000000001,87.0,0.7834230376973094,0.00782321673525378
19,0.054,13,360.5201543892451,"[['5' '1.1538263653877159' 'marauded']
 ['18' '7.656822590293846' 'presentdestroyed']
 ['6' '15.142099685523167' 'present']
 ['4' '32.30017581731533' 'marauded']
 ['2' '33.83607307974885' 'destroyed']
 ['21' '38.49152440955658' 'presentdestroyed']
 ['6' '43.39077834916022' 'present']
 ['21' '74.23984178440594' 'present']
 ['18' '82.4015454154942' 'present']
 ['10' '99.65854350463212' 'marauded']
 ['4' '108.51232203351913' 'present']
 ['10' '108.73093511840466' 'marauded']
 ['2' '113.93044622628986' 'destroyed']
 ['0' '121.30696841462559' 'present']
 ['10' '134.3065538112771' 'present']
 ['5' '146.97644804838527' 'present']
 ['2' '159.69095586777337' 'marauded']
 ['5' '168.94966927422075' 'present']
 ['21' '174.06901275256624' 'present']
 ['10' '176.9244694887482' 'present']
 ['21' '184.5477827126077' 'present']
 ['4' '187.42914115500892' 'marauded']
 ['5' '192.55593227776566' 'presentdestroyed']
 ['18' '207.0552205973466' 'present']
 ['21' '215.246419261323' 'present']
 ['2' '234.8842905453674' 'present']
 ['4' '262.7483213960706' 'present']
 ['10' '270.3736038541581' 'marauded']
 ['2' '280.4423140402446' 'present']
 ['3' '289.76035780976883' 'present']
 ['2' '327.2283247138331' 'present']
 ['4' '329.5004998252649' 'present']
 ['21' '335.42181452563875' 'present']
 ['21' '346.07545463670124' 'present']
 ['5' '353.0365332478886' 'present']]","[['F179' '11.16172388430773' 'absent']
 ['F172' '48.17358604267327' 'mated']
 ['F125' '64.55698459824885' 'mated']
 ['F156' '124.47989245563349' 'mated']
 ['F210' '137.91477926159453' 'mated']
 ['F102' '141.10672284355815' 'mated']
 ['F39' '145.54350979831892' 'mated']
 ['F95' '153.32460282616526' 'mated']
 ['F92' '197.23074971788154' 'mated']
 ['F60' '227.1964329255992' 'mated']
 ['F203' '229.6506653941471' 'mated']
 ['F189' '244.82238509418255' 'mated']
 ['F33' '291.6897836372395' 'absent']
 ['F63' '296.2719082830423' 'mated']
 ['F158' '337.1186617950828' 'mated']]",400.0,300.0,563.0,70.19089183707484,14.692746194127817,1419.0,244.95428667663555,53.38035084257596,242.0,42.75519418238903,9.159900948703411,14.0,1.4000000000000001,0.14000000000000007,83.0,0.7900182631214112,0.008551954732510294
20,0.0,11,360.2168585146291,"[['18' '4.13755777782797' 'present']
 ['18' '20.096212738514716' 'marauded']
 ['10' '48.552571093134425' 'present']
 ['2' '59.14184220614231' 'present']
 ['10' '65.500239471612' 'present']
 ['5' '79.65599077287166' 'present']
 ['2' '84.98599913323129' 'present']
 ['0' '94.17449755824663' 'marauded']
 ['0' '104.69712640067674' 'present']
 ['5' '121.05148214980588' 'present']
 ['18' '124.90424403843315' 'present']
 ['6' '129.31193354440808' 'present']
 ['6' '139.954307309371' 'present']
 ['3' '140.7878745482444' 'present']
 ['6' '154.1709109761476' 'present']
 ['0' '165.11956031759422' 'present']
 ['4' '184.1902919962615' 'present']
 ['0' '186.15391163637176' 'present']
 ['5' '192.892578447984' 'present']
 ['0' '196.87024019759022' 'present']
 ['21' '212.4566795704284' 'marauded']
 ['21' '216.99802471993328' 'presentdestroyed']
 ['19' '248.5631552681549' 'present']
 ['19' '252.68918265613217' 'present']
 ['5' '253.26638885736114' 'present']
 ['10' '259.81241728488976' 'present']
 ['18' '263.03268050672057' 'present']
 ['5' '284.8533797512283' 'present']
 ['18' '289.0253231400833' 'present']
 ['3' '294.27322976420066' 'present']
 ['19' '320.1411416051195' 'present']
 ['2' '358.634152986261' 'present']]","[['F54' '37.441159827868326' 'absent']
 ['F65' '61.21560500634717' 'mated']
 ['F72' '91.2041056890561' 'mated']
 ['F4' '120.62924963662824' 'mated']
 ['F180' '137.72723872673683' 'mated']
 ['F157' '145.15924328258023' 'mated']
 ['F71' '176.00121048591532' 'mated']
 ['F44' '187.97243273337594' 'mated']
 ['F109' '193.3090826082501' 'mated']
 ['F15' '223.33057341781853' 'mated']
 ['F161' '255.8002882036415' 'mated']
 ['F151' '346.86283656930135' 'mated']]",500.0,0.0,564.0,68.86602356450224,13.345423757655729,1591.0,272.83639026086973,59.02507933843492,101.0,18.456279173323,4.129031226097052,0.0,0.0,0.0,0.0,0.0,0.0
21,0.054,8,360.4082359318425,"[['4' '19.0693650421795' 'present']
 ['3' '19.156050145499798' 'present']
 ['5' '19.39149783843629' 'present']
 ['10' '33.85456337703307' 'present']
 ['6' '49.78702850836734' 'marauded']
 ['18' '74.70448013201238' 'present']
 ['10' '76.38389954269792' 'present']
 ['4' '92.27153671328709' 'present']
 ['2' '111.149102788072' 'present']
 ['2' '118.19960859437688' 'present']
 ['6' '120.57895647906794' 'present']
 ['4' '123.50559591688635' 'present']
 ['19' '150.77535854265486' 'present']
 ['19' '151.4837792693392' 'present']
 ['3' '166.5855752247879' 'present']
 ['10' '175.36632034715714' 'present']
 ['19' '178.58409297754667' 'present']
 ['10' '205.83282352206294' 'present']
 ['6' '218.26298788061774' 'present']
 ['5' '218.7037803867789' 'present']
 ['2' '219.38693799971517' 'marauded']
 ['0' '261.3998367715167' 'present']
 ['0' '267.2871293601026' 'marauded']
 ['3' '269.064714109685' 'presentdestroyed']
 ['0' '285.25278525508844' 'marauded']
 ['18' '305.96250866381627' 'marauded']
 ['18' '307.6329995746455' 'presentdestroyed']
 ['19' '316.07666903102717' 'present']
 ['18' '347.9207270442642' 'marauded']
 ['18' '355.5381096128135' 'present']
 ['0' '355.6220359138962' 'present']]","[['F165' '105.01977348637173' 'mated']
 ['F191' '115.49849648962764' 'mated']
 ['F50' '121.24517360213721' 'mated']
 ['F184' '122.22957285545188' 'absent']
 ['F23' '124.7759018178634' 'mated']
 ['F59' '154.8056156404952' 'mated']
 ['F150' '164.56136444909586' 'mated']
 ['F132' '174.4119876883601' 'absent']
 ['F170' '218.6191569701679' 'mated']
 ['F41' '267.6341175142096' 'destroyed']
 ['F90' '342.61896896472905' 'mated']]",500.0,100.0,566.0,71.98690175643209,14.954978729961757,1474.0,250.1416769068093,53.53091134083435,205.0,36.56228550792938,8.272407067805092,7.0,0.7,0.07,70.0,0.6715461930686231,0.007244513031550073
22,0.0,8,360.7910505499667,"[['2' '6.202477155111573' 'present']
 ['6' '9.26793192167124' 'present']
 ['10' '19.694465894399293' 'present']
 ['5' '29.810159632477966' 'marauded']
 ['4' '47.534377749419924' 'marauded']
 ['2' '54.658044410668936' 'presentdestroyed']
 ['2' '65.10092631082313' 'marauded']
 ['4' '81.00531094452087' 'present']
 ['19' '93.0967401439705' 'present']
 ['2' '112.32176610863206' 'present']
 ['0' '115.37776444869729' 'present']
 ['21' '118.15814207153326' 'present']
 ['0' '128.8725799492639' 'present']
 ['4' '168.7101155047966' 'present']
 ['19' '176.72265075729644' 'present']
 ['2' '192.63915303809247' 'marauded']
 ['4' '193.89281951763377' 'destroyed']
 ['2' '206.63967570322416' 'present']
 ['10' '213.2682272771302' 'present']
 ['19' '214.97381614396835' 'present']
 ['0' '228.6276211750819' 'present']
 ['5' '233.43159667620762' 'present']
 ['18' '260.18882977804765' 'present']
 ['10' '264.70161683895145' 'present']
 ['10' '269.8075518121612' 'marauded']
 ['18' '273.2514036889442' 'destroyed']
 ['19' '293.1310353818625' 'present']
 ['6' '299.71759995934264' 'present']
 ['6' '311.5538470876068' 'present']
 ['4' '319.8062816259129' 'present']
 ['21' '332.3578899735637' 'marauded']
 ['21' '337.20736213067255' 'presentdestroyed']
 ['3' '341.9517189071503' 'present']
 ['6' '353.1260668724239' 'present']]","[['F179' '11.164997526813222' 'mated']
 ['F124' '98.8729562102484' 'mated']
 ['F174' '114.1356796066298' 'mated']
 ['F116' '128.63278631121534' 'mated']
 ['F171' '165.9278167786102' 'mated']
 ['F167' '184.24253465474703' 'mated']
 ['F177' '238.03837279821715' 'mated']
 ['F128' '240.92252857580013' 'mated']]",500.0,200.0,563.0,70.3991247935383,14.97348228292224,1497.0,253.1430379782719,53.36345575997115,221.0,36.661863425406686,7.626756949799214,0.0,0.0,0.0,0.0,0.0,0.0
23,0.0,6,360.1444907196996,"[['0' '40.12635875147527' 'present']
 ['5' '45.15224580251752' 'present']
 ['18' '45.78859517724208' 'marauded']
 ['2' '84.99444885901804' 'present']
 ['5' '92.49676274216634' 'present']
 ['0' '150.66533356089317' 'present']
 ['18' '155.33793028883468' 'marauded']
 ['2' '164.04334899780278' 'present']
 ['4' '164.98027616217774' 'present']
 ['4' '195.45191429103815' 'present']
 ['18' '195.97069072897457' 'present']
 ['5' '199.19876233629438' 'present']
 ['19' '199.77304257696844' 'marauded']
 ['6' '213.5017679558208' 'present']
 ['2' '221.16659469961937' 'present']
 ['3' '223.20953321609554' 'present']
 ['18' '228.42971262970897' 'present']
 ['21' '235.95271844131625' 'present']
 ['18' '241.06002158558456' 'present']
 ['18' '249.230394502608' 'present']
 ['2' '313.08062433024077' 'marauded']
 ['4' '328.7562450246131' 'present']
 ['3' '332.3666590398329' 'marauded']
 ['18' '338.4739931247855' 'presentdestroyed']
 ['21' '341.2950927479519' 'present']]","[['F181' '86.64308285657663' 'mated']
 ['F79' '114.85606250268229' 'mated']
 ['F42' '118.87196654289966' 'mated']
 ['F205' '140.5573167153016' 'mated']
 ['F148' '142.39120117099975' 'mated']
 ['F114' '159.53352194794016' 'destroyed']
 ['F19' '172.94721295619232' 'absent']
 ['F5' '199.8480571686054' 'absentdestroyed']
 ['F131' '212.1578614016456' 'absent']
 ['F73' '252.26555906443542' 'mated']
 ['F38' '340.81909211187246' 'absent']]",500.0,300.0,553.0,69.38451742770236,14.619316522221029,1516.0,260.06918321391026,56.335684862780504,186.0,30.625572220739638,6.470440871553701,0.0,0.0,0.0,0.0,0.0,0.0
