id,probability_maraud,successful_mating,next_foraging_time,mar_attempts,mate_attempts,x_pos,y_pos,foraging_events,foraging_hrs,foraging_sqhrs,staying_events,staying_hrs,staying_sqhrs,repairing_events,repairing_hrs,repairing_sqhrs,marauding_events,marauding_hrs,marauding_sqhrs,traveling_events,traveling_hrs,traveling_sqhrs
0,0.0,12,360.2623159307381,[],"[['F134' '65.6579348026996' 'mated']
 ['F59' '105.32979261333212' 'absent']
 ['F165' '117.83677010836125' 'mated']
 ['F86' '128.31692374503595' 'mated']
 ['F23' '143.3017930130199' 'absent']
 ['F97' '169.63167613242828' 'mated']
 ['F152' '173.7095890043722' 'mated']
 ['F160' '193.65486613438327' 'mated']
 ['F30' '197.79943281772293' 'mated']
 ['F192' '201.76409432780542' 'mated']
 ['F93' '249.48165130865738' 'mated']
 ['F202' '257.607999203879' 'mated']
 ['F116' '259.98086398160046' 'mated']
 ['F12' '260.28566697654605' 'mated']]",0.0,0.0,564.0,72.97813598462936,15.517206640687842,1709.0,287.0552178627894,60.668017395570445,0.0,0.0,0.0,0.0,0.0,0.0,0.0,0.0,0.0
1,0.0,6,360.16352597938834,"[['2' '10.78750779413727' 'marauded']
 ['21' '11.434673487800529' 'presentdestroyed']
 ['21' '11.480969784096827' 'presentdestroyed']
 ['2' '16.56409676767065' 'presentdestroyed']
 ['21' '22.866200037175364' 'present']
 ['21' '25.41466644491565' 'present']
 ['21' '26.952449335576617' 'present']
 ['2' '27.5985071271248' 'marauded']
 ['2' '42.97882389623715' 'present']
 ['21' '43.8182890272925' 'present']
 ['2' '63.199068147852074' 'marauded']
 ['21' '81.15542532356928' 'present']
 ['21' '106.77489255771556' 'present']
 ['2' '118.40324436809328' 'present']
 ['21' '118.5049662108946' 'present']
 ['21' '123.78003432972721' 'present']
 ['2' '134.70565949444725' 'present']
 ['21' '146.1691641098923' 'present']
 ['2' '162.2527032548625' 'marauded']
 ['21' '162.96370438524124' 'presentdestroyed']
 ['2' '163.7634302793589' 'presentdestroyed']
 ['21' '169.9803650683934' 'presentdestroyed']
 ['21' '181.22659832265416' 'marauded']
 ['2' '183.376163633846' 'presentdestroyed']
 ['2' '185.39509337025825' 'presentdestroyed']
 ['2' '192.96529188820924' 'present']
 ['21' '199.6304322068022' 'present']
 ['2' '206.4602446436663' 'present']
 ['2' '218.46109800183083' 'marauded']
 ['21' '219.0743993376487' 'presentdestroyed']
 ['21' '226.4653884569885' 'present']
 ['21' '238.16056247211264' 'present']
 ['2' '240.600031575818' 'present']
 ['2' '243.72487106511605' 'present']
 ['21' '243.85489592114322' 'present']
 ['21' '245.52394764820994' 'present']
 ['2' '254.96695546986078' 'present']
 ['21' '277.5394846171597' 'present']
 ['2' '284.8379200659634' 'present']
 ['21' '286.86982155327837' 'present']
 ['21' '288.241643437047' 'marauded']
 ['21' '296.484460454649' 'marauded']
 ['21' '299.44504307136276' 'presentdestroyed']
 ['2' '306.344553188154' 'present']
 ['2' '309.8656445753837' 'present']
 ['2' '315.5825916495445' 'present']
 ['2' '317.26690700684554' 'present']
 ['21' '323.1431595785941' 'marauded']
 ['2' '324.91970700549837' 'presentdestroyed']
 ['21' '330.04750328076517' 'presentdestroyed']
 ['2' '331.6117544219302' 'present']
 ['2' '334.7577812206467' 'present']
 ['21' '335.40081821618696' 'present']
 ['21' '336.4672839468794' 'present']
 ['2' '343.27090667760115' 'present']]","[['F134' '65.63478665455145' 'destroyed']
 ['F37' '73.37934519953123' 'absent']
 ['F59' '105.30664446518396' 'absent']
 ['F150' '112.51726129141532' 'absent']
 ['F165' '117.8136219602131' 'absent']
 ['F56' '124.56986212958557' 'mated']
 ['F171' '140.18622442572968' 'mated']
 ['F99' '200.307096345919' 'mated']
 ['F25' '201.25162172926883' 'mated']
 ['F68' '233.14559038043546' 'absent']
 ['F16' '242.94947031088242' 'mated']
 ['F1' '256.258094271053' 'mated']]",0.0,1000.0,553.0,69.11406775131496,15.101903307399965,1386.0,236.0989665890044,50.702468322182646,319.0,54.847229716380966,12.161703782195861,0.0,0.0,0.0,0.0,0.0,0.0
2,0.054,10,360.7665769656464,"[['21' '117.57677080155766' 'present']
 ['21' '221.81519921799523' 'present']]","[['F37' '73.35619705138308' 'absent']
 ['F37' '73.40249334767938' 'absent']
 ['F37' '85.44878964397569' 'mated']
 ['F61' '123.05692891133643' 'mated']
 ['F113' '148.08666594053676' 'mated']
 ['F40' '149.997838783741' 'mated']
 ['F138' '168.81422225281958' 'mated']
 ['F78' '174.05932444020345' 'mated']
 ['F99' '188.19135560517825' 'absent']
 ['F99' '188.28394819777085' 'absent']
 ['F67' '191.87758037508783' 'mated']
 ['F45' '194.97697989317257' 'mated']
 ['F131' '253.57909064635157' 'mated']
 ['F95' '265.8883564944615' 'absent']
 ['F57' '292.7147651873337' 'mated']]",0.0,2000.0,569.0,73.62953070097002,16.01592531006333,1666.0,279.89968921213136,59.40602567467103,0.0,0.0,0.0,19.0,1.9000000000000006,0.1900000000000001,98.0,4.652096359918457,0.2229080932784632
3,0.0,9,360.5918676039997,"[['2' '15.900152264584364' 'marauded']
 ['2' '32.76975020619643' 'present']
 ['2' '56.32532151655416' 'present']
 ['2' '57.10177604938866' 'present']
 ['2' '67.74001277980352' 'present']
 ['2' '78.69796150295828' 'present']
 ['2' '108.60813251744611' 'present']
 ['2' '127.94980194343493' 'marauded']
 ['2' '128.95708664433974' 'destroyed']
 ['2' '142.9601028666965' 'present']
 ['2' '164.13094715448094' 'present']
 ['2' '168.61401955770353' 'marauded']
 ['2' '270.683106173238' 'present']
 ['2' '285.7122923411737' 'present']
 ['2' '312.2338201028356' 'present']
 ['2' '326.3503681007427' 'present']
 ['2' '330.5771719873841' 'present']]","[['F37' '73.42564149582753' 'absent']
 ['F72' '81.54166105545555' 'mated']
 ['F14' '122.5637892349834' 'mated']
 ['F63' '145.85195288743816' 'mated']
 ['F154' '151.06064061127415' 'mated']
 ['F96' '156.1685576141777' 'mated']
 ['F138' '168.79107410467142' 'destroyed']
 ['F152' '173.68644085622404' 'absentdestroyed']
 ['F136' '175.18464492031856' 'destroyed']
 ['F99' '188.2145037533264' 'absent']
 ['F99' '188.2608000496227' 'absent']
 ['F17' '191.60797245792074' 'mated']
 ['F160' '193.63171798623512' 'absent']
 ['F30' '197.77628466957478' 'absent']
 ['F212' '259.0014455454259' 'mated']
 ['F54' '265.77494133375274' 'mated']
 ['F28' '312.5839184869954' 'mated']]",0.0,3000.0,564.0,69.91724701019052,14.639850827037165,1608.0,271.8613102602734,58.41766184761963,99.0,18.26462592436536,4.259124332765609,0.0,0.0,0.0,0.0,0.0,0.0
4,0.0,5,360.1596331089423,"[['8' '2.4438605151125987' 'present']
 ['8' '55.96928824797787' 'marauded']
 ['8' '60.93057331183666' 'presentdestroyed']
 ['8' '73.70620685659301' 'present']
 ['8' '75.96086981693232' 'present']
 ['8' '77.61929646708262' 'present']
 ['8' '88.71091712691214' 'marauded']
 ['8' '99.99774804310739' 'marauded']
 ['8' '116.96598791155444' 'present']
 ['8' '123.36895251344194' 'present']
 ['8' '131.2780244046331' 'present']
 ['8' '142.71092725639005' 'present']
 ['8' '164.98024055902312' 'marauded']
 ['8' '240.59403029074969' 'present']
 ['8' '272.58527243757715' 'present']
 ['8' '272.8298394641147' 'present']
 ['8' '289.33909131248066' 'present']
 ['8' '313.012004829531' 'present']
 ['8' '322.5804848931888' 'marauded']
 ['8' '357.27100545680037' 'present']]","[['F98' '37.82578364249692' 'absent']
 ['F23' '143.32494116116806' 'absent']
 ['F42' '163.7152592948479' 'absent']
 ['F43' '184.03516353135197' 'mated']
 ['F139' '189.24243866546922' 'mated']
 ['F195' '194.5505502665198' 'mated']
 ['F161' '214.22071074091673' 'mated']
 ['F22' '245.3641907022335' 'mated']]",1000.0,0.0,561.0,74.81928085270685,16.353423503900817,1496.0,254.8331916963226,55.49244549330823,172.0,30.525757783981607,6.704844641824178,0.0,0.0,0.0,0.0,0.0,0.0
5,0.0,5,360.0921711113741,[['2' '351.1183886946378' 'present']],"[['F150' '112.54040943956348' 'mated']
 ['F109' '128.83026105338803' 'mated']
 ['F6' '173.95076992071017' 'mated']
 ['F68' '233.16873852858362' 'mated']
 ['F133' '275.62640344273814' 'mated']]",1000.0,1000.0,568.0,71.55087286513617,15.042345043175924,1684.0,288.621559719704,62.04360160852664,0.0,0.0,0.0,0.0,0.0,0.0,0.0,0.0,0.0
6,0.0,6,360.56349483112234,"[['2' '16.770091920481484' 'present']
 ['2' '38.61580889487573' 'marauded']
 ['2' '46.33321570853085' 'present']
 ['2' '46.70968419152384' 'present']
 ['2' '48.12493944151839' 'present']
 ['2' '81.57759973296172' 'marauded']
 ['2' '106.34656303671484' 'present']
 ['2' '110.04871760579039' 'present']
 ['2' '126.17615495430958' 'marauded']
 ['2' '157.125048534467' 'marauded']
 ['2' '178.11943783306637' 'present']
 ['2' '178.85123522964733' 'present']
 ['2' '179.89230172707366' 'present']
 ['2' '185.01272311608437' 'present']
 ['2' '187.69165471142662' 'present']
 ['2' '200.76953822621527' 'present']
 ['2' '205.90973442034218' 'present']
 ['2' '213.3109847406283' 'present']
 ['2' '216.10217390841075' 'present']
 ['2' '217.14895404316297' 'present']
 ['2' '240.0230917830716' 'present']
 ['2' '249.5661837947817' 'marauded']
 ['2' '257.4390536393058' 'marauded']
 ['2' '285.9013395946364' 'present']
 ['2' '311.70032951109255' 'marauded']
 ['2' '322.49464331351186' 'present']
 ['2' '327.18920909758896' 'present']]","[['F188' '8.510065129529774' 'mated']
 ['F53' '140.93800129188236' 'mated']
 ['F34' '145.23991768492525' 'absent']
 ['F105' '237.37899356311206' 'mated']
 ['F73' '254.73926624720613' 'destroyed']
 ['F168' '258.04264959146957' 'destroyed']
 ['F95' '265.91150464260966' 'mated']
 ['F80' '275.2942700440268' 'mated']
 ['F122' '293.62013467591896' 'mated']
 ['F28' '312.5376221906991' 'destroyed']]",1000.0,2000.0,571.0,67.9325913439459,13.136724336072731,1488.0,249.38550051645183,53.03420225237145,254.0,42.69575760744565,9.088244752971457,0.0,0.0,0.0,0.0,0.0,0.0
7,0.0,8,360.46459756970745,[['2' '197.009323530312' 'marauded']],"[['F210' '62.01724454098923' 'mated']
 ['F111' '114.54483371109269' 'mated']
 ['F170' '131.99195672865187' 'mated']
 ['F23' '143.3480893093162' 'mated']
 ['F42' '163.73840744299605' 'mated']
 ['F136' '175.2077930684667' 'mated']
 ['F99' '188.23765190147455' 'absent']
 ['F114' '224.15092474678949' 'mated']
 ['F100' '226.17676128957152' 'mated']
 ['F28' '312.56077033884725' 'absent']
 ['F181' '323.61985997522925' 'absent']]",1000.0,3000.0,573.0,71.78716195338987,14.464684583178382,1665.0,282.0545449031445,59.80539353299401,33.0,6.183678019731613,1.4340308987044743,0.0,0.0,0.0,0.0,0.0,0.0
8,0.054,10,360.29622624870797,[],"[['F149' '9.977156131496766' 'mated']
 ['F98' '37.84893179064507' 'mated']
 ['F135' '49.24859846343016' 'mated']
 ['F48' '161.1886478402574' 'mated']
 ['F106' '200.9603403959321' 'mated']
 ['F161' '214.19756259276858' 'absent']
 ['F118' '234.22654724235184' 'mated']
 ['F50' '240.01237146353165' 'mated']
 ['F18' '249.57085804406296' 'mated']
 ['F201' '263.13735464977924' 'mated']
 ['F44' '297.6284959440759' 'mated']]",2000.0,0.0,571.0,71.69850514317223,15.198739884260895,1650.0,281.54334281470835,60.49185806714911,0.0,0.0,0.0,20.0,2.0000000000000004,0.20000000000000012,103.0,4.768518518518524,0.22076474622770872
9,0.0,8,360.3524367582922,"[['13' '24.44803111597578' 'marauded']
 ['8' '33.429364594386875' 'present']
 ['13' '35.20131564125407' 'present']
 ['13' '40.147392489315905' 'present']
 ['8' '47.55900781147375' 'present']
 ['13' '51.378687216077246' 'present']
 ['13' '65.92436026591182' 'marauded']
 ['8' '68.4314579882788' 'presentdestroyed']
 ['13' '77.6223030443189' 'present']
 ['13' '78.02055746106876' 'marauded']
 ['8' '86.18507307354676' 'present']
 ['13' '90.08659837107018' 'present']
 ['13' '100.636641119943' 'present']
 ['8' '103.4131583128406' 'present']
 ['8' '106.60489636209978' 'present']
 ['13' '120.23215588541167' 'marauded']
 ['13' '125.76190221253346' 'presentdestroyed']
 ['13' '129.6159266359298' 'marauded']
 ['8' '165.63573624834166' 'present']
 ['8' '172.37237846116489' 'marauded']
 ['8' '172.80564513589115' 'presentdestroyed']
 ['8' '174.29168074672245' 'presentdestroyed']
 ['8' '177.2291876457954' 'presentdestroyed']
 ['8' '188.40734142578563' 'present']
 ['8' '188.7520505630967' 'present']
 ['8' '236.42118505347426' 'present']
 ['13' '242.0641543003299' 'present']
 ['8' '242.31659292006628' 'present']
 ['8' '250.68766851318978' 'marauded']
 ['8' '266.18213359502704' 'present']
 ['8' '268.9760775764524' 'present']
 ['14' '287.89719084090524' 'present']
 ['13' '295.2565040093927' 'marauded']
 ['8' '300.4042831784155' 'presentdestroyed']
 ['13' '305.98578109266555' 'present']
 ['13' '311.4158790948347' 'present']
 ['13' '317.18288276252736' 'present']
 ['13' '318.4034265734171' 'present']
 ['8' '349.6581897597569' 'present']
 ['13' '353.20770126472115' 'present']]","[['F79' '78.14351691982405' 'destroyed']
 ['F15' '117.32032206659312' 'mated']
 ['F162' '140.94226271238472' 'mated']
 ['F36' '164.0750281434701' 'absent']
 ['F6' '173.92762177256202' 'absentdestroyed']
 ['F119' '173.94374314386917' 'absentdestroyed']
 ['F128' '185.85153293393788' 'mated']
 ['F81' '204.91191137281191' 'mated']
 ['F41' '269.5906772092249' 'mated']
 ['F32' '288.39386896087865' 'mated']
 ['F190' '336.37162884018886' 'mated']
 ['F151' '353.04326346483856' 'mated']]",2000.0,1000.0,571.0,68.53162914107682,13.495811100425268,1446.0,243.17051716452892,52.13860326740719,289.0,48.35001281938653,10.164156887967584,0.0,0.0,0.0,0.0,0.0,0.0
10,0.0,13,360.18828415468937,"[['14' '3.8072743531231357' 'present']
 ['13' '14.155907450912993' 'present']
 ['14' '26.048525212225055' 'present']
 ['14' '29.16508410177627' 'marauded']
 ['14' '30.435158134133932' 'presentdestroyed']
 ['14' '50.411876176966736' 'present']
 ['14' '53.01431893428542' 'present']
 ['13' '75.41115028335838' 'present']
 ['14' '141.47765601298735' 'present']
 ['14' '152.74967306326138' 'present']
 ['14' '164.3420811600435' 'marauded']
 ['14' '190.29131721361776' 'present']
 ['14' '197.14082059044384' 'present']
 ['13' '217.4547224144503' 'present']
 ['14' '223.3761717903859' 'marauded']
 ['14' '231.91507611541024' 'present']
 ['14' '249.16936994564358' 'present']
 ['14' '259.50715859427135' 'present']
 ['14' '264.2886904338255' 'marauded']
 ['14' '265.32996770453246' 'presentdestroyed']
 ['14' '277.43533948103084' 'present']
 ['13' '293.81290722134247' 'marauded']
 ['14' '333.12224117332124' 'present']
 ['14' '339.65549567482725' 'present']
 ['14' '350.24604685569074' 'present']]","[['F55' '20.66947623921538' 'mated']
 ['F180' '24.918351528408827' 'mated']
 ['F184' '74.47544737993141' 'mated']
 ['F198' '81.99545870913217' 'mated']
 ['F127' '139.0558904672991' 'mated']
 ['F117' '139.9092718302563' 'mated']
 ['F34' '145.2630658330734' 'mated']
 ['F148' '149.86159127421698' 'mated']
 ['F36' '164.09817629161824' 'mated']
 ['F174' '210.31594875854972' 'mated']
 ['F155' '239.51600549815015' 'absent']
 ['F73' '254.76241439535428' 'mated']
 ['F168' '258.0657977396177' 'mated']
 ['F76' '280.2789787860345' 'mated']]",2000.0,2000.0,550.0,70.19520058547842,14.480129968820906,1515.0,259.16458959098253,55.93228334429384,184.0,30.791269867361393,6.5261311198845995,0.0,0.0,0.0,0.0,0.0,0.0
11,0.0,12,360.3505049028738,"[['8' '16.338027792633877' 'marauded']
 ['8' '19.470040599973988' 'destroyed']
 ['8' '19.914875768411036' 'presentdestroyed']
 ['8' '26.24170120411151' 'present']
 ['8' '29.12509713537419' 'present']
 ['8' '38.190569577085505' 'present']
 ['8' '41.49211470600779' 'present']
 ['8' '45.92874719076319' 'present']
 ['8' '53.70159055072274' 'present']
 ['8' '56.22418646922991' 'present']
 ['8' '58.14902001755224' 'marauded']
 ['8' '78.30316881466088' 'marauded']
 ['8' '93.51448683528105' 'present']
 ['8' '104.76086731591728' 'marauded']
 ['8' '106.68821919722352' 'presentdestroyed']
 ['8' '115.45036277520005' 'present']
 ['8' '124.82238180858245' 'present']
 ['8' '135.83864486290523' 'present']
 ['8' '145.90271389282466' 'marauded']
 ['8' '158.6052225851177' 'present']
 ['8' '167.59041773468743' 'present']
 ['8' '173.7495119099332' 'present']
 ['8' '178.2062921929396' 'present']
 ['8' '193.719020384988' 'present']
 ['8' '196.14343370879368' 'present']
 ['8' '208.17320727691055' 'present']
 ['8' '233.75643744330822' 'present']
 ['8' '244.36356775403098' 'present']
 ['8' '245.02233204836512' 'present']
 ['8' '262.30323062983734' 'present']
 ['8' '274.8906047148212' 'present']
 ['8' '284.0154208943723' 'present']
 ['8' '294.75930483209635' 'present']
 ['8' '308.3826664820121' 'present']
 ['8' '328.79176966534783' 'present']
 ['8' '357.12470916050404' 'marauded']
 ['8' '357.3173017530967' 'destroyed']]","[['F129' '5.30488376496515' 'mated']
 ['F87' '66.88342567373893' 'mated']
 ['F51' '162.65366424229367' 'mated']
 ['F185' '181.14681663109417' 'mated']
 ['F153' '193.03194857399023' 'mated']
 ['F115' '200.44847280024507' 'mated']
 ['F21' '203.94086452759805' 'mated']
 ['F176' '210.23527942851257' 'mated']
 ['F114' '224.12777659864133' 'absent']
 ['F100' '226.15361314142336' 'absent']
 ['F155' '239.5391536462983' 'mated']
 ['F20' '242.83038792350263' 'mated']
 ['F186' '299.0988859837398' 'mated']
 ['F181' '323.6430081233774' 'mated']]",2000.0,3000.0,566.0,68.39782581984967,13.15469900238316,1491.0,258.88420607110424,55.76408873797043,194.0,32.73551917493042,6.949444940966392,0.0,0.0,0.0,0.0,0.0,0.0
12,0.0,6,360.79662077555366,"[['8' '16.085619073944375' 'present']
 ['13' '16.855853943180122' 'present']
 ['8' '25.225542735838154' 'present']
 ['8' '25.998335733068167' 'present']
 ['13' '33.89981879121085' 'present']
 ['8' '51.34173494258402' 'present']
 ['8' '67.12255837546373' 'marauded']
 ['8' '72.2469485332119' 'presentdestroyed']
 ['8' '81.17275300469908' 'present']
 ['13' '92.26037385543917' 'marauded']
 ['13' '94.7437132320931' 'presentdestroyed']
 ['8' '106.36111116601639' 'present']
 ['8' '127.04723945589465' 'present']
 ['13' '134.91438293667443' 'present']
 ['8' '143.59224763429947' 'present']
 ['8' '150.92002811092485' 'present']
 ['8' '159.93344551316366' 'marauded']
 ['8' '186.9055064838645' 'present']
 ['8' '190.8625171710772' 'present']
 ['13' '206.17685794431017' 'present']
 ['13' '208.21115760716353' 'present']
 ['13' '219.58934265961858' 'present']
 ['8' '221.01919314404492' 'present']
 ['8' '224.41006195678128' 'marauded']
 ['8' '236.6261380322152' 'marauded']
 ['8' '247.0433061088336' 'marauded']
 ['13' '248.64759711009847' 'presentdestroyed']
 ['13' '253.97449914550583' 'destroyed']
 ['13' '260.4840876125937' 'marauded']
 ['8' '261.2273850445928' 'presentdestroyed']
 ['8' '265.15787980311035' 'destroyed']
 ['13' '269.5468480288848' 'present']
 ['8' '271.46760197832083' 'present']
 ['8' '275.64201203612294' 'marauded']
 ['13' '284.02774664634103' 'marauded']
 ['13' '297.95500326803955' 'present']
 ['8' '305.8735432428941' 'present']
 ['13' '314.65562917167404' 'present']
 ['8' '320.1869261839898' 'present']
 ['13' '331.6650668728611' 'present']
 ['8' '336.2590462088135' 'marauded']
 ['8' '344.1791430723633' 'destroyed']
 ['13' '350.55790253077475' 'present']
 ['13' '354.3826779528927' 'present']]","[['F75' '41.407027139448665' 'mated']
 ['F189' '42.093071992555615' 'mated']
 ['F119' '173.9764795689241' 'mated']
 ['F147' '181.2866170940268' 'mated']
 ['F161' '214.17441444462042' 'absent']
 ['F132' '227.95901878061088' 'absentdestroyed']
 ['F50' '239.9892233153835' 'absentdestroyed']
 ['F20' '242.7976514984477' 'destroyed']
 ['F112' '278.70381967940284' 'destroyed']
 ['F74' '319.9392249112499' 'mated']
 ['F211' '359.48242749282434' 'mated']]",3000.0,0.0,582.0,71.14168598351796,15.632355496146127,1356.0,227.72683400576838,48.38415348021002,370.0,61.264020255061055,13.231432662712983,0.0,0.0,0.0,0.0,0.0,0.0
13,0.054,14,359.8430842775953,"[['14' '54.202270473514346' 'present']
 ['14' '59.473039444459275' 'present']
 ['14' '97.83687700969145' 'present']
 ['14' '142.00948691652343' 'marauded']
 ['14' '156.66801110928145' 'present']
 ['14' '157.77320635960987' 'present']
 ['14' '159.46487591377877' 'present']
 ['14' '174.36322945651148' 'marauded']
 ['14' '184.4096033206353' 'marauded']
 ['14' '225.6989662134255' 'present']
 ['14' '229.1974882009332' 'present']
 ['14' '231.96137241170655' 'present']
 ['14' '238.054211216303' 'present']
 ['14' '247.45272105234798' 'present']
 ['14' '255.45703817666825' 'present']
 ['14' '257.4998268597734' 'present']]","[['F182' '66.32336368695952' 'mated']
 ['F108' '70.91667580632738' 'mated']
 ['F79' '78.1666650679722' 'mated']
 ['F159' '92.00146259678934' 'mated']
 ['F19' '127.13069118628417' 'mated']
 ['F107' '128.35090288656173' 'mated']
 ['F92' '152.1094195830797' 'mated']
 ['F142' '153.22209581759148' 'mated']
 ['F33' '181.7961708110735' 'destroyed']
 ['F146' '190.49503675890537' 'destroyed']
 ['F64' '203.57490898097004' 'mated']
 ['F24' '213.9992949018897' 'mated']
 ['F2' '242.945830562585' 'mated']
 ['F156' '245.09036949996533' 'mated']
 ['F71' '266.1892488693508' 'mated']
 ['F103' '286.9814794110632' 'mated']]",3000.0,1000.0,564.0,74.39376846099853,16.076985399495705,1555.0,261.7547039656648,55.81637010016731,111.0,18.245021912415847,3.824296262175665,19.0,1.9000000000000006,0.1900000000000001,78.0,3.706993880178956,0.17789780521261983
14,0.054,8,360.44963054865104,"[['13' '16.41196421540929' 'marauded']
 ['13' '17.81381288302821' 'destroyed']
 ['13' '22.43376643337761' 'presentdestroyed']
 ['13' '39.773592047009195' 'marauded']
 ['13' '71.21499363760702' 'present']
 ['13' '75.9836408456767' 'marauded']
 ['13' '99.34377728449542' 'present']
 ['13' '102.1890882573385' 'marauded']
 ['13' '112.48702990215114' 'present']
 ['13' '119.05266520405496' 'present']
 ['13' '126.5973332183764' 'present']
 ['13' '149.4587963981821' 'present']
 ['13' '219.01387771963118' 'present']
 ['13' '233.86188842120592' 'present']
 ['13' '239.62178908091363' 'present']
 ['13' '283.1633704617631' 'present']
 ['13' '288.5212019185148' 'present']
 ['13' '294.2870215789616' 'marauded']
 ['13' '309.5445662075503' 'marauded']
 ['13' '326.48070478478525' 'present']
 ['13' '350.65049512336736' 'marauded']]","[['F180' '24.89520338026068' 'absent']
 ['F200' '102.61726503461182' 'destroyed']
 ['F163' '116.51793243739817' 'mated']
 ['F9' '156.3978198527891' 'mated']
 ['F33' '181.81931895922165' 'mated']
 ['F4' '182.33741825530862' 'mated']
 ['F196' '183.4113360879207' 'mated']
 ['F60' '187.72972570808395' 'mated']
 ['F13' '192.7031768642299' 'mated']
 ['F176' '210.20254300345763' 'absent']
 ['F0' '308.8246899163538' 'mated']]",3000.0,2000.0,560.0,72.90657924314789,15.88132236030325,1422.0,238.44005137285225,50.85941815718745,257.0,42.94766381479505,8.822340871038282,16.0,1.6000000000000003,0.1600000000000001,89.0,4.177900031811078,0.19718792866940985
15,0.0,13,360.5669425779497,"[['14' '15.212703972904073' 'present']
 ['14' '27.324930218382853' 'present']
 ['14' '67.74369299793253' 'present']
 ['14' '95.6053832457893' 'present']
 ['14' '137.58706453628997' 'marauded']
 ['14' '146.91926297150465' 'marauded']
 ['14' '147.06555926780095' 'presentdestroyed']
 ['14' '178.53289387495204' 'present']
 ['14' '210.52151221506227' 'present']
 ['14' '232.98969388149862' 'present']
 ['14' '255.82411500787762' 'present']
 ['14' '265.9011500602893' 'present']
 ['14' '284.5265341650038' 'present']
 ['14' '285.61051649746724' 'present']
 ['14' '318.1476607647445' 'present']
 ['14' '331.05598551230383' 'marauded']]","[['F29' '74.20230408994782' 'mated']
 ['F169' '74.21202017132805' 'mated']
 ['F173' '89.20595016203387' 'mated']
 ['F200' '102.64041318275997' 'mated']
 ['F172' '102.83823638871857' 'mated']
 ['F209' '129.89081123612294' 'mated']
 ['F143' '137.19863485335398' 'mated']
 ['F47' '162.44745618675339' 'mated']
 ['F83' '169.22287176216292' 'mated']
 ['F197' '171.9647732535675' 'mated']
 ['F62' '177.6157037728207' 'mated']
 ['F4' '182.31427010716047' 'absent']
 ['F130' '237.22690707011483' 'mated']
 ['F166' '286.1340720032142' 'mated']
 ['F0' '308.80154176820565' 'absent']]",3000.0,3000.0,567.0,66.858574238442,13.01907826691451,1631.0,274.9443405205716,58.575439306278135,112.0,18.264627363562518,3.728058072201954,0.0,0.0,0.0,0.0,0.0,0.0
16,0.0,9,360.3962037709586,"[['21' '15.864004227217084' 'present']
 ['21' '121.82527676320414' 'present']
 ['21' '224.4381689623181' 'present']]","[['F8' '20.143894312235712' 'mated']
 ['F88' '42.12300774418149' 'mated']
 ['F108' '70.87037951003107' 'absent']
 ['F39' '101.28978112630641' 'absent']
 ['F69' '165.05580159097673' 'absent']
 ['F214' '172.40990582916717' 'mated']
 ['F10' '185.8251299459401' 'mated']
 ['F11' '201.68837544515398' 'mated']
 ['F145' '209.6734627654978' 'absent']
 ['F199' '219.63304836598365' 'mated']
 ['F132' '227.98216692875903' 'mated']
 ['F20' '242.77450335029954' 'absent']
 ['F112' '278.726967827551' 'mated']
 ['F65' '293.00270749307896' 'mated']]",4000.0,0.0,578.0,71.7325295694837,15.156699236771432,1703.0,288.49132756229625,62.54200431400853,0.0,0.0,0.0,0.0,0.0,0.0,0.0,0.0,0.0
17,0.0,8,360.2413170950729,"[['21' '8.579889743575272' 'present']
 ['21' '21.916491600222' 'marauded']
 ['13' '25.022557503423872' 'destroyed']
 ['13' '30.048958661941388' 'marauded']
 ['21' '32.068699441181494' 'presentdestroyed']
 ['13' '37.84981833038708' 'presentdestroyed']
 ['21' '42.105488528821084' 'marauded']
 ['14' '51.61692637098035' 'marauded']
 ['21' '69.4940919300478' 'present']
 ['21' '97.71629477040521' 'marauded']
 ['13' '99.54891086373046' 'presentdestroyed']
 ['13' '118.75385658359465' 'present']
 ['21' '124.19412509411235' 'present']
 ['14' '133.42036784263195' 'marauded']
 ['13' '134.71557403744353' 'presentdestroyed']
 ['21' '152.8740187012055' 'present']
 ['21' '154.63122935061295' 'present']
 ['21' '159.72940627685765' 'present']
 ['13' '160.65169850270564' 'present']
 ['21' '166.6734390029054' 'present']
 ['13' '172.68499566365585' 'present']
 ['21' '191.76945484459705' 'present']
 ['21' '195.46529538594973' 'present']
 ['13' '196.25391880006669' 'marauded']
 ['21' '200.78677375399505' 'presentdestroyed']
 ['13' '210.4267758034357' 'present']
 ['21' '226.6433491235924' 'present']
 ['13' '237.10850688496058' 'present']
 ['21' '251.86359324397253' 'present']
 ['21' '253.2961897238278' 'present']
 ['21' '262.76311046041184' 'present']
 ['13' '280.3594804721471' 'present']
 ['21' '314.4778436745308' 'present']
 ['21' '319.6148997320689' 'present']
 ['21' '322.79108705835836' 'marauded']
 ['13' '327.72598258626806' 'presentdestroyed']
 ['21' '329.2589194950893' 'destroyed']
 ['13' '335.09564639265074' 'present']
 ['21' '341.91192306071696' 'present']
 ['21' '345.5833157899554' 'marauded']
 ['13' '350.60419882707106' 'presentdestroyed']
 ['21' '351.594241336153' 'presentdestroyed']]","[['F88' '42.09985959603335' 'absent']
 ['F108' '70.89352765817922' 'absent']
 ['F46' '82.49132912825749' 'mated']
 ['F39' '101.31292927445456' 'destroyed']
 ['F94' '110.14370259768629' 'mated']
 ['F38' '125.64565782414832' 'mated']
 ['F27' '147.44761823621138' 'mated']
 ['F49' '194.05548511178432' 'mated']
 ['F11' '201.66522729700583' 'destroyed']
 ['F167' '219.02207018469028' 'mated']
 ['F101' '223.07188903659147' 'absent']
 ['F58' '280.68708608503437' 'mated']
 ['F65' '292.9795593449308' 'absent']
 ['F84' '359.6908311356939' 'mated']]",4000.0,1000.0,573.0,71.10436840537994,14.595238816519368,1421.0,233.9770226896045,48.789295918103015,317.0,55.0612451641022,12.379599472970023,0.0,0.0,0.0,0.0,0.0,0.0
18,0.0,8,360.47989124830383,"[['14' '2.362414537086446' 'present']
 ['14' '12.144163134306103' 'present']
 ['21' '19.765314625138267' 'marauded']
 ['14' '26.57165314573026' 'presentdestroyed']
 ['14' '49.04100433915228' 'present']
 ['14' '56.1008235555591' 'present']
 ['14' '57.57271009647041' 'present']
 ['14' '62.179958294830065' 'present']
 ['14' '68.12671576330202' 'present']
 ['13' '131.03106208768395' 'present']
 ['14' '131.70424400387105' 'marauded']
 ['14' '133.36448326942886' 'presentdestroyed']
 ['14' '137.54076823999367' 'presentdestroyed']
 ['14' '140.81959178931663' 'present']
 ['14' '150.5335183393253' 'present']
 ['14' '157.3633188602879' 'present']
 ['14' '160.5078681776993' 'present']
 ['21' '161.90106544518474' 'marauded']
 ['14' '176.0983466983728' 'present']
 ['14' '194.7992514304576' 'present']
 ['14' '208.37623077705575' 'marauded']
 ['14' '211.8590025390514' 'presentdestroyed']
 ['14' '211.9052988353477' 'presentdestroyed']
 ['14' '221.07778216107857' 'marauded']
 ['14' '225.01318078923083' 'presentdestroyed']
 ['14' '232.63314216823858' 'present']
 ['14' '238.19978685082557' 'present']
 ['14' '240.21294981780548' 'present']
 ['14' '243.2610126058074' 'marauded']
 ['14' '262.40744930727146' 'present']
 ['14' '268.0322477861915' 'present']
 ['14' '273.1029444126892' 'present']
 ['21' '299.6238654720038' 'marauded']
 ['14' '337.5780327706674' 'present']
 ['14' '344.7340175481838' 'present']
 ['14' '345.67274464097704' 'present']
 ['14' '348.22606961682317' 'present']]","[['F39' '101.33607742260271' 'mated']
 ['F82' '111.51301129790386' 'mated']
 ['F163' '116.44848799295372' 'absent']
 ['F163' '116.49478428925002' 'absent']
 ['F158' '122.43662272290283' 'mated']
 ['F5' '131.47649451696856' 'mated']
 ['F89' '160.39989017213057' 'mated']
 ['F203' '176.37060513208678' 'mated']
 ['F146' '190.5277731839603' 'mated']
 ['F145' '209.62716646920148' 'destroyed']
 ['F194' '225.7979322151489' 'destroyed']
 ['F125' '284.30326206860684' 'mated']
 ['F126' '293.9758792299933' 'absent']]",4000.0,2000.0,560.0,73.61190111890414,16.72790266740061,1418.0,243.1864244616644,52.59649313005949,261.0,43.28562509952924,9.462923784544442,0.0,0.0,0.0,0.0,0.0,0.0
19,0.0,8,360.36041101872365,[],"[['F163' '116.47163614110187' 'absent']
 ['F164' '142.39542396738696' 'mated']
 ['F104' '149.40792923451338' 'mated']
 ['F35' '149.93968482312283' 'mated']
 ['F69' '165.07894973912488' 'mated']
 ['F145' '209.60401832105333' 'absent']
 ['F145' '209.65031461734964' 'absent']
 ['F145' '209.69661091364594' 'mated']
 ['F121' '252.5735980164282' 'mated']
 ['F140' '288.28883995018623' 'mated']
 ['F126' '293.9990273781415' 'mated']]",4000.0,3000.0,562.0,73.6857686121785,15.534354118651615,1670.0,286.3454128574065,61.875129306399934,0.0,0.0,0.0,0.0,0.0,0.0,0.0,0.0,0.0
20,0.0,10,360.18150012334047,"[['21' '14.504663173702887' 'present']
 ['21' '32.114995737477784' 'marauded']
 ['21' '48.44869387856195' 'present']
 ['21' '64.45028562418531' 'present']
 ['21' '69.91726772687545' 'marauded']
 ['21' '71.0949469748403' 'presentdestroyed']
 ['21' '74.23534410019265' 'destroyed']
 ['21' '157.0748991087932' 'present']
 ['21' '158.34451360651306' 'present']
 ['21' '189.60071399461302' 'present']
 ['21' '214.70942421095089' 'present']
 ['21' '238.43964618718223' 'present']
 ['21' '257.59010596333394' 'marauded']
 ['21' '265.38781788599454' 'destroyed']
 ['21' '291.9762024685104' 'present']
 ['21' '311.27129158210306' 'marauded']]","[['F213' '91.73742085580066' 'mated']
 ['F59' '105.35294076148027' 'mated']
 ['F205' '106.98937230126799' 'mated']
 ['F144' '129.11511634912017' 'mated']
 ['F26' '154.2121198545407' 'absent']
 ['F124' '172.69318817165427' 'mated']
 ['F183' '180.65586963705897' 'mated']
 ['F208' '186.2215839333743' 'mated']
 ['F137' '197.8845854249974' 'mated']
 ['F207' '211.8428139251556' 'mated']
 ['F199' '219.6099002178355' 'absent']
 ['F179' '249.5038858630811' 'mated']]",5000.0,0.0,576.0,75.6389286484634,16.86158479767966,1533.0,260.11947542592463,55.236370179563984,137.0,24.29140930845613,5.4442773054745475,0.0,0.0,0.0,0.0,0.0,0.0
21,0.054,13,359.90885976481354,"[['2' '28.651248876790778' 'present']
 ['2' '37.5035593974482' 'present']
 ['2' '82.77784287869372' 'present']]","[['F85' '45.339201306064204' 'mated']
 ['F134' '65.6116385064033' 'absent']
 ['F94' '110.12055444953813' 'absent']
 ['F157' '136.45365734672933' 'mated']
 ['F141' '148.22035975635012' 'mated']
 ['F26' '154.23526800268885' 'mated']
 ['F110' '173.37911927898736' 'mated']
 ['F120' '181.58330122483721' 'mated']
 ['F204' '185.41322388528525' 'mated']
 ['F90' '187.77228572285193' 'mated']
 ['F70' '200.3156232906087' 'mated']
 ['F52' '213.1638294986435' 'mated']
 ['F101' '223.09503718473962' 'mated']
 ['F194' '225.8442285114452' 'mated']
 ['F177' '283.0353459247552' 'mated']]",5000.0,1000.0,576.0,69.40923992822967,13.483619528067123,1661.0,283.7335792242769,61.40053964728113,0.0,0.0,0.0,20.0,2.0000000000000004,0.20000000000000012,103.0,4.921930949027079,0.23791152263374438
22,0.0,9,360.4527733451892,"[['21' '3.903441210822969' 'marauded']
 ['21' '17.288855872981507' 'present']
 ['21' '25.18339516365571' 'present']
 ['21' '27.56193450753593' 'marauded']
 ['21' '28.13382151921659' 'presentdestroyed']
 ['21' '39.024982620501305' 'present']
 ['21' '39.93536622994754' 'present']
 ['21' '55.41933704762081' 'present']
 ['21' '63.344826929912536' 'present']
 ['21' '82.84840740723193' 'present']
 ['2' '88.04243276016605' 'present']
 ['2' '88.8122888630219' 'present']
 ['21' '94.9120780954116' 'present']
 ['21' '102.47848738465859' 'marauded']
 ['2' '105.42107918691886' 'presentdestroyed']
 ['2' '117.21274976788526' 'present']
 ['2' '123.90423840565443' 'present']
 ['21' '137.42229424336776' 'present']
 ['21' '138.78696533956116' 'present']
 ['21' '170.4591743440392' 'present']
 ['2' '176.4734323504342' 'present']
 ['2' '177.57589995558067' 'present']
 ['2' '206.41394834737' 'present']
 ['2' '207.73726058686452' 'present']
 ['2' '208.5322594002212' 'present']
 ['2' '238.55058978518912' 'present']
 ['21' '241.58600223706335' 'present']
 ['2' '245.27467864758782' 'present']
 ['2' '247.16105380166036' 'present']
 ['21' '265.5405370042446' 'present']
 ['2' '267.7052493772755' 'present']
 ['21' '284.4429308195729' 'present']
 ['2' '285.30594242843256' 'present']
 ['21' '285.3237167029795' 'present']
 ['2' '285.9476358909327' 'present']
 ['21' '292.4224941523401' 'present']
 ['21' '294.02270643862323' 'present']
 ['21' '302.68649099744033' 'present']
 ['2' '323.09900834920865' 'marauded']
 ['21' '331.825896040971' 'marauded']
 ['2' '331.9353803153001' 'destroyed']
 ['2' '334.5952700650725' 'presentdestroyed']
 ['21' '335.44711451248327' 'presentdestroyed']
 ['2' '337.667145205836' 'presentdestroyed']
 ['21' '338.97488980583245' 'present']
 ['2' '348.78133347798723' 'marauded']
 ['2' '357.85280407842833' 'marauded']]","[['F37' '73.33304890323492' 'absent']
 ['F7' '75.18637789953706' 'mated']
 ['F102' '87.55191136639677' 'mated']
 ['F31' '94.88793487724615' 'mated']
 ['F193' '129.1316480844946' 'mated']
 ['F187' '162.06091920678747' 'mated']
 ['F178' '163.98266532497516' 'mated']
 ['F123' '195.98856596244354' 'mated']
 ['F91' '218.88747178752791' 'mated']
 ['F194' '225.82108036329706' 'absent']
 ['F215' '249.57578540285056' 'mated']]",5000.0,2000.0,554.0,72.35503087832184,16.385866020629905,1484.0,248.67667086912874,52.237982960510394,228.0,39.017306279351004,8.444223625147785,0.0,0.0,0.0,0.0,0.0,0.0
23,0.0,6,360.46958688668025,[['2' '104.61176794813417' 'present']],"[['F206' '67.93739192919651' 'mated']
 ['F191' '154.48759547654606' 'mated']
 ['F3' '162.5082756187378' 'mated']
 ['F175' '181.6518922732968' 'mated']
 ['F66' '184.89836318208518' 'mated']
 ['F77' '206.50343398452685' 'mated']
 ['F91' '218.86432363937976' 'absent']
 ['F54' '265.7517931856046' 'absent']]",5000.0,3000.0,568.0,65.65784679188191,12.98524756775901,1719.0,294.34223879787777,63.07040513195099,0.0,0.0,0.0,0.0,0.0,0.0,0.0,0.0,0.0
