id,probability_maraud,successful_mating,next_foraging_time,mar_attempts,mate_attempts,x_pos,y_pos,foraging_events,foraging_hrs,foraging_sqhrs,staying_events,staying_hrs,staying_sqhrs,repairing_events,repairing_hrs,repairing_sqhrs,marauding_events,marauding_hrs,marauding_sqhrs,traveling_events,traveling_hrs,traveling_sqhrs
0,0.054,9,360.27423553947415,"[['3' '4.2976221176627805' 'present']
 ['9' '7.407112680785649' 'present']
 ['3' '8.648850639238905' 'present']
 ['3' '22.91392236912844' 'present']
 ['3' '23.992663875658064' 'present']
 ['3' '45.1376413864618' 'present']
 ['3' '52.076041329916784' 'present']
 ['9' '59.252394765245064' 'present']
 ['9' '66.66748196071158' 'present']
 ['9' '68.61704533372243' 'present']
 ['3' '73.25238034038887' 'present']
 ['3' '73.44497293298147' 'present']
 ['9' '73.45114983632648' 'present']
 ['3' '77.34363603602907' 'marauded']
 ['5' '77.73107936109795' 'presentdestroyed']
 ['9' '87.55561066903715' 'present']
 ['9' '94.24853888643948' 'present']
 ['3' '98.92579854526836' 'present']
 ['9' '106.37520606931726' 'present']
 ['3' '107.49438702521606' 'present']
 ['3' '114.91826437090751' 'marauded']
 ['9' '120.31829827584198' 'presentdestroyed']
 ['3' '125.64671173022892' 'present']
 ['9' '131.04454310793574' 'present']
 ['3' '173.7414800410979' 'present']
 ['3' '174.62931981012304' 'present']
 ['4' '178.37758986538682' 'marauded']
 ['9' '185.57085253835214' 'presentdestroyed']
 ['9' '227.23892690727902' 'present']
 ['3' '243.5295832233876' 'present']
 ['3' '266.9108597679363' 'present']
 ['3' '282.90589739649766' 'present']
 ['9' '295.2429656273782' 'present']
 ['9' '302.67035931195295' 'present']
 ['3' '340.4518860743065' 'present']
 ['9' '358.36398826972584' 'present']]","[['F18' '66.25232774511316' 'mated']
 ['F11' '105.3862645718276' 'mated']
 ['F64' '113.240816572243' 'mated']
 ['F16' '120.46106243765146' 'absentdestroyed']
 ['F16' '120.50735873394777' 'absentdestroyed']
 ['F16' '120.55365503024407' 'absentdestroyed']
 ['F65' '154.25677709684516' 'mated']
 ['F84' '160.4606075444659' 'mated']
 ['F77' '188.61844040343007' 'absent']
 ['F102' '216.59582714034588' 'mated']
 ['F54' '227.38280555813142' 'mated']
 ['F62' '229.91024503475546' 'absent']
 ['F57' '232.66581073348507' 'mated']
 ['F47' '233.40340620118073' 'absent']
 ['F34' '273.1840651941024' 'mated']
 ['F38' '335.8720090839974' 'absent']
 ['F38' '335.9183053802937' 'absent']]",0.0,0.0,557.0,73.0417511933499,16.130671257980026,1575.0,262.769957815798,56.42132228468372,115.0,18.091165924276815,3.595336737311652,12.0,1.2,0.12000000000000005,106.0,4.964937068848123,0.23362482853223543
1,0.0,11,359.9803137091189,"[['0' '13.228073500351218' 'present']
 ['0' '24.994915633129494' 'present']
 ['0' '29.785729504672815' 'present']
 ['11' '30.520278804551864' 'present']
 ['10' '43.2130416472788' 'present']
 ['0' '43.626395425859805' 'present']
 ['4' '52.06008628605367' 'present']
 ['4' '58.563543229226475' 'present']
 ['0' '60.06424559735703' 'present']
 ['0' '66.57917886459667' 'present']
 ['10' '67.51541116170553' 'present']
 ['4' '70.52338146472628' 'present']
 ['4' '76.24301814948149' 'present']
 ['0' '76.37927862698967' 'present']
 ['0' '77.35701985935347' 'present']
 ['5' '79.6866598109993' 'present']
 ['4' '80.61647377350445' 'marauded']
 ['10' '86.35110335051161' 'presentdestroyed']
 ['4' '92.83154789004004' 'present']
 ['0' '102.25071331158142' 'present']
 ['3' '105.09758051279972' 'present']
 ['0' '111.92061032836025' 'present']
 ['4' '123.9090679207687' 'present']
 ['4' '124.06600219973053' 'marauded']
 ['0' '128.0389965418244' 'presentdestroyed']
 ['0' '133.34306385868004' 'present']
 ['10' '137.6562099494392' 'present']
 ['10' '141.19734890620836' 'present']
 ['4' '144.44028501573635' 'present']
 ['4' '168.70394245624124' 'present']
 ['4' '168.75023875253754' 'present']
 ['0' '170.5363546408034' 'present']
 ['0' '174.16265714848143' 'present']
 ['0' '176.1568675291088' 'present']
 ['4' '184.5224813119552' 'present']
 ['0' '188.30878068903039' 'present']
 ['10' '188.43449880085757' 'present']
 ['4' '194.45627550769203' 'present']
 ['10' '200.79311765025193' 'present']
 ['0' '209.17390608491928' 'present']
 ['0' '237.0588366822214' 'present']
 ['4' '240.39367091025963' 'present']
 ['0' '249.9226112363982' 'present']
 ['9' '250.21095860495433' 'present']
 ['4' '253.87113431397322' 'marauded']
 ['10' '258.4587223121285' 'presentdestroyed']
 ['3' '267.5824154320534' 'marauded']
 ['10' '272.624474235676' 'presentdestroyed']
 ['0' '301.289652688338' 'marauded']
 ['4' '301.9418006141866' 'presentdestroyed']
 ['10' '303.61108208900737' 'destroyed']
 ['0' '306.4702760188794' 'presentdestroyed']
 ['0' '308.2393656518764' 'presentdestroyed']
 ['4' '309.46097864694906' 'present']
 ['4' '312.9426780355236' 'present']
 ['10' '313.00624561062597' 'present']
 ['0' '313.8891707250543' 'present']
 ['4' '341.481491854951' 'present']
 ['0' '342.88815230840345' 'present']
 ['4' '344.478928637107' 'present']
 ['4' '346.50434043461996' 'present']
 ['10' '350.63734575697583' 'marauded']
 ['0' '352.40942931581446' 'presentdestroyed']
 ['0' '354.7107320131267' 'presentdestroyed']]","[['F52' '114.92357795100655' 'mated']
 ['F85' '129.67478309834593' 'absentdestroyed']
 ['F85' '129.72107939464223' 'destroyed']
 ['F16' '132.57680317839223' 'mated']
 ['F31' '139.11336720255653' 'mated']
 ['F65' '154.233628948697' 'absent']
 ['F107' '186.79564908726567' 'mated']
 ['F60' '201.5147226511684' 'mated']
 ['F91' '210.18983628834332' 'mated']
 ['F102' '216.57267899219772' 'absent']
 ['F71' '236.76935872627521' 'mated']
 ['F62' '242.00283762734807' 'mated']
 ['F17' '243.35958247811823' 'mated']
 ['F2' '292.1037359389161' 'mated']
 ['F38' '335.94145352844185' 'mated']]",0.0,1000.0,553.0,69.86663433500536,15.211173960775897,1483.0,253.65743221159232,55.13175989447533,232.0,36.500996718616186,7.421523224812033,0.0,0.0,0.0,0.0,0.0,0.0
2,0.0,6,360.06898024714206,"[['11' '2.666695807729276' 'present']
 ['0' '6.101772199718588' 'present']
 ['11' '9.18468284889868' 'present']
 ['11' '12.200172705766393' 'present']
 ['0' '14.654075038486654' 'present']
 ['11' '16.059743101813623' 'present']
 ['5' '18.07311124801962' 'present']
 ['5' '20.40925861247401' 'present']
 ['11' '30.370940267484215' 'present']
 ['0' '39.09870740040656' 'present']
 ['5' '40.73905634276693' 'present']
 ['5' '43.79715380603272' 'marauded']
 ['11' '48.00755680843832' 'presentdestroyed']
 ['5' '55.015058000087635' 'present']
 ['11' '58.0674327202556' 'present']
 ['11' '64.76992179442385' 'marauded']
 ['10' '66.6607303040543' 'presentdestroyed']
 ['0' '68.06370211561345' 'presentdestroyed']
 ['11' '70.62470700416063' 'presentdestroyed']
 ['5' '73.81878384362726' 'marauded']
 ['5' '78.99761729260534' 'presentdestroyed']
 ['11' '80.43623191525407' 'presentdestroyed']
 ['5' '85.22005493376629' 'present']
 ['0' '87.16917462697783' 'present']
 ['11' '91.00342799067819' 'present']
 ['0' '111.24279909348158' 'present']
 ['11' '112.51286743338235' 'marauded']
 ['10' '124.29135942664676' 'present']
 ['11' '132.9566597788861' 'present']
 ['11' '137.44419907730628' 'marauded']
 ['11' '140.03298170762775' 'destroyed']
 ['0' '152.68204310162653' 'present']
 ['0' '153.29295876700937' 'present']
 ['0' '155.93211739557205' 'present']
 ['5' '164.72225274468204' 'present']
 ['0' '170.79335145896093' 'present']
 ['11' '172.94908253193432' 'present']
 ['0' '173.65939940338149' 'present']
 ['11' '192.84700007574926' 'present']
 ['5' '194.7440886865244' 'marauded']
 ['11' '202.29249885489' 'presentdestroyed']
 ['0' '218.0664233420201' 'present']
 ['0' '218.62914954880756' 'present']
 ['0' '223.72205129225523' 'present']
 ['0' '224.81570017689904' 'present']
 ['0' '225.12252899724962' 'present']
 ['11' '226.13064212092303' 'present']
 ['0' '227.97770805185374' 'marauded']
 ['5' '239.47009041467416' 'present']
 ['5' '243.5881865948455' 'present']
 ['0' '244.66725083535235' 'present']
 ['0' '266.3863860855962' 'present']
 ['0' '273.3624277859186' 'present']
 ['0' '274.6448306472698' 'present']
 ['0' '276.78475576018735' 'marauded']
 ['11' '278.96584785479257' 'presentdestroyed']
 ['11' '279.0121441510889' 'presentdestroyed']
 ['5' '282.3485623639499' 'presentdestroyed']
 ['0' '285.5461934341234' 'present']
 ['11' '293.1101336070923' 'present']
 ['11' '293.42159694705697' 'present']
 ['0' '293.96133893108964' 'present']
 ['11' '302.5825464157625' 'present']
 ['11' '307.5771159646227' 'marauded']
 ['5' '309.8762577692756' 'presentdestroyed']
 ['0' '311.6452856509571' 'presentdestroyed']
 ['11' '312.5725534253009' 'presentdestroyed']
 ['0' '316.5695768723563' 'present']
 ['0' '335.99608889928186' 'present']
 ['11' '340.10417033978916' 'marauded']
 ['11' '344.8142781041727' 'destroyed']
 ['3' '359.74189105477404' 'present']]","[['F52' '114.9004298028584' 'absentdestroyed']
 ['F85' '129.65163495019777' 'absent']
 ['F81' '137.99926268922957' 'absentdestroyed']
 ['F1' '151.14592062019958' 'mated']
 ['F70' '163.38025771184118' 'mated']
 ['F12' '181.03576978937696' 'mated']
 ['F77' '188.64158855157822' 'mated']
 ['F62' '229.8870968866073' 'destroyed']
 ['F47' '233.33396175673627' 'absentdestroyed']
 ['F47' '233.42655434932888' 'destroyed']
 ['F104' '239.22803578997903' 'mated']
 ['F86' '271.5382518774169' 'mated']]",0.0,2000.0,586.0,72.52403466574201,15.06293552515936,1344.0,226.13206895847372,48.5145079551961,352.0,61.37292044716203,13.62085165897513,0.0,0.0,0.0,0.0,0.0,0.0
3,0.054,7,360.54184389595906,"[['7' '13.487110542881878' 'present']
 ['5' '15.943696966874061' 'present']
 ['5' '17.338623022492538' 'present']
 ['4' '23.607857146016606' 'present']
 ['4' '23.84304976514019' 'present']
 ['0' '27.411653145441257' 'present']
 ['4' '33.155626334499715' 'marauded']
 ['0' '33.82997635793552' 'presentdestroyed']
 ['4' '35.54781549487281' 'presentdestroyed']
 ['4' '58.90290979140869' 'present']
 ['4' '62.05537176551772' 'present']
 ['0' '63.563027762905534' 'marauded']
 ['4' '71.21002767731754' 'presentdestroyed']
 ['4' '71.4858385957798' 'present']
 ['5' '77.9747802958267' 'marauded']
 ['4' '84.29762350114406' 'destroyed']
 ['0' '86.24473682938356' 'present']
 ['0' '89.70150291210261' 'marauded']
 ['5' '92.82989597967494' 'presentdestroyed']
 ['4' '94.07877994196114' 'presentdestroyed']
 ['4' '94.4755360231795' 'presentdestroyed']
 ['5' '94.59803619305879' 'presentdestroyed']
 ['5' '94.6443324893551' 'presentdestroyed']
 ['4' '136.41475429481687' 'marauded']
 ['5' '139.70447904964743' 'presentdestroyed']
 ['4' '147.07542942389077' 'present']
 ['4' '148.101523918284' 'present']
 ['0' '148.7187368331033' 'present']
 ['4' '150.32019405543798' 'present']
 ['0' '153.57336390756902' 'present']
 ['4' '161.55448285138604' 'present']
 ['4' '163.75710895961382' 'marauded']
 ['4' '164.00677065961915' 'presentdestroyed']
 ['4' '170.98619761242702' 'destroyed']
 ['5' '186.57341679601643' 'present']
 ['5' '187.4832683813642' 'present']
 ['0' '188.17290306052962' 'present']
 ['5' '190.62342863241042' 'present']
 ['5' '194.6977923902281' 'present']
 ['5' '195.60200347328902' 'present']
 ['0' '196.52057565454518' 'present']
 ['5' '214.35185665870694' 'marauded']
 ['0' '222.86540135416112' 'marauded']
 ['0' '223.9937633845667' 'presentdestroyed']
 ['4' '229.5969766398225' 'presentdestroyed']
 ['5' '238.5863113388461' 'present']
 ['4' '244.07964120268383' 'present']
 ['5' '253.8348936102768' 'present']
 ['5' '255.8950285498223' 'marauded']
 ['4' '256.2194156671841' 'destroyed']
 ['8' '256.2479586158236' 'destroyed']
 ['0' '268.44064723117435' 'present']
 ['4' '304.7862296050092' 'present']
 ['5' '306.0807274729572' 'present']
 ['4' '321.17464017361635' 'marauded']
 ['5' '329.56424070136995' 'present']
 ['4' '331.22035817983163' 'marauded']
 ['0' '333.7118685106241' 'presentdestroyed']
 ['0' '336.04238519557816' 'presentdestroyed']
 ['4' '339.8893941361044' 'present']
 ['0' '343.92477846954205' 'present']
 ['8' '354.8113335940199' 'present']]","[['F37' '62.06018860517303' 'mated']
 ['F89' '67.8262750278734' 'absentdestroyed']
 ['F64' '101.17137212779855' 'absent']
 ['F64' '101.21766842409485' 'absent']
 ['F43' '107.5917469339948' 'mated']
 ['F67' '116.33935266697338' 'mated']
 ['F16' '120.48421058579962' 'absent']
 ['F16' '120.53050688209592' 'absent']
 ['F3' '122.93791081553266' 'mated']
 ['F98' '130.84664712767238' 'absent']
 ['F81' '137.95296639293326' 'destroyed']
 ['F46' '140.25627820266635' 'destroyed']
 ['F79' '160.5088188064773' 'mated']
 ['F42' '195.76987123501502' 'mated']
 ['F9' '229.73162622962727' 'destroyed']
 ['F62' '229.93339318290361' '']
 ['F32' '254.74517720928375' 'mated']
 ['F38' '335.89515723214555' 'destroyed']]",1000.0,0.0,563.0,72.98335443340345,15.014443761967845,1271.0,214.76689821988285,45.7032821603394,388.0,67.4856234037858,14.248126776649286,12.0,1.2,0.12000000000000005,76.0,3.595224733772794,0.17146776406035652
4,0.054,14,360.0254548814891,"[['3' '0.8446356360000556' 'present']
 ['7' '14.855066342140155' 'present']
 ['5' '16.597637717836673' 'present']
 ['5' '18.63390188656969' 'present']
 ['7' '23.10933524384726' 'present']
 ['3' '30.80682262965192' 'present']
 ['5' '41.57554922780237' 'marauded']
 ['3' '47.76455639557673' 'destroyed']
 ['8' '48.742722809801755' 'destroyed']
 ['5' '55.68921641996698' 'present']
 ['5' '71.82890394161696' 'present']
 ['5' '98.39064921721145' 'present']
 ['3' '99.84391966364723' 'present']
 ['7' '126.82757657247109' 'present']
 ['3' '129.866971667103' 'present']
 ['3' '144.96868519656763' 'present']
 ['7' '147.30610979241007' 'present']
 ['3' '147.98596028115335' 'present']
 ['5' '158.40335512205885' 'present']
 ['5' '159.40033305662874' 'present']
 ['5' '163.3722305429184' 'present']
 ['3' '175.0725434131822' 'present']
 ['7' '186.02900817754656' 'marauded']
 ['5' '200.5837008548812' 'marauded']
 ['3' '201.06631894862414' 'presentdestroyed']
 ['3' '209.0396284084455' 'present']
 ['7' '221.07403995449744' 'marauded']
 ['7' '225.55875460231678' 'presentdestroyed']
 ['3' '231.40700458427887' 'marauded']
 ['5' '239.6270046308175' 'present']
 ['3' '242.83525439624586' 'present']
 ['3' '245.06987671706807' 'marauded']
 ['7' '256.9688530147818' 'present']
 ['5' '267.1515272517182' 'marauded']
 ['3' '268.15319552198497' 'presentdestroyed']
 ['7' '268.2815331187422' 'presentdestroyed']
 ['3' '271.9432602282584' 'presentdestroyed']
 ['5' '277.60457431252405' 'present']
 ['3' '280.04716338928375' 'present']
 ['3' '284.83431883888767' 'present']
 ['7' '294.60778699449196' 'present']
 ['7' '298.15414737295845' 'present']
 ['3' '299.5561715840008' 'present']
 ['3' '329.38556842731714' 'present']
 ['7' '330.0043508767398' 'present']
 ['7' '333.0907772004638' 'present']
 ['7' '343.01547439036335' 'present']
 ['7' '355.9699683698879' 'marauded']]","[['F66' '24.110084472083678' 'mated']
 ['F89' '67.84942317602155' 'mated']
 ['F24' '76.30790598569953' 'mated']
 ['F20' '91.04649493072172' 'mated']
 ['F85' '129.74422754279038' 'mated']
 ['F46' '140.2794263508145' 'mated']
 ['F59' '156.23821655372362' 'mated']
 ['F61' '173.21975216246975' 'mated']
 ['F68' '181.82997120478052' 'mated']
 ['F49' '185.7572796831172' 'mated']
 ['F60' '201.49157450302025' 'absentdestroyed']
 ['F88' '215.619343645808' 'mated']
 ['F9' '229.75477437777542' 'mated']
 ['F71' '236.74621057812706' 'destroyed']
 ['F62' '241.97968947919992' 'absent']
 ['F83' '257.7763230148513' 'mated']
 ['F58' '344.09314412927176' 'mated']]",1000.0,1000.0,563.0,71.9955176154018,15.179407515060719,1418.0,237.12863926322154,50.124088955588675,273.0,46.03596933832262,9.962675240108313,12.0,1.2,0.12000000000000005,81.0,3.769176553813568,0.17575445816186536
5,0.054,6,360.7888280400543,"[['4' '6.935454855752011' 'present']
 ['8' '12.103159721333165' 'present']
 ['4' '18.324908038538158' 'present']
 ['8' '35.10288101501388' 'present']
 ['8' '46.6924600834889' 'marauded']
 ['8' '51.06453928855425' 'presentdestroyed']
 ['3' '51.87760311662121' 'presentdestroyed']
 ['8' '58.64623775633171' 'present']
 ['4' '58.69724961450594' 'present']
 ['4' '67.97174956917243' 'present']
 ['4' '87.00047880016076' 'present']
 ['3' '126.24490826984594' 'present']
 ['3' '131.5438853962194' 'marauded']
 ['3' '132.63567017385296' 'presentdestroyed']
 ['3' '134.32125907941023' 'presentdestroyed']
 ['8' '140.58408125829428' 'marauded']
 ['3' '144.4951498602936' 'presentdestroyed']
 ['4' '146.91175437318503' 'presentdestroyed']
 ['4' '148.891620381565' 'present']
 ['8' '150.42526262311634' 'marauded']
 ['3' '153.0364503513056' 'presentdestroyed']
 ['3' '161.6333858942951' 'present']
 ['3' '162.43719135569643' 'present']
 ['8' '166.85407489608068' 'present']
 ['8' '169.54750911620684' 'present']
 ['4' '172.36388778036144' 'present']
 ['8' '176.19499545012954' 'marauded']
 ['3' '179.41699457224618' 'presentdestroyed']
 ['4' '183.1800264380038' 'presentdestroyed']
 ['8' '185.71872318320663' 'present']
 ['3' '188.80842693040745' 'present']
 ['8' '195.09934786600135' 'present']
 ['4' '195.36889689226953' 'present']
 ['3' '199.33488276688553' 'present']
 ['0' '214.4675420002836' 'marauded']
 ['4' '220.49934868078537' 'presentdestroyed']
 ['3' '222.5816501809476' 'marauded']
 ['4' '244.35085180356478' 'present']
 ['8' '246.02135580564658' 'present']
 ['3' '247.80935715101785' 'present']
 ['8' '257.3416145049095' 'marauded']
 ['4' '265.259736088304' 'presentdestroyed']
 ['8' '282.5680081702681' 'present']
 ['4' '285.05659330150013' 'present']
 ['3' '285.7774245594383' 'present']
 ['8' '293.4165851897465' 'present']
 ['4' '301.9880969104829' 'present']
 ['3' '304.0780573178299' 'present']
 ['8' '310.50305693626916' 'present']
 ['4' '334.1635703072573' 'marauded']
 ['8' '335.7057685462832' 'presentdestroyed']
 ['4' '338.6158092163707' 'presentdestroyed']
 ['8' '338.93855230286704' 'presentdestroyed']
 ['8' '341.6924772454208' 'destroyed']
 ['8' '345.77074939824615' 'present']
 ['8' '359.21898514907684' 'present']]","[['F5' '35.061922778484664' 'mated']
 ['F55' '58.48052982770782' 'mated']
 ['F89' '67.80312687972524' 'absent']
 ['F64' '101.1945202759467' 'absent']
 ['F87' '106.96786061031852' 'mated']
 ['F101' '129.44033192989463' 'mated']
 ['F81' '137.97611454108142' 'absentdestroyed']
 ['F81' '150.02241083737772' 'mated']
 ['F0' '209.38392243795647' 'mated']
 ['F88' '215.59619549765983' 'destroyed']
 ['F62' '229.86394873845916' 'absentdestroyed']
 ['F62' '229.95654133105177' 'destroyed']
 ['F58' '344.0236996848273' 'absent']
 ['F58' '344.0699959811236' 'absent']]",1000.0,2000.0,562.0,71.9996687600314,15.33394694427257,1376.0,229.52671835274455,48.886974496204544,305.0,54.60545923890737,12.150695805986782,11.0,1.0999999999999999,0.11000000000000004,64.0,3.039669178217239,0.14574759945130314
6,0.0,8,359.85073083999583,"[['9' '4.426751900544567' 'present']
 ['9' '10.128083225016075' 'present']
 ['7' '13.431225969678795' 'present']
 ['3' '18.80946442657414' 'present']
 ['3' '22.64891844440229' 'present']
 ['8' '35.68776185471424' 'marauded']
 ['8' '43.62360527350411' 'present']
 ['8' '44.48092272959971' 'present']
 ['7' '72.53065334809465' 'present']
 ['3' '73.29867663668517' 'marauded']
 ['9' '75.26654140133358' 'presentdestroyed']
 ['9' '80.9670130515013' 'present']
 ['9' '90.25479890936467' 'present']
 ['3' '103.1949980217218' 'marauded']
 ['8' '103.67564537752051' 'presentdestroyed']
 ['9' '109.4421858279123' 'presentdestroyed']
 ['7' '118.48970133714889' 'present']
 ['3' '118.96865463028963' 'present']
 ['3' '134.49624855145726' 'marauded']
 ['8' '135.79854101133122' 'presentdestroyed']
 ['8' '138.12119789652522' 'presentdestroyed']
 ['8' '140.2632712962068' 'presentdestroyed']
 ['9' '149.009039228563' 'present']
 ['3' '149.1868233158289' 'marauded']
 ['8' '150.9705653163414' 'presentdestroyed']
 ['3' '153.27527966977235' 'presentdestroyed']
 ['9' '178.0105466530768' 'present']
 ['9' '179.07307997092352' 'present']
 ['9' '182.2353040618103' 'present']
 ['7' '186.857202552886' 'present']
 ['7' '188.55566947858287' 'present']
 ['8' '195.20597250433903' 'marauded']
 ['9' '198.43361732237864' 'presentdestroyed']
 ['9' '199.18012527455954' 'presentdestroyed']
 ['9' '199.22642157085585' 'presentdestroyed']
 ['7' '203.94761190629657' 'marauded']
 ['8' '205.1321178650643' 'presentdestroyed']
 ['9' '210.64848879741632' 'presentdestroyed']
 ['8' '214.53160318311555' 'present']
 ['3' '242.88155069254216' 'present']
 ['3' '246.9888889256762' 'present']
 ['8' '252.2892207010696' 'present']
 ['9' '255.54899079480157' 'present']
 ['3' '255.87903844302932' 'present']
 ['9' '275.5660859062355' 'present']
 ['8' '277.31849363586673' 'present']
 ['7' '282.71870738188176' 'present']
 ['3' '282.95219369279397' 'present']
 ['7' '283.0256890280909' 'marauded']
 ['3' '287.6156304524297' 'presentdestroyed']
 ['9' '290.0573447069267' 'destroyed']
 ['3' '292.6716616656481' 'present']
 ['9' '302.9423009180419' 'present']
 ['8' '303.6965454576484' 'present']
 ['11' '303.7360384480604' 'present']
 ['3' '305.58794138448303' 'present']
 ['8' '306.25950157108707' 'present']
 ['8' '309.5507682991033' 'present']
 ['3' '320.2012996185485' 'marauded']
 ['5' '322.14521965081155' 'presentdestroyed']
 ['7' '325.9398386934164' 'presentdestroyed']
 ['9' '330.3864286159759' 'marauded']
 ['8' '330.68076188375613' 'destroyed']
 ['8' '337.24929004258973' 'present']
 ['8' '338.7922560065707' 'marauded']
 ['7' '340.6006270233233' 'destroyed']
 ['8' '342.4817326898128' 'presentdestroyed']
 ['8' '346.9833881335067' 'present']
 ['3' '347.2670481368365' 'present']
 ['3' '349.3480187219127' 'present']
 ['9' '353.96617238474624' 'present']
 ['8' '356.24460819780097' 'present']]","[['F36' '2.63257174470689' 'mated']
 ['F41' '38.836525950172636' 'destroyed']
 ['F8' '53.613445455560324' 'mated']
 ['F96' '89.01805201779239' 'absent']
 ['F96' '89.06434831408869' 'mated']
 ['F48' '107.64132339038333' 'destroyed']
 ['F53' '126.09645727712967' 'absent']
 ['F98' '130.86979527582054' 'mated']
 ['F81' '137.9298182447851' 'destroyed']
 ['F72' '144.81000236634202' 'mated']
 ['F7' '155.48393004217107' 'absentdestroyed']
 ['F68' '181.78367490848422' 'absent']
 ['F40' '244.52897615405834' 'mated']
 ['F50' '249.84678648931606' 'mated']
 ['F63' '309.17239334713554' 'mated']
 ['F33' '327.1476323621712' 'destroyed']]",2000.0,0.0,568.0,69.9782096486521,13.87669600916686,1331.0,222.6131191311258,47.3363510255023,411.0,67.51422123243889,14.134664472722859,0.0,0.0,0.0,0.0,0.0,0.0
7,0.054,11,360.5538640741796,"[['4' '4.356992119727721' 'present']
 ['10' '12.362965527910436' 'present']
 ['5' '15.730258699851035' 'marauded']
 ['10' '15.973658585961811' 'presentdestroyed']
 ['10' '23.589751330456295' 'present']
 ['10' '45.769955730855266' 'marauded']
 ['4' '53.349495687835955' 'presentdestroyed']
 ['4' '56.318964305779375' 'present']
 ['8' '59.61714802558418' 'present']
 ['8' '61.732405240961945' 'present']
 ['10' '65.42063674650842' 'present']
 ['8' '68.81111532722387' 'present']
 ['8' '74.57746885102254' 'marauded']
 ['4' '76.19672185318518' 'presentdestroyed']
 ['4' '77.36854841058232' 'presentdestroyed']
 ['4' '78.99360084320661' 'presentdestroyed']
 ['10' '87.14780210749053' 'present']
 ['4' '88.3331216561983' 'present']
 ['10' '103.23035961912763' 'marauded']
 ['4' '126.94106986561678' 'present']
 ['8' '128.61672283162545' 'marauded']
 ['4' '134.0889041467025' 'presentdestroyed']
 ['8' '141.81612066554433' 'present']
 ['8' '143.00443759464073' 'present']
 ['4' '148.1478202145803' 'present']
 ['10' '152.74373010847262' 'present']
 ['4' '154.97375675736296' 'marauded']
 ['8' '168.14283114224116' 'present']
 ['10' '174.43418917310672' 'marauded']
 ['9' '217.17143115349796' 'present']
 ['11' '232.61746770259782' 'marauded']
 ['10' '236.70424059061787' 'presentdestroyed']
 ['8' '251.69185680518842' 'present']
 ['8' '251.73815310148473' 'present']
 ['8' '252.2429244047733' 'present']
 ['4' '257.3482938463813' 'marauded']
 ['10' '260.73486827222564' 'presentdestroyed']
 ['10' '261.2470162292285' 'presentdestroyed']
 ['8' '261.59014443861935' 'destroyed']
 ['10' '261.6482736248321' 'presentdestroyed']
 ['4' '265.0848957464762' 'present']
 ['10' '274.4548128393967' 'present']
 ['4' '276.71761793539736' 'present']
 ['8' '280.9134212812696' 'present']
 ['8' '281.65593176098986' 'present']
 ['8' '305.9524441427252' 'present']
 ['10' '307.3668892952424' 'marauded']
 ['8' '321.5707989393584' 'present']
 ['10' '322.47236680475936' 'present']
 ['4' '333.2917804336572' 'present']
 ['4' '347.6513487785458' 'present']]","[['F66' '24.08693632393553' 'absent']
 ['F26' '44.875467412076304' 'mated']
 ['F8' '53.59029730741218' 'absentdestroyed']
 ['F27' '83.42915503439167' 'mated']
 ['F94' '93.54187794507352' 'mated']
 ['F19' '93.86959694529526' 'mated']
 ['F64' '101.13863570274361' 'absent']
 ['F87' '106.92156431402222' 'destroyed']
 ['F13' '122.77921488830583' 'mated']
 ['F53' '126.11960542527783' 'mated']
 ['F30' '136.31659573052607' '']
 ['F90' '145.13313249242827' 'mated']
 ['F59' '156.21506840557547' 'destroyed']
 ['F68' '181.76052676033606' 'destroyed']
 ['F68' '181.80682305663237' 'destroyed']
 ['F4' '199.38397077430807' 'mated']
 ['F15' '208.52756636283993' 'mated']
 ['F93' '254.1115025297953' 'mated']
 ['F83' '257.75317486670315' 'destroyed']
 ['F78' '290.38736086266584' 'mated']
 ['F51' '310.778728881098' 'destroyed']]",2000.0,1000.0,573.0,69.95263978468289,14.170258886865511,1327.0,224.67060242752606,48.6705558948676,367.0,60.99871446719745,13.086866394111054,10.0,0.9999999999999999,0.10000000000000003,72.0,3.4100395485876094,0.1628943758573387
8,0.054,7,360.49950624678786,"[['5' '6.783144879687115' 'present']
 ['5' '15.464305600244815' 'present']
 ['11' '17.236685965069814' 'marauded']
 ['5' '18.680198182865986' 'presentdestroyed']
 ['5' '20.467701267984467' 'destroyed']
 ['5' '24.0656103846822' 'destroyed']
 ['7' '24.10629629426532' 'destroyed']
 ['5' '27.154346841398652' 'marauded']
 ['7' '28.800327280792303' 'presentdestroyed']
 ['11' '35.694294661863076' 'marauded']
 ['7' '37.875745075394256' 'presentdestroyed']
 ['5' '56.55388412946836' 'present']
 ['5' '61.38126643156375' 'present']
 ['10' '84.26490996530386' 'marauded']
 ['7' '88.43813751272216' 'presentdestroyed']
 ['7' '93.70364550799621' 'marauded']
 ['7' '102.63032875637113' 'present']
 ['7' '102.70345670029914' 'present']
 ['11' '105.4900553232403' 'marauded']
 ['5' '107.12906839851749' 'presentdestroyed']
 ['11' '114.72231648946254' 'marauded']
 ['5' '118.1383525423798' 'presentdestroyed']
 ['11' '124.47952492332263' 'present']
 ['7' '127.50464936150941' 'present']
 ['11' '145.76165369568696' 'present']
 ['7' '145.9144614701168' 'present']
 ['11' '166.02269000707167' 'present']
 ['11' '169.59162271571708' 'present']
 ['7' '173.18081098073947' 'present']
 ['7' '173.32591346804963' 'present']
 ['11' '175.93202268582203' 'present']
 ['11' '185.25762220383453' 'present']
 ['5' '190.57713233611412' 'present']
 ['11' '195.7089332793852' 'marauded']
 ['11' '198.44708671328112' 'presentdestroyed']
 ['7' '199.40933060170798' 'destroyed']
 ['5' '202.01630609867698' 'presentdestroyed']
 ['7' '204.25593310960977' 'present']
 ['5' '204.89707959952648' 'present']
 ['7' '206.4788454509754' 'present']
 ['11' '206.63369120247737' 'marauded']
 ['7' '210.41196015733937' 'destroyed']
 ['11' '211.87303343524627' 'destroyed']
 ['11' '212.00116738028203' 'presentdestroyed']
 ['11' '221.90173105712717' 'present']
 ['7' '228.0630742885496' 'present']
 ['11' '228.87480828210698' 'present']
 ['5' '237.87887880111452' 'present']
 ['7' '241.31581793579568' 'present']
 ['11' '267.09746982934223' 'marauded']
 ['11' '268.59051049455263' 'presentdestroyed']
 ['3' '270.431434191712' 'presentdestroyed']
 ['7' '278.5918092857693' 'present']
 ['11' '284.32943086306494' 'present']
 ['11' '296.6212197002888' 'marauded']
 ['7' '297.0065460104379' 'destroyed']
 ['11' '297.235738925809' 'presentdestroyed']
 ['7' '306.85102624142894' 'present']
 ['7' '322.34562772503364' 'present']
 ['7' '339.0669552127792' 'present']
 ['5' '345.38953968772324' 'present']]","[['F41' '38.85967409832078' 'destroyed']
 ['F106' '48.86018999673586' 'mated']
 ['F96' '89.04120016594054' 'destroyed']
 ['F19' '93.8464487971471' 'absentdestroyed']
 ['F64' '101.11548755459546' 'absent']
 ['F87' '106.94471246217037' 'destroyed']
 ['F48' '107.66447153853149' 'absentdestroyed']
 ['F10' '124.04075993192973' 'mated']
 ['F30' '136.29344758237792' 'absent']
 ['F30' '136.33974387867423' 'mated']
 ['F81' '137.90667009663696' 'absent']
 ['F22' '139.7112850129255' 'mated']
 ['F6' '185.77978248966352' 'mated']
 ['F15' '208.50441821469178' 'destroyed']
 ['F21' '235.51332842877986' 'mated']
 ['F99' '257.5909487494635' 'mated']
 ['F33' '327.17078051031933' 'absent']
 ['F58' '344.04684783297546' 'absent']]",2000.0,2000.0,554.0,70.62561680367158,15.868018897783083,1271.0,217.02464840836976,46.75419919790755,375.0,67.26659756242806,14.925567679140663,11.0,1.0999999999999999,0.11000000000000004,86.0,4.039011142922188,0.1907578875171465
9,0.054,7,360.24726125213635,"[['0' '9.473236106405594' 'present']
 ['0' '9.519532402701891' 'present']
 ['0' '14.0002064394368' 'marauded']
 ['10' '15.237918626150545' 'destroyed']
 ['11' '17.4617459783942' 'presentdestroyed']
 ['10' '19.291195003638208' 'presentdestroyed']
 ['0' '25.807900664963398' 'present']
 ['0' '31.793002237818122' 'marauded']
 ['11' '38.080213522869265' 'destroyed']
 ['10' '40.043695259399506' 'presentdestroyed']
 ['11' '40.49482829225851' 'present']
 ['11' '55.30389797352707' 'present']
 ['0' '58.24700256610287' 'present']
 ['0' '60.37230372569616' 'present']
 ['0' '65.264390123106' 'present']
 ['10' '68.68401717709986' 'present']
 ['11' '71.20558936676619' 'present']
 ['0' '74.03566686231004' 'present']
 ['0' '76.22262435790236' 'present']
 ['11' '85.82507501538203' 'present']
 ['10' '87.73967915132827' 'present']
 ['10' '94.70031173916271' 'present']
 ['0' '108.89209301574245' 'present']
 ['11' '110.69526736320056' 'present']
 ['11' '113.1126979337569' 'present']
 ['0' '113.5015134184815' 'present']
 ['0' '128.68319879359964' 'present']
 ['11' '130.59270497724415' 'present']
 ['10' '133.2968903684729' 'present']
 ['11' '133.3850262569741' 'present']
 ['11' '141.55963408864633' 'present']
 ['7' '147.50586783511494' 'present']
 ['11' '160.56789295041958' 'marauded']
 ['0' '161.16726020667275' 'destroyed']
 ['11' '166.853611738741' 'destroyed']
 ['10' '171.94785708016153' 'present']
 ['11' '184.8240890359396' 'present']
 ['0' '188.5489282627026' 'present']
 ['11' '188.89662204833266' 'present']
 ['10' '190.02521030402158' 'marauded']
 ['0' '190.2858313731288' 'presentdestroyed']
 ['0' '190.5506324555481' 'presentdestroyed']
 ['11' '193.16224617525842' 'presentdestroyed']
 ['11' '197.40829442428836' 'presentdestroyed']
 ['0' '209.46513040729317' 'present']
 ['0' '213.93701890752277' 'present']
 ['11' '218.5993914878285' 'present']
 ['11' '221.30387310745462' 'present']
 ['11' '227.76882299968847' 'present']
 ['0' '232.4659884280981' 'present']
 ['0' '233.71498448207208' 'present']
 ['10' '238.27508726100584' 'present']
 ['0' '238.7494368823323' 'present']
 ['11' '253.76260628458388' 'present']
 ['11' '254.59497058450634' 'present']
 ['0' '255.548569060192' 'marauded']
 ['10' '258.0693938938206' 'presentdestroyed']
 ['0' '258.4711238716658' 'presentdestroyed']
 ['0' '268.39435093487805' 'present']
 ['0' '268.48694352747066' 'present']
 ['11' '268.77994456813224' 'present']
 ['10' '270.5416345502765' 'present']
 ['0' '280.8384866988638' 'marauded']
 ['11' '293.1564299033886' 'present']
 ['0' '295.327032287356' 'present']
 ['0' '296.43674133727484' 'present']
 ['0' '298.00987773052236' 'present']
 ['10' '311.37059381749845' 'present']
 ['0' '312.20330455814474' 'present']
 ['0' '312.96191818719717' 'present']
 ['10' '316.17505367553713' 'present']
 ['11' '317.2391819782529' 'present']
 ['0' '323.34288901790364' 'present']
 ['0' '334.0170955413705' 'marauded']
 ['11' '344.16835844695896' 'marauded']
 ['11' '344.76798180787637' 'presentdestroyed']
 ['0' '345.39134101208475' 'destroyed']
 ['10' '345.55405227819364' 'presentdestroyed']
 ['10' '346.8761705119526' 'presentdestroyed']
 ['10' '355.00999529917544' 'present']]","[['F103' '5.110689501262269' 'mated']
 ['F48' '107.61817524223518' 'absent']
 ['F23' '116.55665634372576' 'mated']
 ['F29' '117.97349599604041' 'mated']
 ['F100' '130.42943685524153' 'mated']
 ['F39' '147.67958244951677' 'mated']
 ['F7' '155.50707819031922' 'mated']
 ['F76' '185.5499578602283' 'absent']
 ['F80' '186.36098964247452' 'absent']
 ['F75' '193.22751399780424' 'destroyed']
 ['F56' '203.49502958803373' 'mated']
 ['F47' '233.38025805303258' 'absent']
 ['F34' '273.16091704595425' 'absent']]",3000.0,0.0,571.0,70.45901575745799,14.238303022663583,1406.0,236.38008566293198,50.5252936331793,299.0,49.23854133701734,10.512706317821905,7.0,0.7,0.07,71.0,3.3253901446641745,0.15646433470507534
10,0.054,9,360.0769178314406,"[['7' '0.1433356000215384' 'present']
 ['7' '2.344470849042843' 'present']
 ['7' '6.347701420108755' 'present']
 ['9' '23.357353132485922' 'present']
 ['7' '36.692291194838816' 'present']
 ['9' '51.36153159192516' 'marauded']
 ['9' '51.85081129827695' 'presentdestroyed']
 ['9' '64.04980370746925' 'present']
 ['7' '66.99984988818903' 'present']
 ['9' '70.31559489423799' 'marauded']
 ['11' '71.5731113233973' 'presentdestroyed']
 ['7' '95.07618587842676' 'present']
 ['7' '102.19109205890508' 'present']
 ['11' '107.75619261999933' 'present']
 ['9' '114.83040211058623' 'marauded']
 ['9' '152.96451359508615' 'present']
 ['7' '153.88312380985096' 'marauded']
 ['7' '164.99260219854878' 'present']
 ['11' '165.47586100425247' 'present']
 ['9' '170.6106661943341' 'present']
 ['11' '172.90278623563802' 'present']
 ['11' '174.57149803638407' 'marauded']
 ['0' '176.5124426623661' 'presentdestroyed']
 ['9' '178.98936506642005' 'presentdestroyed']
 ['7' '190.08673104695734' 'marauded']
 ['11' '199.4625880864073' 'present']
 ['7' '201.22281998067032' 'present']
 ['11' '201.36579465372586' 'present']
 ['9' '205.385069486177' 'present']
 ['7' '206.889850279718' 'marauded']
 ['9' '208.00225257800338' 'destroyed']
 ['9' '210.4689765966743' 'destroyed']
 ['11' '220.45244790089347' 'marauded']
 ['11' '227.57790652297166' 'marauded']
 ['11' '230.99596889623558' 'presentdestroyed']
 ['9' '232.4192468949794' 'presentdestroyed']
 ['11' '233.55618722136512' 'presentdestroyed']
 ['7' '248.81300561152435' 'present']
 ['7' '250.4867889473234' 'present']
 ['0' '253.55951064662682' 'present']
 ['7' '255.65641529783522' 'present']
 ['11' '256.9545832084446' 'present']
 ['11' '271.35440538411626' 'present']
 ['11' '286.5459118153068' 'present']
 ['9' '289.4871633784304' 'marauded']
 ['9' '295.706686156492' 'presentdestroyed']
 ['7' '300.24494940742613' 'present']
 ['7' '301.043299438208' 'present']
 ['9' '301.09273654035997' 'present']
 ['7' '323.84977589901257' 'present']
 ['9' '328.23597476093346' 'marauded']
 ['7' '329.79733341545085' 'presentdestroyed']
 ['11' '335.47800792689264' 'present']
 ['11' '340.05787404349286' 'present']
 ['7' '340.554330727027' 'present']
 ['7' '341.2995198730621' 'present']]","[['F82' '18.252723440308042' 'mated']
 ['F26' '44.85231926392816' 'absent']
 ['F14' '94.56446525970833' 'mated']
 ['F48' '107.69720796358642' 'mated']
 ['F13' '122.75606674015768' 'absent']
 ['F85' '129.69793124649408' 'absent']
 ['F31' '139.09021905440838' 'absent']
 ['F76' '185.57310600837644' 'mated']
 ['F80' '186.38413779062267' 'mated']
 ['F28' '187.13108704971128' 'mated']
 ['F104' '239.18173949368273' 'absent']
 ['F69' '247.54024584266972' 'mated']
 ['F83' '257.730026718555' 'absent']
 ['F35' '269.1769989464982' 'mated']
 ['F51' '310.80187702924616' 'mated']]",3000.0,1000.0,570.0,75.31408549695229,16.711215296341948,1256.0,213.67709705554634,45.797798303251184,392.0,67.0943502708486,14.333018427463479,10.0,0.9999999999999999,0.10000000000000003,62.0,2.927900031811077,0.13931755829903977
11,0.054,13,360.70405348415693,"[['8' '6.189530617565391' 'present']
 ['8' '24.56890827170166' 'present']
 ['9' '25.76628363164699' 'present']
 ['10' '42.575456165823674' 'present']
 ['8' '51.11083558485054' 'present']
 ['9' '77.47929684874047' 'present']
 ['7' '93.3113632675529' 'marauded']
 ['8' '93.67179742653636' 'presentdestroyed']
 ['10' '112.34988733962413' 'present']
 ['9' '135.94290130168957' 'present']
 ['10' '145.78428882535727' 'marauded']
 ['10' '146.17235203486996' 'presentdestroyed']
 ['10' '146.7136197858927' 'presentdestroyed']
 ['9' '148.34960710172322' 'destroyed']
 ['9' '148.52513666403246' 'destroyed']
 ['10' '152.68467553406632' 'presentdestroyed']
 ['8' '158.8515396769282' 'present']
 ['9' '168.8689007091549' 'present']
 ['10' '185.30827487322782' 'present']
 ['8' '187.04586773251376' 'present']
 ['8' '189.10081358627713' 'present']
 ['8' '193.3231247550667' 'present']
 ['10' '198.3623663201274' 'present']
 ['9' '203.581508364813' 'present']
 ['9' '214.24458936460334' 'present']
 ['8' '226.51915236510206' 'present']
 ['8' '236.1296526187994' 'present']
 ['8' '237.68440656846147' 'marauded']
 ['8' '243.7420212013276' 'presentdestroyed']
 ['9' '249.21522221848755' 'present']
 ['8' '254.56557382937763' 'present']
 ['9' '266.67043226733784' 'present']
 ['9' '268.646727454752' 'present']
 ['9' '271.356087732215' 'marauded']
 ['10' '273.7288187695558' 'presentdestroyed']
 ['9' '275.39470251717506' 'presentdestroyed']
 ['9' '275.5119772846983' 'presentdestroyed']
 ['9' '293.34348331095646' 'present']
 ['8' '294.1267894876666' 'present']
 ['10' '299.81052722033' 'present']
 ['8' '305.7657103201059' 'present']
 ['8' '306.8965939152398' 'present']
 ['10' '311.01848890955046' 'present']
 ['9' '318.09051803120605' 'present']
 ['8' '321.5245026430621' 'present']
 ['10' '321.75778757590496' 'present']
 ['8' '326.84050599186486' 'present']
 ['10' '327.5899470088158' 'marauded']
 ['8' '329.5762346956259' 'presentdestroyed']
 ['8' '335.7520648425795' 'present']
 ['7' '343.6901730684258' 'present']
 ['8' '348.39049611526775' 'present']
 ['10' '351.55784543425654' 'marauded']
 ['8' '352.04722145774355' 'presentdestroyed']
 ['9' '352.8270125926486' 'destroyed']
 ['8' '356.2909044940973' 'presentdestroyed']]","[['F25' '33.10148454677633' 'mated']
 ['F41' '38.882822246468926' 'mated']
 ['F44' '63.54085864494069' 'mated']
 ['F74' '87.22942757564518' 'mated']
 ['F94' '93.50914152001859' 'destroyed']
 ['F97' '129.29688355392224' 'mated']
 ['F105' '143.746561707946' 'mated']
 ['F92' '144.91648883389576' 'mated']
 ['F6' '185.75663434151537' 'absent']
 ['F45' '191.06679406337668' 'mated']
 ['F75' '193.2506621459524' 'mated']
 ['F95' '231.86526959868237' 'mated']
 ['F47' '233.35710990488442' 'absent']
 ['F104' '239.15859134553457' 'destroyed']
 ['F104' '239.20488764183088' 'destroyed']
 ['F47' '245.44970249747703' 'mated']
 ['F86' '271.51510372926873' 'destroyed']
 ['F73' '309.3293435159706' 'mated']
 ['F33' '327.1939286584675' 'mated']]",3000.0,2000.0,563.0,69.45465609577299,14.187660872476219,1471.0,247.48276948315439,52.688470082733666,205.0,36.90644952479363,8.28559852837805,19.0,1.9000000000000006,0.1900000000000001,96.0,4.5019741058851555,0.212191358024691
