id,probability_maraud,successful_mating,next_foraging_time,mar_attempts,mate_attempts,x_pos,y_pos,foraging_events,foraging_hrs,foraging_sqhrs,staying_events,staying_hrs,staying_sqhrs,repairing_events,repairing_hrs,repairing_sqhrs,marauding_events,marauding_hrs,marauding_sqhrs,traveling_events,traveling_hrs,traveling_sqhrs
0,0.054,6,360.4915921584401,"[['4' '3.8921175165737747' 'present']
 ['1' '10.199903523663863' 'marauded']
 ['3' '10.73235283820188' 'destroyed']
 ['3' '18.275732277091112' 'present']
 ['4' '21.38650123002824' 'present']
 ['3' '30.412748070986826' 'present']
 ['7' '32.070438496097054' 'marauded']
 ['3' '35.62930788965265' 'destroyed']
 ['9' '48.14808268404216' 'marauded']
 ['7' '55.40105669593388' 'presentdestroyed']
 ['3' '69.80582845144015' 'present']
 ['3' '73.89291044666348' 'present']
 ['7' '117.64126865468201' 'present']
 ['6' '119.49191625659562' 'present']
 ['9' '120.13405335213248' 'present']
 ['9' '126.1137456486405' 'marauded']
 ['2' '129.8545665683114' 'destroyed']
 ['2' '129.85919619794103' 'destroyed']
 ['6' '133.44678322561856' 'presentdestroyed']
 ['11' '147.87587936487688' 'present']
 ['9' '158.12481261274274' 'present']
 ['11' '158.27395754410819' 'present']
 ['11' '182.5666809855262' 'present']
 ['7' '188.47700825471557' 'present']
 ['2' '189.46360407214016' 'present']
 ['11' '199.2897840994303' 'marauded']
 ['3' '206.81964014639274' 'present']
 ['1' '207.96499298011915' 'present']
 ['3' '208.1483296502037' 'present']
 ['9' '210.552121596415' 'present']
 ['7' '215.85472902341894' 'present']
 ['3' '217.22252457308593' 'present']
 ['4' '220.64486877676998' 'present']
 ['3' '223.44129092121614' 'marauded']
 ['2' '226.33510709157005' 'destroyed']
 ['11' '230.42686648672506' 'presentdestroyed']
 ['2' '231.05020120859152' 'destroyed']
 ['9' '250.03418139871278' 'present']
 ['9' '250.11415199953902' 'present']
 ['9' '252.22147859179796' 'present']
 ['3' '252.75021258699445' 'present']
 ['1' '262.7527812630377' 'present']
 ['3' '265.84830672658995' 'present']
 ['11' '267.02674600273764' 'present']
 ['9' '272.407298484557' 'present']
 ['6' '276.32025861601977' 'present']
 ['4' '287.58830793544365' 'present']
 ['4' '289.4504450557218' 'present']
 ['11' '307.5088038341646' 'present']
 ['1' '309.8641202035317' 'present']
 ['4' '324.2533499189096' 'present']
 ['1' '330.5422886725077' 'marauded']
 ['9' '335.64331455962053' 'presentdestroyed']
 ['9' '344.4459953960166' 'present']
 ['2' '346.3483690871294' 'present']
 ['7' '348.52499291947623' 'marauded']
 ['3' '357.20947822983123' 'present']]","[['F6' '106.89212383964822' 'mated']
 ['F7' '108.57790392908277' 'mated']
 ['F2' '125.8486097273571' 'mated']
 ['F58' '151.35221017156258' 'absent']
 ['F46' '205.6652401285845' 'absentdestroyed']
 ['F44' '237.262812896392' 'mated']
 ['F71' '268.999999353666' 'mated']
 ['F64' '323.23762014878184' 'mated']]",0.0,0.0,561.0,72.82081893879723,16.253765293471076,1380.0,237.00011533926062,51.236925876037205,286.0,48.73511666466935,10.37274009682173,11.0,1.0999999999999999,0.11000000000000004,70.0,0.46991603374217444,0.003429355281207134
1,0.054,12,360.29373862857926,"[['7' '0.7552544599205685' 'marauded']
 ['4' '9.595402793001233' 'present']
 ['3' '10.626764380881573' 'marauded']
 ['3' '12.142269797127206' 'presentdestroyed']
 ['11' '19.206079939325868' 'present']
 ['11' '20.570702964998713' 'present']
 ['11' '26.811576945097435' 'marauded']
 ['9' '42.10962234970356' 'present']
 ['3' '42.323023926670224' 'present']
 ['0' '57.98474258980412' 'present']
 ['11' '62.402647289979384' 'present']
 ['3' '68.4320424141996' 'present']
 ['11' '75.45895986496059' 'present']
 ['7' '76.6998440022581' 'present']
 ['2' '81.84319867416268' 'present']
 ['0' '87.5359875957665' 'present']
 ['0' '97.1565085140527' 'present']
 ['3' '102.72628078752204' 'present']
 ['11' '103.19911138348122' 'present']
 ['6' '119.56979763332902' 'present']
 ['9' '120.03222301655023' 'present']
 ['2' '126.45279916907283' 'present']
 ['6' '129.83444919894583' 'present']
 ['3' '147.23384849107825' 'present']
 ['6' '159.32802468044827' 'present']
 ['9' '163.46110038631' 'present']
 ['9' '170.22876706962492' 'marauded']
 ['9' '192.0687755658197' 'present']
 ['0' '194.4606469887105' 'present']
 ['4' '198.81089650976412' 'present']
 ['9' '198.8463393146892' 'present']
 ['4' '200.6736602031144' 'present']
 ['9' '216.55966453399026' 'present']
 ['7' '227.52643994802798' 'present']
 ['7' '239.9609361757662' 'present']
 ['4' '248.40005867712574' 'marauded']
 ['4' '255.25291389805446' 'destroyed']
 ['2' '269.92847781308404' 'present']
 ['0' '269.9978954909017' 'present']
 ['6' '291.24605464356574' 'present']
 ['6' '294.8121987971327' 'marauded']
 ['7' '309.32978341407176' 'present']
 ['6' '315.09264950306596' 'present']
 ['9' '345.47094365297886' 'present']]","[['F26' '110.24250478918098' 'mated']
 ['F65' '146.37685128374105' 'mated']
 ['F58' '151.35452498637738' 'absent']
 ['F90' '162.20166307880424' 'mated']
 ['F4' '185.9391832311823' 'mated']
 ['F29' '194.3672275024998' 'absent']
 ['F91' '196.93999276077548' 'mated']
 ['F13' '202.11164398438592' 'mated']
 ['F85' '202.65296929957756' 'mated']
 ['F29' '206.38262167273095' 'absent']
 ['F74' '235.31476547829234' 'mated']
 ['F76' '235.51025022689444' 'mated']
 ['F51' '243.12569074636713' 'mated']
 ['F33' '257.71920743586634' 'mated']
 ['F107' '260.19341527071185' 'mated']]",0.0,100.0,561.0,73.25563681515027,15.589653174059949,1466.0,248.92417975875352,52.7724234947143,214.0,36.56637582939471,8.120371856305994,9.0,0.8999999999999999,0.09000000000000002,73.0,0.48999276078332327,0.0036222565157750346
2,0.054,5,360.17401313071184,"[['0' '2.226429254016409' 'present']
 ['7' '15.5262277426816' 'present']
 ['7' '59.06894680913133' 'marauded']
 ['1' '59.867444022608595' 'presentdestroyed']
 ['3' '63.0175984218031' 'presentdestroyed']
 ['6' '73.76288338553287' 'marauded']
 ['7' '78.19868367932945' 'presentdestroyed']
 ['7' '83.06767630494335' 'present']
 ['11' '84.40661402051447' 'present']
 ['3' '91.56046104879428' 'present']
 ['4' '97.01800172522373' 'present']
 ['7' '101.82152290265172' 'marauded']
 ['9' '101.83417266073725' 'destroyed']
 ['11' '102.25179462441463' 'presentdestroyed']
 ['6' '102.34843825873126' 'presentdestroyed']
 ['1' '121.89401091821048' 'present']
 ['7' '132.2899690505259' 'marauded']
 ['9' '148.7289403260952' 'present']
 ['4' '151.20563163931692' 'present']
 ['9' '152.56019121494506' 'present']
 ['9' '158.4099526752758' 'marauded']
 ['9' '161.8271627694337' 'presentdestroyed']
 ['0' '171.9317071520363' 'present']
 ['4' '187.10066859560658' 'present']
 ['6' '189.9298629070106' 'marauded']
 ['4' '191.7149462957808' 'presentdestroyed']
 ['3' '201.3476854355386' 'marauded']
 ['11' '202.11988314127603' 'presentdestroyed']
 ['11' '208.7004188568619' 'present']
 ['4' '233.22483455212344' 'marauded']
 ['9' '233.44862449919177' 'presentdestroyed']
 ['7' '234.078755040336' 'presentdestroyed']
 ['1' '235.62333449643043' 'presentdestroyed']
 ['0' '246.85883594522474' 'present']
 ['11' '262.217050988864' 'present']
 ['1' '268.77850360868143' 'present']
 ['9' '272.41288694187733' 'present']
 ['0' '273.15625199796233' 'present']
 ['3' '274.39645640701616' 'present']
 ['11' '278.247191232916' 'present']
 ['0' '283.34057286486035' 'present']
 ['0' '292.8570968887181' 'marauded']
 ['9' '300.54204016440286' 'destroyed']
 ['4' '303.0518456387846' 'present']
 ['4' '305.0335292723743' 'present']
 ['3' '314.11397159307813' 'present']
 ['9' '314.84863904200654' 'marauded']
 ['9' '315.89957175317113' 'presentdestroyed']
 ['1' '317.55683790904726' 'presentdestroyed']
 ['11' '338.7538457470847' 'present']
 ['1' '340.12132556223173' 'present']
 ['11' '346.96454070644677' 'present']
 ['7' '352.4772319564998' 'marauded']
 ['3' '357.4787345816633' 'presentdestroyed']
 ['3' '357.5740989563943' 'presentdestroyed']]","[['F77' '104.488330538043' 'destroyed']
 ['F88' '124.97350677484474' 'mated']
 ['F45' '180.44475621595456' 'mated']
 ['F29' '194.3728159598201' 'destroyed']
 ['F29' '206.38493648754576' 'destroyed']
 ['F38' '213.73746781399342' 'absent']
 ['F25' '220.65527524932935' 'mated']
 ['F8' '238.79196746761485' 'destroyed']
 ['F81' '247.12191443252007' 'mated']
 ['F39' '255.95860755019527' 'mated']
 ['F93' '284.48069602212223' 'absent']
 ['F9' '300.3557341877615' 'destroyed']]",0.0,200.0,575.0,71.5340754440929,15.13385949757644,1295.0,221.35920600381502,47.942535121367,400.0,66.16943827695053,13.643023680863177,5.0,0.5,0.05000000000000001,65.0,0.48369336459471,0.00396519204389575
3,0.054,9,360.3533488314729,"[['11' '2.425061658119531' 'present']
 ['6' '3.5343858756065534' 'present']
 ['2' '12.108494670755398' 'present']
 ['7' '16.7932513423915' 'present']
 ['9' '17.195851335951417' 'present']
 ['4' '21.88834466161034' 'present']
 ['4' '24.36745881097502' 'present']
 ['9' '39.340182407887774' 'present']
 ['2' '39.672945281867904' 'present']
 ['9' '54.64332622086455' 'present']
 ['6' '65.55867381883809' 'present']
 ['9' '77.78909702831015' 'present']
 ['0' '78.16665725796497' 'marauded']
 ['1' '78.7691682430639' 'presentdestroyed']
 ['0' '82.85094340977932' 'presentdestroyed']
 ['2' '83.63757937718151' 'presentdestroyed']
 ['4' '89.53323690303137' 'present']
 ['11' '90.33512854575523' 'present']
 ['11' '103.65207296974641' 'marauded']
 ['6' '107.89593979194468' 'presentdestroyed']
 ['11' '117.67733500334799' 'marauded']
 ['2' '121.62644685395651' 'destroyed']
 ['4' '129.92772896657945' 'present']
 ['0' '143.1082445904285' 'present']
 ['6' '150.35411017585923' 'present']
 ['9' '156.0284290297578' 'marauded']
 ['1' '185.11846952404045' 'present']
 ['11' '188.33065481808273' 'present']
 ['6' '192.25696120344074' 'present']
 ['7' '206.62035810325904' 'present']
 ['9' '210.3954074868897' 'marauded']
 ['6' '210.89961237305286' 'presentdestroyed']
 ['4' '239.06671765265753' 'present']
 ['1' '240.23999070973358' 'present']
 ['0' '242.61953450202893' 'present']
 ['11' '251.30582558164488' 'present']
 ['6' '253.64624719848536' 'present']
 ['11' '254.40052609935168' 'marauded']
 ['9' '260.8961723946871' 'present']
 ['9' '265.49665804070935' 'present']
 ['9' '265.6183174301356' 'present']
 ['11' '272.21210626042136' 'present']
 ['4' '274.04201021119843' 'present']
 ['7' '274.82680852617267' 'present']
 ['0' '277.3469384269743' 'present']
 ['4' '281.5049451676413' 'present']
 ['9' '306.31559948824014' 'marauded']
 ['7' '307.92967505310327' 'destroyed']
 ['1' '318.32628978642975' 'present']
 ['4' '329.89411632130174' 'present']
 ['4' '331.9789126439442' 'present']
 ['2' '332.9242212536508' 'present']
 ['7' '334.7092774863348' 'present']
 ['9' '335.21261198137057' 'present']
 ['9' '345.8905622778957' 'marauded']
 ['11' '346.97203160454285' 'presentdestroyed']
 ['11' '349.1349503822373' 'presentdestroyed']
 ['6' '352.1595924454529' 'destroyed']
 ['1' '355.2650496796173' 'present']]","[['F7' '108.57558911426796' 'destroyed']
 ['F30' '144.96801625097493' 'mated']
 ['F43' '153.09266764103634' 'absent']
 ['F31' '173.00668159891748' 'mated']
 ['F94' '206.6767563255394' 'mated']
 ['F38' '213.72997691589737' 'destroyed']
 ['F51' '243.1172410205804' 'absent']
 ['F39' '243.95111665209922' 'absent']
 ['F33' '257.7159337933608' 'destroyed']
 ['F82' '262.8758100194592' 'mated']
 ['F55' '275.6811835075119' 'mated']
 ['F72' '283.8397716496781' 'mated']
 ['F80' '285.45148467749664' 'mated']
 ['F16' '292.5306974540614' 'mated']
 ['F35' '294.70573807753146' 'mated']]",100.0,0.0,557.0,70.50346511912369,15.524556927923888,1420.0,239.2872939151804,51.31029969243647,297.0,48.63967224395231,9.832838628796832,11.0,1.0999999999999999,0.11000000000000004,83.0,0.5542509867451436,0.004115226337448563
4,0.054,11,360.3487076872644,"[['3' '1.1353639181620268' 'present']
 ['6' '2.4273181146177634' 'present']
 ['6' '6.17141623427001' 'present']
 ['3' '7.414355838896107' 'present']
 ['6' '13.948304066011714' 'present']
 ['9' '17.870342107157295' 'present']
 ['9' '19.394574131116944' 'present']
 ['2' '23.584616925515615' 'present']
 ['11' '33.96335323253928' 'present']
 ['11' '35.755287594182754' 'marauded']
 ['9' '39.3303766949769' 'presentdestroyed']
 ['1' '41.41318804928684' 'destroyed']
 ['1' '47.10889094755785' 'present']
 ['7' '56.65896141355994' 'present']
 ['0' '57.34162395924768' 'present']
 ['1' '59.30306033216541' 'marauded']
 ['6' '66.14331412755229' 'destroyed']
 ['0' '66.14912235283651' 'destroyed']
 ['1' '68.0291301507539' 'present']
 ['0' '68.78425867850171' 'marauded']
 ['11' '76.64880639543605' 'present']
 ['6' '80.49540870015075' 'present']
 ['11' '85.97021439600381' 'present']
 ['1' '91.6650901350146' 'present']
 ['6' '94.50235647300093' 'present']
 ['2' '98.03316664444219' 'present']
 ['3' '98.96288158831261' 'present']
 ['3' '101.65971032885456' 'marauded']
 ['6' '103.66070099040782' 'destroyed']
 ['11' '105.27173402277903' 'presentdestroyed']
 ['11' '111.76719675589615' 'present']
 ['9' '142.36809703390966' 'present']
 ['9' '144.42189360963604' 'present']
 ['1' '145.50579296842244' 'present']
 ['3' '154.81516957482057' 'present']
 ['9' '160.86125765248713' 'present']
 ['6' '167.9123289380429' 'present']
 ['6' '169.16161920898998' 'marauded']
 ['7' '172.3252155832594' 'presentdestroyed']
 ['7' '178.07106582037113' 'present']
 ['2' '187.632471005912' 'present']
 ['1' '205.15342733772923' 'present']
 ['7' '208.12859100261545' 'present']
 ['1' '216.89041944127092' 'present']
 ['1' '219.93459097329898' 'present']
 ['2' '225.60349032140277' 'marauded']
 ['1' '226.24467053005287' 'presentdestroyed']
 ['6' '228.03355518288944' 'presentdestroyed']
 ['3' '234.08486115359588' 'present']
 ['7' '248.06315720496133' 'present']
 ['3' '250.37891276345897' 'present']
 ['9' '251.28023466319294' 'present']
 ['2' '258.1952138866177' 'present']
 ['7' '258.53913360192576' 'present']
 ['9' '262.40880655910513' 'marauded']
 ['9' '270.1677164496211' 'present']
 ['3' '275.92689787880175' 'present']
 ['7' '279.1307413855378' 'present']
 ['6' '293.6359247474111' 'present']
 ['0' '296.6275520785086' 'present']
 ['9' '309.0459848862579' 'present']
 ['0' '315.3462959733854' 'present']
 ['9' '316.1335091626396' 'marauded']
 ['0' '347.28365025667773' 'marauded']
 ['9' '349.00632921657535' 'presentdestroyed']
 ['6' '358.785872465567' 'present']]","[['F1' '106.65311631864795' 'destroyed']
 ['F62' '135.89937369958528' 'mated']
 ['F58' '151.3568398011922' 'mated']
 ['F43' '153.09498245585115' 'mated']
 ['F12' '166.2453886548989' 'mated']
 ['F15' '180.64418637722278' 'mated']
 ['F63' '194.9884096084468' 'mated']
 ['F83' '196.80656014128917' 'mated']
 ['F14' '219.23145940645426' 'mated']
 ['F104' '255.51234500619267' 'mated']
 ['F107' '260.1831971837619' 'absent']
 ['F82' '262.87349520464437' 'destroyed']
 ['F93' '284.48396966462775' 'mated']
 ['F59' '293.56108315175044' 'mated']]",100.0,100.0,555.0,71.60784139636966,14.843619249953008,1340.0,232.30517043674533,50.70697025693919,325.0,54.719011298491196,11.537577474798372,9.0,0.8999999999999999,0.09000000000000002,80.0,0.527596545481807,0.003858024691358027
5,0.0,8,359.80099424470234,"[['6' '5.000949842554718' 'present']
 ['7' '30.399288396492715' 'present']
 ['1' '54.251026733245844' 'present']
 ['3' '55.61956609008599' 'present']
 ['6' '55.852520275491955' 'present']
 ['6' '66.1367668425413' 'present']
 ['6' '82.30853550464442' 'present']
 ['7' '92.94882994680727' 'present']
 ['11' '103.64226725683552' 'present']
 ['11' '108.64167879614456' 'present']
 ['4' '109.51079429796195' 'marauded']
 ['1' '113.05653060234734' 'presentdestroyed']
 ['4' '114.44348024585416' 'presentdestroyed']
 ['7' '116.61208329637701' 'presentdestroyed']
 ['4' '119.11158076107142' 'present']
 ['3' '124.98949921021254' 'present']
 ['4' '129.17274959245083' 'present']
 ['3' '129.47284143590696' 'marauded']
 ['6' '130.75121394977782' 'presentdestroyed']
 ['9' '143.05519272822758' 'present']
 ['1' '144.44523580378444' 'present']
 ['4' '144.58221306053042' 'present']
 ['7' '152.18852988014646' 'present']
 ['4' '155.72027250383647' 'present']
 ['9' '156.60298398666188' 'present']
 ['1' '164.46567541801278' 'present']
 ['1' '164.9964591917963' 'marauded']
 ['1' '169.36751548869393' 'presentdestroyed']
 ['0' '169.97724933697756' 'presentdestroyed']
 ['7' '179.8414261254818' 'present']
 ['3' '181.42631329544906' 'present']
 ['2' '183.33842315014454' 'present']
 ['11' '187.19836396264984' 'present']
 ['0' '197.0376992386882' 'marauded']
 ['7' '202.64101341164465' 'presentdestroyed']
 ['7' '209.52369694486845' 'present']
 ['6' '216.52046109785547' 'present']
 ['2' '218.63389837250674' 'present']
 ['2' '218.63852800213635' 'present']
 ['0' '222.51731314802666' 'present']
 ['11' '224.08295529999057' 'present']
 ['9' '240.70961830446424' 'present']
 ['4' '241.31842769194378' 'present']
 ['0' '245.36259418113497' 'present']
 ['4' '251.14191935285675' 'marauded']
 ['7' '253.6907485613173' 'presentdestroyed']
 ['1' '261.50126027913865' 'present']
 ['11' '265.67542223138616' 'present']
 ['11' '269.19412965280674' 'present']
 ['4' '272.7178140209112' 'present']
 ['7' '282.1405861490778' 'present']
 ['4' '285.5737278401004' 'present']
 ['1' '285.7175295217092' 'present']
 ['0' '285.9950637326703' 'marauded']
 ['3' '286.90546611077366' 'destroyed']
 ['4' '313.55844510276694' 'present']
 ['9' '323.7363283516898' 'present']
 ['2' '329.02061206648875' 'present']
 ['4' '333.30419459062057' 'present']
 ['9' '333.43049425849773' 'present']
 ['2' '339.81601812769077' 'present']
 ['1' '349.1498673405302' 'present']
 ['9' '355.980804354652' 'present']]","[['F77' '104.49064535285781' 'mated']
 ['F62' '135.8890215330228' 'absentdestroyed']
 ['F103' '156.63188393110568' 'mated']
 ['F47' '156.77629026188092' 'mated']
 ['F29' '194.35932423036468' 'absent']
 ['F46' '205.66851377108998' 'mated']
 ['F102' '206.63456416706083' 'mated']
 ['F76' '235.5027593287984' 'absent']
 ['F69' '276.39859119114' 'mated']
 ['F24' '294.68566182839726' 'mated']
 ['F41' '297.38120708313204' 'mated']]",100.0,200.0,548.0,69.73566357062914,15.293613164513983,1460.0,253.5188440822275,55.13631767476771,213.0,36.78242877999887,8.214224058350444,0.0,0.0,0.0,0.0,0.0,0.0
6,0.054,13,360.39899318910994,"[['3' '0.28798235759034857' 'present']
 ['4' '10.564209012360314' 'present']
 ['4' '15.269210412198206' 'present']
 ['7' '19.981477785885414' 'present']
 ['7' '21.144331048563636' 'present']
 ['1' '24.666122280041364' 'present']
 ['3' '28.771260770808187' 'present']
 ['3' '30.480986685982955' 'marauded']
 ['2' '36.863430111913246' 'presentdestroyed']
 ['2' '36.873782278475744' 'destroyed']
 ['2' '44.6898353615713' 'present']
 ['2' '48.62070231097025' 'present']
 ['4' '52.501553291113886' 'present']
 ['11' '57.67507278707386' 'present']
 ['1' '58.9433529980204' 'present']
 ['3' '67.9557427333878' 'present']
 ['9' '73.57084813785465' 'present']
 ['3' '73.8975400762931' 'present']
 ['4' '79.6199723420188' 'present']
 ['11' '85.06019568857255' 'marauded']
 ['7' '87.67423573728485' 'presentdestroyed']
 ['7' '90.42676869550068' 'presentdestroyed']
 ['11' '109.45410444889824' 'present']
 ['2' '121.02582203169811' 'present']
 ['7' '131.67689191409036' 'present']
 ['1' '134.08465104712846' 'present']
 ['0' '145.14273426766732' 'present']
 ['3' '151.06734239218133' 'present']
 ['9' '164.47613041494083' 'present']
 ['4' '168.8216057398277' 'present']
 ['9' '172.3217269608658' 'marauded']
 ['9' '174.04372936730084' 'presentdestroyed']
 ['2' '175.32151228175755' 'presentdestroyed']
 ['11' '179.28126047859857' 'presentdestroyed']
 ['3' '187.12440161902603' 'present']
 ['0' '198.73937029598656' 'present']
 ['1' '208.5284143946013' 'present']
 ['4' '208.9006300474958' 'present']
 ['7' '229.86334678379967' 'present']
 ['7' '246.20811382856536' 'present']
 ['7' '251.44375163168823' 'present']
 ['2' '259.63010009386653' 'marauded']
 ['2' '260.707991294768' 'destroyed']
 ['9' '262.40131566100905' 'presentdestroyed']
 ['0' '262.8376611603064' 'presentdestroyed']
 ['11' '266.41810402471964' 'presentdestroyed']
 ['7' '275.32531991862345' 'present']
 ['3' '279.20239475088226' 'marauded']
 ['2' '283.50502585754106' 'presentdestroyed']
 ['3' '285.6653219532745' 'presentdestroyed']
 ['7' '291.34147431185596' 'present']
 ['11' '292.748710053466' 'present']
 ['7' '294.9565414059849' 'marauded']
 ['7' '299.1950160263858' 'presentdestroyed']
 ['9' '301.00376054377745' 'presentdestroyed']
 ['7' '302.13334237215633' 'presentdestroyed']
 ['4' '303.45142080304146' 'present']
 ['9' '303.46048952030424' 'present']
 ['1' '303.6031139890716' 'present']
 ['3' '306.2776146520987' 'present']
 ['7' '315.51160088990173' 'present']
 ['2' '333.86130697320687' 'present']
 ['11' '337.8279276575192' 'present']
 ['2' '339.2605298554994' 'marauded']
 ['2' '349.3939512937931' 'present']
 ['9' '351.4969581609171' 'present']
 ['1' '356.98835220194593' 'present']]","[['F22' '62.71422868431999' 'mated']
 ['F11' '78.239555250291' 'mated']
 ['F92' '121.71720514678229' 'mated']
 ['F75' '156.63396225218813' 'mated']
 ['F70' '156.89728416567308' 'mated']
 ['F91' '196.93481667749424' 'absent']
 ['F66' '206.28780616593582' 'mated']
 ['F29' '206.390112570827' 'mated']
 ['F87' '207.0933063721569' 'mated']
 ['F38' '213.74264389727466' 'mated']
 ['F57' '219.02212586341665' 'mated']
 ['F17' '224.32697617338644' 'mated']
 ['F34' '236.09957426190454' 'mated']
 ['F23' '257.774718189531' 'absent']
 ['F79' '274.88479231867376' 'mated']]",200.0,0.0,568.0,69.94004302665125,13.761749835722105,1412.0,246.19439881999435,54.53755892215745,262.0,42.46203405031348,8.775680064445314,10.0,0.9999999999999999,0.10000000000000003,88.0,0.5418347224209705,0.0036222565157750363
7,0.054,10,360.05388548715644,"[['6' '39.552077145635835' 'present']
 ['2' '45.37091118842831' 'present']
 ['11' '61.11401010074457' 'present']
 ['1' '63.964609992984876' 'present']
 ['2' '68.00188697038875' 'marauded']
 ['2' '72.72353848233966' 'presentdestroyed']
 ['6' '78.84854481528446' 'present']
 ['0' '86.08659608790954' 'present']
 ['6' '99.88621698523862' 'present']
 ['2' '109.44038701234604' 'present']
 ['2' '109.45073917890855' 'present']
 ['4' '110.76844135230799' 'present']
 ['6' '114.04045016700519' 'present']
 ['4' '128.82600085387665' 'present']
 ['1' '131.19040009091728' 'present']
 ['6' '139.9987111720027' 'present']
 ['2' '142.8257149871347' 'present']
 ['6' '144.50598662147803' 'present']
 ['2' '156.32464764818076' 'present']
 ['4' '160.09455737851715' 'present']
 ['0' '161.08331551670958' 'present']
 ['6' '167.9179173953632' 'present']
 ['11' '194.00743927363231' 'marauded']
 ['4' '194.56197407235874' 'presentdestroyed']
 ['4' '196.01974042942703' 'presentdestroyed']
 ['2' '197.7113599466551' 'presentdestroyed']
 ['11' '198.20799679307353' 'destroyed']
 ['1' '207.97193742456358' 'present']
 ['2' '209.1369164746116' 'present']
 ['6' '211.32329490732113' 'present']
 ['6' '211.32792453695075' 'present']
 ['3' '224.446537465303' 'present']
 ['0' '237.4699949894967' 'present']
 ['2' '259.2038802768735' 'present']
 ['6' '259.2516753853799' 'marauded']
 ['1' '260.4514621171219' 'presentdestroyed']
 ['6' '270.42554303013935' 'present']
 ['6' '290.3493081342308' 'present']
 ['1' '292.1218352044555' 'present']
 ['6' '292.3784132918962' 'present']
 ['0' '295.97729824145546' 'present']
 ['4' '300.8292540835316' 'present']
 ['1' '307.18629613028753' 'present']
 ['3' '318.9099920198482' 'present']
 ['3' '330.20756690717934' 'present']
 ['9' '332.44856290477185' 'present']
 ['4' '335.6956253850794' 'marauded']
 ['9' '339.7297713387054' 'presentdestroyed']
 ['4' '344.1301994281542' 'present']
 ['9' '352.843991189327' 'marauded']
 ['9' '359.72862015799853' 'presentdestroyed']]","[['F3' '9.231750144019577' 'mated']
 ['F96' '61.39330954353025' 'mated']
 ['F48' '130.23942636065982' 'mated']
 ['F105' '132.46120063671862' 'mated']
 ['F101' '166.8300307729786' 'absent']
 ['F29' '206.37799204310133' 'absent']
 ['F20' '239.44758206717827' 'mated']
 ['F89' '270.34538472501765' 'mated']
 ['F69' '276.39531754863447' 'absent']
 ['F78' '277.8130613388838' 'mated']
 ['F9' '300.3613226450819' 'mated']
 ['F100' '308.1365753338625' 'mated']
 ['F37' '318.6367907444995' 'mated']]",200.0,100.0,568.0,75.05603131115924,16.19389348602243,1492.0,253.47828702366814,54.556466928914865,177.0,29.669305679246076,6.287687468316782,13.0,1.3,0.13000000000000006,79.0,0.5188634458643409,0.0037722908093278493
8,0.0,10,360.2200509857473,"[['0' '8.767250186063347' 'present']
 ['6' '11.055414178028357' 'present']
 ['4' '16.80124669820051' 'present']
 ['11' '20.57629142231902' 'present']
 ['0' '23.805577380870194' 'present']
 ['4' '33.68249087921567' 'marauded']
 ['9' '48.14249422672185' 'present']
 ['4' '50.951898894012295' 'present']
 ['6' '54.177457942462645' 'present']
 ['6' '64.48780929089133' 'present']
 ['9' '70.8446352950245' 'present']
 ['3' '74.3239062086251' 'present']
 ['11' '87.55981308765477' 'present']
 ['6' '94.49676801568063' 'present']
 ['3' '98.96847004563291' 'marauded']
 ['7' '103.25543849726456' 'presentdestroyed']
 ['0' '112.34829351738856' 'present']
 ['9' '114.4513680163031' 'marauded']
 ['1' '131.50305718787138' 'present']
 ['2' '131.67034720179834' 'present']
 ['4' '135.67619626693312' 'present']
 ['7' '147.9378999680763' 'present']
 ['0' '150.33007848022137' 'present']
 ['0' '160.44242482471546' 'present']
 ['4' '162.20198711414406' 'present']
 ['0' '162.96507787658663' 'present']
 ['1' '163.50251232366008' 'present']
 ['11' '172.38185300513604' 'present']
 ['11' '173.53369528827048' 'present']
 ['11' '176.34371384503356' 'present']
 ['2' '177.16312756451725' 'present']
 ['4' '177.87357956417478' 'present']
 ['11' '178.43976322139355' 'present']
 ['3' '181.42072483812876' 'present']
 ['9' '186.6873606139254' 'present']
 ['11' '201.21463026173822' 'marauded']
 ['11' '202.1859664274933' 'presentdestroyed']
 ['11' '205.0886422296567' 'destroyed']
 ['6' '205.51003532156756' 'presentdestroyed']
 ['3' '205.70542713425561' 'presentdestroyed']
 ['11' '211.09865827165177' 'present']
 ['7' '211.53381063963633' 'present']
 ['4' '212.31187945423494' 'present']
 ['6' '216.52604955517577' 'present']
 ['1' '218.19211972301474' 'present']
 ['7' '219.67781610950377' 'present']
 ['2' '223.8433001924467' 'present']
 ['6' '228.2269452446681' 'present']
 ['6' '228.44155853922805' 'present']
 ['6' '239.88709315470211' 'present']
 ['1' '241.29386007291762' 'marauded']
 ['2' '243.35615431837502' 'presentdestroyed']
 ['9' '246.75793719715242' 'destroyed']
 ['0' '257.8222584886261' 'present']
 ['6' '271.5040100306033' 'present']
 ['1' '286.77754613859145' 'marauded']
 ['3' '287.4391562829019' 'destroyed']
 ['1' '291.00196251180665' 'destroyed']
 ['3' '291.5843607905357' 'presentdestroyed']
 ['11' '295.1675433343105' 'present']
 ['3' '299.12222908265744' 'present']
 ['9' '302.7727211497251' 'marauded']
 ['7' '320.36324674647636' 'present']
 ['9' '327.1032375544446' 'present']
 ['0' '327.98107123003194' 'present']
 ['11' '338.90958689294416' 'present']
 ['1' '339.5903693817996' 'present']
 ['3' '358.81947728213316' 'marauded']]","[['F61' '72.67956049689859' 'mated']
 ['F106' '77.56134654363652' 'mated']
 ['F19' '95.65419930991622' 'mated']
 ['F28' '112.65809558150049' 'mated']
 ['F62' '135.886706718208' 'absent']
 ['F53' '157.56808748608978' 'mated']
 ['F18' '185.17012032883028' 'mated']
 ['F76' '235.5050741436132' 'absent']
 ['F51' '243.12051466308588' 'absentdestroyed']
 ['F95' '255.13573221590028' 'mated']
 ['F23' '257.78030664685133' 'mated']
 ['F68' '269.88495714127686' 'mated']
 ['F86' '271.9483142462217' 'mated']
 ['F50' '336.59023036573166' 'absent']]",200.0,200.0,559.0,71.47348715479878,14.333307013356915,1422.0,244.74093863973363,53.64472654857851,266.0,44.019729651454874,9.149664832402182,0.0,0.0,0.0,0.0,0.0,0.0
9,0.054,10,360.40260569394684,"[['6' '0.37461532637519274' 'marauded']
 ['4' '7.972259342073604' 'destroyed']
 ['2' '18.727893680930308' 'present']
 ['11' '34.87130098043536' 'present']
 ['1' '37.813903795578724' 'present']
 ['0' '42.07792594126882' 'present']
 ['3' '43.250576918952156' 'present']
 ['4' '46.32612989217236' 'present']
 ['4' '51.92995783390211' 'present']
 ['11' '57.680661244394166' 'present']
 ['0' '72.96623641956424' 'present']
 ['6' '77.34444060855667' 'present']
 ['11' '78.77475223971184' 'present']
 ['6' '84.98232953852451' 'marauded']
 ['0' '91.65391477167645' 'presentdestroyed']
 ['6' '92.69858393696816' 'present']
 ['0' '99.22002424750796' 'present']
 ['7' '107.25486555770942' 'present']
 ['11' '109.45969290621854' 'present']
 ['7' '126.56469220160966' 'marauded']
 ['3' '128.88164964221184' 'presentdestroyed']
 ['6' '137.72484785211725' 'present']
 ['6' '141.8613407527531' 'present']
 ['6' '145.7614341623872' 'present']
 ['7' '146.99674812673203' 'present']
 ['6' '158.0283755649002' 'present']
 ['4' '164.6957350101567' 'present']
 ['2' '170.64471556909294' 'present']
 ['2' '172.68637314208016' 'present']
 ['1' '179.21209906787843' 'present']
 ['7' '181.44577127436787' 'present']
 ['3' '187.13134606347046' 'present']
 ['7' '192.7499348041721' 'present']
 ['7' '202.53446612663367' 'marauded']
 ['1' '203.86808596937357' 'presentdestroyed']
 ['3' '204.01185157787708' 'presentdestroyed']
 ['1' '204.43925536966742' 'presentdestroyed']
 ['4' '206.67690000777375' 'presentdestroyed']
 ['1' '214.7227799993553' 'present']
 ['1' '222.58394637555242' 'marauded']
 ['1' '226.27943112741755' 'presentdestroyed']
 ['11' '235.3312774991393' 'present']
 ['6' '242.77024803358557' 'present']
 ['3' '254.3965786757328' 'present']
 ['0' '256.3914832478797' 'present']
 ['11' '267.21813654769204' 'present']
 ['0' '267.7783367564936' 'present']
 ['3' '284.9236255638561' 'marauded']
 ['4' '286.5225967562058' 'destroyed']
 ['4' '287.25719315646734' 'presentdestroyed']
 ['2' '308.4343751900948' 'present']
 ['2' '308.4835256732317' 'present']
 ['4' '309.7172465433941' 'present']
 ['1' '315.3313846200418' 'present']
 ['3' '330.1996636350442' 'present']
 ['2' '335.99588342181755' 'present']]","[['F0' '36.3690539718595' 'mated']
 ['F27' '57.79947666911293' 'mated']
 ['F106' '77.55807290113103' 'absent']
 ['F54' '98.90543701862386' 'mated']
 ['F98' '125.76523758253316' 'mated']
 ['F62' '135.89419761630404' 'absent']
 ['F32' '168.81374315528043' 'mated']
 ['F99' '173.59114543055173' 'mated']
 ['F73' '190.2560484928814' 'mated']
 ['F21' '216.60608279999835' 'mated']
 ['F8' '238.79524111012034' 'mated']
 ['F40' '249.10000484088985' 'mated']
 ['F89' '270.34211108251213' 'absent']
 ['F80' '285.44222541823734' 'destroyed']
 ['F80' '285.446855047867' 'destroyed']]",300.0,0.0,560.0,71.45521141039247,16.21213139550466,1500.0,249.65384226037102,52.30816316620734,227.0,36.46937828857008,7.509921936122606,18.0,1.8000000000000005,0.1800000000000001,92.0,0.6400991523324819,0.004908264746227714
10,0.0,8,360.3285297512284,"[['0' '8.448220144433648' 'present']
 ['6' '9.710640744247849' 'present']
 ['9' '17.20279578039586' 'present']
 ['2' '19.215781848550762' 'present']
 ['0' '22.122470997994196' 'marauded']
 ['9' '25.832698238739578' 'presentdestroyed']
 ['3' '55.762933605471545' 'present']
 ['3' '56.03410474033609' 'present']
 ['1' '56.121404564842386' 'marauded']
 ['1' '57.606543778780136' 'presentdestroyed']
 ['9' '62.27483043682058' 'presentdestroyed']
 ['0' '66.14257506782553' 'present']
 ['3' '74.33235593441185' 'present']
 ['7' '82.01737285779166' 'present']
 ['0' '83.00054811639127' 'present']
 ['0' '93.78214797593066' 'present']
 ['1' '104.87321425966519' 'present']
 ['1' '121.34620426282099' 'present']
 ['9' '122.76703965876388' 'marauded']
 ['2' '124.67486279164281' 'presentdestroyed']
 ['0' '125.30027132191148' 'presentdestroyed']
 ['3' '131.71525710947304' 'present']
 ['7' '145.00561169693805' 'marauded']
 ['9' '148.06285229277842' 'presentdestroyed']
 ['3' '149.4495390098303' 'presentdestroyed']
 ['6' '153.3303664807812' 'present']
 ['7' '154.1038475332239' 'present']
 ['6' '159.98998174185974' 'present']
 ['7' '160.63138303046432' 'present']
 ['0' '167.8364875714267' 'present']
 ['11' '181.36355959369735' 'present']
 ['11' '187.30463282428252' 'present']
 ['1' '191.84353069422156' 'marauded']
 ['1' '192.08603728125226' 'presentdestroyed']
 ['11' '195.40191524909835' 'presentdestroyed']
 ['3' '195.56166013272332' 'presentdestroyed']
 ['11' '196.72603508811636' 'destroyed']
 ['4' '204.02380035278142' 'present']
 ['6' '206.03513358357299' 'marauded']
 ['1' '206.38130798507763' 'presentdestroyed']
 ['11' '209.6131048330327' 'destroyed']
 ['3' '238.1586798420745' 'present']
 ['9' '242.84063219228668' 'marauded']
 ['3' '245.37307970448458' 'destroyed']
 ['6' '248.01968670252023' 'presentdestroyed']
 ['3' '248.39821689109854' 'presentdestroyed']
 ['7' '258.54376323155543' 'present']
 ['4' '259.2131165077583' 'present']
 ['11' '260.3737958497737' 'present']
 ['2' '269.82288935576366' 'marauded']
 ['11' '283.06855020307614' 'present']
 ['7' '293.64145054537465' 'present']
 ['7' '302.12871274252666' 'present']
 ['6' '308.5342888082666' 'present']
 ['6' '313.1175596950359' 'marauded']
 ['7' '323.33209885961776' 'marauded']
 ['3' '323.95002774854765' 'presentdestroyed']
 ['11' '325.68860506260097' 'destroyed']
 ['6' '325.92142421973716' 'destroyed']
 ['9' '327.2536001816819' 'destroyed']
 ['9' '329.9182708624628' 'presentdestroyed']
 ['2' '351.4887456281401' 'present']
 ['4' '355.15111092753585' 'present']
 ['0' '358.33348749914796' 'marauded']
 ['9' '358.47591622829754' 'presentdestroyed']]","[['F10' '115.46928707431051' 'mated']
 ['F101' '166.8323455877934' 'mated']
 ['F49' '167.9855805505827' 'mated']
 ['F52' '174.84340269235273' 'mated']
 ['F5' '181.7284455561192' 'mated']
 ['F42' '184.936502348408' 'mated']
 ['F56' '190.012709972235' 'mated']
 ['F63' '194.98377997881718' 'destroyed']
 ['F84' '223.37844081253235' 'mated']
 ['F34' '236.09630061939905' 'absent']
 ['F39' '243.94362575400316' 'destroyed']
 ['F107' '260.1878268133915' 'absent']
 ['F64' '323.2343465062763' 'absent']]",300.0,100.0,563.0,72.61263118015087,15.047566371760492,1328.0,225.6914624977943,48.362863112621305,364.0,61.87091163521681,13.196510016512363,0.0,0.0,0.0,0.0,0.0,0.0
11,0.054,6,360.1748415850453,"[['3' '12.739173938504734' 'present']
 ['3' '12.749526105067233' 'present']
 ['3' '18.18776086408161' 'present']
 ['2' '18.72230522361' 'present']
 ['9' '20.217873455616765' 'present']
 ['1' '36.90006022182919' 'present']
 ['7' '41.30056664092417' 'present']
 ['4' '43.415748159892836' 'present']
 ['9' '55.347372684212154' 'present']
 ['0' '64.8783536128767' 'marauded']
 ['0' '74.446180263861' 'present']
 ['0' '79.61588821964165' 'present']
 ['4' '90.8992722688275' 'present']
 ['0' '94.23815269650282' 'marauded']
 ['0' '101.28159614333157' 'presentdestroyed']
 ['6' '115.16394264080122' 'present']
 ['4' '118.7631508327959' 'present']
 ['7' '123.66263221347357' 'present']
 ['7' '126.97550716806482' 'present']
 ['4' '128.3634525207206' 'marauded']
 ['2' '128.6046719971861' 'presentdestroyed']
 ['6' '139.45280707480202' 'marauded']
 ['9' '142.16025807699043' 'presentdestroyed']
 ['6' '144.12237769272332' 'presentdestroyed']
 ['9' '150.48647461050885' 'marauded']
 ['6' '152.5718887376048' 'presentdestroyed']
 ['1' '153.01987263410462' 'presentdestroyed']
 ['9' '157.24166400021113' 'present']
 ['6' '167.9057816530319' 'present']
 ['2' '182.70546159785326' 'present']
 ['0' '187.21378906434214' 'present']
 ['4' '196.08698925426515' 'present']
 ['6' '197.01696805609188' 'present']
 ['7' '216.51831859371137' 'marauded']
 ['2' '220.7687952082656' 'presentdestroyed']
 ['0' '239.04472102868283' 'marauded']
 ['7' '245.71256250927667' 'presentdestroyed']
 ['6' '251.60948562764878' 'present']
 ['6' '251.87976604616833' 'present']
 ['0' '252.2025846242733' 'present']
 ['0' '259.5132848696114' 'present']
 ['6' '270.99140792933053' 'present']
 ['1' '281.9936711355671' 'present']
 ['3' '282.5324870011487' 'present']
 ['4' '284.1348021386223' 'marauded']
 ['0' '285.30681826549664' 'destroyed']
 ['6' '290.34371967691044' 'presentdestroyed']
 ['7' '307.07982474428223' 'present']
 ['4' '307.58274238991226' 'marauded']
 ['3' '317.4612365892823' 'marauded']
 ['1' '320.37798018692166' 'presentdestroyed']
 ['0' '329.43586431673134' 'present']
 ['3' '331.0970918288479' 'present']
 ['0' '343.3653707956842' 'present']
 ['0' '344.4572705554932' 'present']
 ['0' '346.63995432071806' 'present']
 ['2' '348.70972664258966' 'present']
 ['4' '356.1668001521264' 'present']]","[['F1' '106.6582924019292' 'mated']
 ['F97' '124.72757090215829' 'mated']
 ['F29' '194.3639538599943' 'absent']
 ['F29' '194.37050114500528' 'absent']
 ['F36' '205.00022995195533' 'mated']
 ['F38' '213.7351529991786' 'absent']
 ['F60' '225.16329474796058' 'mated']
 ['F39' '243.94131093918836' 'absentdestroyed']
 ['F39' '243.94594056881797' 'absentdestroyed']
 ['F39' '243.95629273538046' 'absentdestroyed']
 ['F23' '257.7779918320365' 'absent']
 ['F107' '260.19014162820633' 'absent']
 ['F67' '267.74442072341' 'mated']
 ['F80' '285.4445402330522' 'destroyed']
 ['F9' '300.35804900257637' 'absent']
 ['F50' '336.5925451805465' 'mated']]",300.0,200.0,583.0,67.4985206358411,12.570783611933605,1358.0,230.7348868994779,49.83156534271956,364.0,60.57215853797538,13.055013214900043,9.0,0.8999999999999999,0.09000000000000002,79.0,0.5291851832156385,0.003943758573388207
