id,probability_maraud,successful_mating,next_foraging_time,mar_attempts,mate_attempts,x_pos,y_pos,foraging_events,foraging_hrs,foraging_sqhrs,staying_events,staying_hrs,staying_sqhrs,repairing_events,repairing_hrs,repairing_sqhrs,marauding_events,marauding_hrs,marauding_sqhrs,traveling_events,traveling_hrs,traveling_sqhrs
0,0.0,12,360.31129921851414,"[['11' '0.046296296296296294' 'present']
 ['4' '11.684127867392789' 'present']
 ['1' '13.171638025208315' 'present']
 ['3' '21.313081269940216' 'present']
 ['3' '27.935636469893584' 'marauded']
 ['4' '36.708661668309745' 'present']
 ['9' '47.18610069865856' 'marauded']
 ['3' '48.65090803037938' 'presentdestroyed']
 ['3' '49.056273239937944' 'presentdestroyed']
 ['9' '51.96569872968114' 'presentdestroyed']
 ['4' '52.398453591721996' 'destroyed']
 ['3' '57.35383642948836' 'marauded']
 ['1' '67.70004519289908' 'present']
 ['11' '81.16242792294169' 'present']
 ['3' '90.06741870050062' 'present']
 ['9' '91.91498055605321' 'present']
 ['11' '93.30565989567903' 'present']
 ['1' '98.46073006604732' 'present']
 ['3' '99.88083792386362' 'marauded']
 ['4' '101.87271752237395' 'presentdestroyed']
 ['9' '103.71501629960046' 'presentdestroyed']
 ['8' '106.9392605475986' 'presentdestroyed']
 ['9' '109.09243085438554' 'present']
 ['8' '111.3890041208945' 'present']
 ['4' '112.9917629095417' 'present']
 ['3' '121.98232207028657' 'marauded']
 ['1' '122.54376269729768' 'presentdestroyed']
 ['3' '127.99658433934805' 'presentdestroyed']
 ['3' '139.23983718835538' 'present']
 ['9' '147.35211737047356' 'marauded']
 ['4' '166.72773371133806' 'present']
 ['3' '168.42620589491813' 'present']
 ['1' '187.28651174471253' 'present']
 ['11' '192.50348208970075' 'present']
 ['1' '210.74266757649394' 'present']
 ['1' '211.35564028001804' 'present']
 ['1' '224.27867379324945' 'present']
 ['1' '226.9545955230257' 'present']
 ['4' '232.1416867783828' 'present']
 ['4' '244.65046518302265' 'present']
 ['1' '245.3680412782136' 'present']
 ['1' '249.5264048820082' 'present']
 ['3' '253.3554344274746' 'present']
 ['9' '262.43051945191104' 'present']
 ['1' '272.87611967447367' 'present']
 ['4' '289.9438144189273' 'present']
 ['4' '298.16578578399356' 'present']
 ['3' '299.87977955424674' 'marauded']
 ['9' '302.10855508474975' 'destroyed']
 ['4' '307.15631834601066' 'presentdestroyed']
 ['3' '307.66333554585094' 'present']
 ['9' '317.332722031443' 'present']
 ['3' '328.8668878992891' 'present']
 ['3' '329.6092676790439' 'present']
 ['3' '331.576001134486' 'present']
 ['4' '336.1677002741431' 'present']
 ['1' '343.35504153864724' 'present']
 ['11' '344.4150220909801' 'present']
 ['4' '345.4378884719117' 'present']
 ['1' '350.5403986316574' 'present']
 ['1' '351.42837949203425' 'marauded']
 ['1' '357.0961070293011' 'presentdestroyed']]","[['F40' '59.900277718491516' 'destroyed']
 ['F70' '94.46424677785647' 'mated']
 ['F85' '104.82777406188661' 'destroyed']
 ['F32' '108.02859782641822' 'mated']
 ['F94' '113.78874631523763' 'mated']
 ['F8' '116.96240886110422' 'absent']
 ['F99' '125.15215243257148' 'destroyed']
 ['F88' '138.19862908175054' 'absent']
 ['F73' '154.55409426792016' '']
 ['F35' '156.88553386641652' 'mated']
 ['F20' '179.0469716151608' 'mated']
 ['F0' '193.46014985317257' 'mated']
 ['F76' '200.3682007826404' 'mated']
 ['F13' '226.34632103635053' 'mated']
 ['F86' '235.36591883458306' 'mated']
 ['F2' '259.0176645527928' 'mated']
 ['F33' '278.04260069626525' 'mated']
 ['F61' '332.17196204119597' 'mated']]",0.0,0.0,580.0,68.82255373669788,13.9866315060363,1454.0,242.14802987727782,51.5470536775729,295.0,49.04880643645756,10.216178860159868,0.0,0.0,0.0,0.0,0.0,0.0
1,0.054,8,360.71979062335015,"[['11' '0.011574074074074073' 'present']
 ['2' '7.927724738319883' 'present']
 ['11' '24.211625972853255' 'marauded']
 ['11' '25.628410284094038' 'presentdestroyed']
 ['11' '26.59784776140779' 'presentdestroyed']
 ['2' '29.627506455077235' 'destroyed']
 ['8' '30.88962672018656' 'presentdestroyed']
 ['11' '31.364008161662245' 'presentdestroyed']
 ['11' '34.73271981854415' 'present']
 ['11' '35.6759879813691' 'present']
 ['2' '53.98321153729805' 'present']
 ['11' '55.050346490278024' 'marauded']
 ['11' '60.30234755220664' 'destroyed']
 ['11' '60.87080406240372' 'presentdestroyed']
 ['11' '61.076559784170115' 'presentdestroyed']
 ['11' '78.8157969087331' 'marauded']
 ['11' '79.33114543659703' 'presentdestroyed']
 ['2' '82.77037658161781' 'presentdestroyed']
 ['11' '86.1832908066384' 'present']
 ['11' '89.11558641895955' 'present']
 ['11' '95.03539961419168' 'present']
 ['11' '97.44630083025379' 'present']
 ['9' '98.12793471517823' 'present']
 ['11' '103.81748034390623' 'present']
 ['11' '110.4378739578569' 'marauded']
 ['4' '110.88745198219922' 'presentdestroyed']
 ['11' '113.20795641045052' 'destroyed']
 ['11' '113.77090879682135' 'presentdestroyed']
 ['11' '115.66064767581798' 'presentdestroyed']
 ['2' '122.59128252142997' 'present']
 ['2' '124.23534863609635' 'present']
 ['4' '130.1811332188399' 'present']
 ['2' '130.8481700307607' 'present']
 ['11' '132.48574066473174' 'present']
 ['11' '143.9622841937762' 'present']
 ['11' '152.26936213690135' 'present']
 ['11' '153.9876586867538' 'marauded']
 ['11' '163.87602376481433' 'marauded']
 ['2' '170.41601677760184' 'presentdestroyed']
 ['11' '178.72027109361886' 'present']
 ['2' '180.02758338458517' 'present']
 ['2' '183.98857546398835' 'present']
 ['11' '184.84162596317137' 'present']
 ['11' '192.46875986747852' 'present']
 ['2' '193.40520322793404' 'present']
 ['11' '193.6342856038805' 'present']
 ['11' '211.76090769771903' 'present']
 ['11' '229.10529816366582' 'present']
 ['2' '238.3454535559389' 'present']
 ['2' '252.25398719967276' 'present']
 ['2' '270.06327885065326' 'present']
 ['11' '273.3631782814154' 'present']
 ['2' '274.2079551101175' 'present']
 ['11' '282.68812407588075' 'present']
 ['4' '291.19018596321644' 'present']
 ['11' '293.4755938126143' 'present']
 ['2' '311.3014506816743' 'present']
 ['11' '313.21530866953026' 'present']
 ['2' '328.83549057308244' 'present']
 ['11' '351.24391927335586' 'present']
 ['11' '357.03659025108294' 'present']
 ['11' '358.30381042056155' 'marauded']]","[['F72' '20.27746209836848' 'absent']
 ['F72' '20.300610246516626' 'absent']
 ['F72' '32.32375839466477' 'mated']
 ['F11' '88.3220545207862' 'mated']
 ['F38' '113.44987814246042' 'destroyed']
 ['F73' '154.57046248044762' 'destroyed']
 ['F20' '179.03060340263335' 'absent']
 ['F95' '181.7307715322552' 'mated']
 ['F26' '202.8935732607635' 'absent']
 ['F26' '202.91672140891166' 'absent']
 ['F26' '202.94945783396656' 'absent']
 ['F41' '240.03047083515432' 'mated']
 ['F29' '244.4133574653473' 'mated']
 ['F81' '263.14506212768543' 'absent']
 ['F81' '263.1682102758336' 'mated']
 ['F71' '295.8163818983638' 'mated']
 ['F90' '320.3934593097494' 'mated']]",0.0,500.0,562.0,73.07770127611987,16.606303852000693,1438.0,244.85944001743513,52.096376022541726,237.0,38.159735450769496,8.106534206811691,15.0,1.5000000000000002,0.15000000000000008,93.0,2.4401217928693044,0.06697959533607672
2,0.054,11,360.3814728040756,"[['8' '3.501696630277796' 'present']
 ['9' '5.037519330765909' 'present']
 ['1' '5.342138259702245' 'present']
 ['1' '5.374874684757178' 'present']
 ['8' '9.466838627093711' 'present']
 ['1' '13.874484006269533' 'marauded']
 ['9' '16.27955122841921' 'presentdestroyed']
 ['11' '31.398730383884466' 'present']
 ['9' '38.562392425270275' 'marauded']
 ['1' '50.39228932032061' 'present']
 ['9' '52.4010243644925' 'present']
 ['9' '57.35704892581029' 'present']
 ['9' '64.57228326315344' 'present']
 ['8' '75.32239299275217' 'marauded']
 ['8' '80.91939575574831' 'presentdestroyed']
 ['9' '81.94365595162061' 'destroyed']
 ['9' '99.75755343547138' 'present']
 ['9' '105.21807697965698' 'present']
 ['9' '107.5418682954374' 'present']
 ['1' '118.49403071583616' 'present']
 ['9' '132.02091865949865' 'present']
 ['8' '148.37097407887202' 'present']
 ['9' '149.58836294907792' 'present']
 ['9' '159.9930954258651' 'present']
 ['9' '172.53140400953626' 'present']
 ['9' '183.00186228304852' 'present']
 ['9' '190.74961259112104' 'present']
 ['9' '206.64652890627838' 'present']
 ['9' '209.60396466330178' 'present']
 ['9' '220.96779319738118' 'present']
 ['1' '226.1625207962786' 'present']
 ['9' '240.41201844541686' 'present']
 ['8' '259.7243945345075' 'present']
 ['9' '259.7733418378784' 'present']
 ['9' '266.20803607339786' 'present']
 ['8' '273.14738889902776' 'present']
 ['9' '276.47059282040277' 'present']
 ['9' '283.3744924640151' 'present']
 ['11' '297.31248547178575' 'marauded']
 ['9' '298.33672930662004' 'destroyed']
 ['8' '298.6621316389399' 'presentdestroyed']
 ['1' '301.20562808811644' 'presentdestroyed']
 ['9' '311.2489777578745' 'present']
 ['9' '316.20703906717307' 'present']
 ['11' '324.0078072799095' 'present']
 ['9' '345.11082730382924' 'marauded']
 ['11' '345.26119878540845' 'presentdestroyed']
 ['8' '350.2963685190905' 'presentdestroyed']
 ['8' '350.7872377198854' 'presentdestroyed']
 ['1' '358.2873230014574' 'marauded']]","[['F78' '59.693729061662225' 'mated']
 ['F40' '59.92342586663967' 'mated']
 ['F65' '107.62557126650184' 'mated']
 ['F28' '141.01157876921613' 'mated']
 ['F92' '177.73991521392765' 'absent']
 ['F53' '181.19189460188286' 'mated']
 ['F22' '196.71073721371093' 'mated']
 ['F27' '199.70516993131' 'mated']
 ['F26' '202.9330896214391' 'absent']
 ['F21' '210.15139907336444' 'mated']
 ['F62' '216.0344580412084' 'mated']
 ['F14' '236.3991043161857' 'mated']
 ['F19' '330.2540468403453' 'mated']]",0.0,1000.0,567.0,72.02793109725906,14.827806227975595,1502.0,252.9251800163169,54.03806954674597,184.0,31.74314842360961,6.819689712056782,9.0,0.8999999999999999,0.09000000000000002,83.0,2.4323307502561526,0.07608882030178324
3,0.054,14,360.17575666067955,"[['8' '25.50105914385405' 'present']
 ['8' '31.612745610258045' 'marauded']
 ['8' '56.68662277932304' 'present']
 ['8' '68.66879160183419' 'present']
 ['8' '71.36663357748314' 'present']
 ['8' '88.1490491169662' 'present']
 ['8' '111.57360909232173' 'present']
 ['8' '136.23537337310674' 'present']
 ['8' '204.17289986830167' 'marauded']
 ['8' '234.72077259152394' 'present']
 ['8' '235.163922067891' 'present']
 ['8' '247.25307012994998' 'present']
 ['8' '254.7646193647986' 'marauded']
 ['8' '255.80814725407927' 'presentdestroyed']
 ['8' '288.1620657521206' 'present']
 ['8' '305.98682677089636' 'present']
 ['8' '337.6913507180584' 'present']
 ['8' '347.0732340905106' 'present']]","[['F58' '40.843312969680625' 'mated']
 ['F102' '75.363885061147' 'mated']
 ['F70' '94.4526727037824' 'absent']
 ['F88' '138.21020315582462' 'mated']
 ['F96' '149.72451971597786' 'mated']
 ['F73' '154.59361062859577' 'mated']
 ['F67' '163.32831810302287' 'mated']
 ['F5' '164.45675181772393' 'mated']
 ['F82' '167.78972743424524' 'mated']
 ['F80' '173.91151804094582' 'mated']
 ['F24' '181.13093909220225' 'mated']
 ['F46' '182.34475694680174' 'mated']
 ['F55' '200.036546721224' 'mated']
 ['F10' '221.0149382383703' 'absent']
 ['F69' '231.3543339385204' 'absent']
 ['F3' '241.2010172252103' 'mated']
 ['F2' '259.0060904787187' 'destroyed']
 ['F17' '276.2593103765282' 'mated']]",500.0,0.0,555.0,73.99566108894798,16.63270274117531,1532.0,264.0870633252136,57.04649990719523,109.0,18.412449850330677,3.929739992872247,16.0,1.6000000000000003,0.1600000000000001,76.0,1.9204627323809633,0.05090449245541831
4,0.054,10,360.2489831778048,"[['9' '5.389426861254056' 'present']
 ['8' '9.062994763668149' 'present']
 ['9' '9.365906795991535' 'present']
 ['9' '12.29840724578885' 'marauded']
 ['8' '17.105645586461435' 'presentdestroyed']
 ['11' '18.782697393875257' 'presentdestroyed']
 ['8' '30.852172229706238' 'present']
 ['8' '34.59721328870001' 'present']
 ['11' '41.89627117839228' 'present']
 ['9' '43.9752530806534' 'present']
 ['8' '45.62709134089817' 'present']
 ['8' '53.84818103405837' 'present']
 ['8' '54.36522090691717' 'present']
 ['8' '54.84670412777935' 'present']
 ['9' '58.72077502429176' 'marauded']
 ['8' '77.34989133032198' 'present']
 ['8' '86.68523569485704' 'present']
 ['9' '102.7512041216373' 'present']
 ['9' '108.7564488821611' 'present']
 ['9' '118.86992927013866' 'present']
 ['8' '121.42885996932952' 'marauded']
 ['11' '123.93712783375656' 'presentdestroyed']
 ['8' '130.84777454194725' 'present']
 ['3' '131.64665574821834' 'present']
 ['8' '143.45339815138598' 'present']
 ['8' '146.32624745065658' 'present']
 ['11' '154.78183585140746' 'marauded']
 ['11' '156.74299058662234' 'presentdestroyed']
 ['8' '159.78034633947541' 'destroyed']
 ['8' '177.03227641733773' 'marauded']
 ['9' '186.2654082851093' 'present']
 ['9' '201.27569226041686' 'present']
 ['9' '202.9891019658775' 'marauded']
 ['8' '206.38245354409185' 'presentdestroyed']
 ['8' '206.94008029689746' 'presentdestroyed']
 ['9' '214.2466884592412' 'marauded']
 ['11' '220.99591567211388' 'presentdestroyed']
 ['9' '227.69454611092354' 'present']
 ['11' '255.7063512814852' 'present']
 ['11' '258.61176233116504' 'present']
 ['11' '278.9911108330457' 'present']
 ['11' '281.9744997692843' 'marauded']
 ['11' '283.64026070947574' 'presentdestroyed']
 ['11' '284.46099221185483' 'presentdestroyed']
 ['8' '285.244780771761' 'presentdestroyed']
 ['11' '293.50353609921586' 'present']
 ['9' '308.6472632709923' 'present']
 ['3' '315.06564377815687' 'marauded']
 ['9' '324.0691949738718' 'marauded']
 ['2' '331.924672964229' 'presentdestroyed']
 ['11' '344.02034637759874' 'present']
 ['11' '351.9913116789504' 'present']]","[['F66' '108.64575648514166' 'mated']
 ['F38' '113.47302629060857' 'mated']
 ['F105' '139.58655842055032' 'mated']
 ['F16' '144.12662237057185' 'mated']
 ['F0' '193.4485757790985' 'absent']
 ['F27' '199.67722764470847' 'absent']
 ['F106' '202.30310669967315' 'mated']
 ['F39' '228.64361242230294' 'mated']
 ['F14' '236.37116202958418' 'absent']
 ['F44' '248.24043955190814' 'mated']
 ['F51' '249.35993157551218' 'mated']
 ['F59' '264.8283141291306' 'mated']
 ['F107' '281.4027717983946' 'mated']
 ['F61' '332.1603879671219' '']]",500.0,500.0,576.0,71.52911387280926,14.173684612266863,1315.0,224.9756374442306,48.36212655801264,348.0,61.18348222479974,13.48197357886924,4.0,0.4,0.04000000000000001,69.0,2.008909544989932,0.062157064471879256
5,0.0,6,359.9435521623004,"[['2' '27.953042666271806' 'present']
 ['9' '32.75081230361196' 'present']
 ['9' '36.717696100111674' 'present']
 ['9' '38.79027817798754' 'present']
 ['9' '59.830925541935436' 'present']
 ['3' '67.11995579186633' 'present']
 ['4' '72.06131675431597' 'present']
 ['9' '75.05444011946638' 'present']
 ['9' '83.77465465658686' 'present']
 ['9' '98.90536641003479' 'present']
 ['11' '100.74293579339178' 'present']
 ['9' '127.32738797701478' 'marauded']
 ['9' '140.94973533972745' 'present']
 ['2' '140.96753122564044' 'present']
 ['9' '148.2917296626456' 'present']
 ['9' '152.2029260963015' 'marauded']
 ['9' '184.37164371119763' 'present']
 ['9' '192.0592659545013' 'present']
 ['11' '199.57968975776336' 'marauded']
 ['9' '211.0275893267323' 'present']
 ['9' '216.35680891866332' 'present']
 ['9' '227.30185353714694' 'present']
 ['2' '270.1027952113289' 'present']
 ['9' '322.6987432984821' 'marauded']
 ['2' '328.217077424651' 'destroyed']
 ['9' '339.7363222868543' 'present']
 ['9' '342.3502079743855' 'marauded']
 ['11' '359.75726133660396' 'present']]","[['F8' '116.9739829351783' 'mated']
 ['F52' '139.14379764288643' 'mated']
 ['F26' '214.97260598211471' 'mated']
 ['F77' '219.77699993127828' 'mated']
 ['F36' '224.7573099151794' 'absent']
 ['F64' '226.69576959295216' 'absent']
 ['F57' '237.36111821146517' 'mated']
 ['F15' '293.58000505030117' 'mated']
 ['F1' '342.5685434318041' 'destroyed']]",500.0,1000.0,576.0,67.68406931098902,12.786386648380569,1533.0,261.8426287074095,56.81381162941206,189.0,30.48049359430772,6.493558341152275,0.0,0.0,0.0,0.0,0.0,0.0
6,0.0,6,360.5071368754006,"[['9' '0.05321146478123155' 'present']
 ['4' '3.341513039542389' 'present']
 ['1' '5.238375076621377' 'present']
 ['1' '13.03062806298264' 'present']
 ['3' '16.851380755515326' 'present']
 ['4' '28.232888767387408' 'present']
 ['1' '38.559761773732255' 'marauded']
 ['1' '41.91445092791286' 'presentdestroyed']
 ['4' '50.15839768893798' 'present']
 ['1' '53.56856413728873' 'present']
 ['3' '57.481778716089906' 'present']
 ['3' '60.508693608889416' 'present']
 ['3' '66.08333947249471' 'marauded']
 ['1' '93.00928575460944' 'present']
 ['3' '93.21972566652533' 'present']
 ['4' '98.42082495856256' 'present']
 ['4' '99.83652604687836' 'present']
 ['1' '127.70067254806258' 'present']
 ['3' '143.23021493824535' 'present']
 ['9' '173.13643554906307' 'present']
 ['1' '182.63072809322227' 'present']
 ['1' '185.23112986066187' 'present']
 ['3' '190.26200943723887' 'present']
 ['1' '206.3941618431504' 'marauded']
 ['1' '210.7147252898924' 'presentdestroyed']
 ['9' '216.4724255930956' 'present']
 ['4' '231.43376779140237' 'present']
 ['1' '245.94347496395469' 'present']
 ['1' '245.96662311210284' 'present']
 ['1' '253.82765095518874' 'marauded']
 ['4' '277.11512156117897' 'present']
 ['3' '280.2989321014121' 'present']
 ['1' '284.72959940116255' 'present']
 ['1' '291.47439723563605' 'present']
 ['4' '293.3797634374918' 'present']
 ['1' '300.8930961419292' 'present']
 ['1' '305.00405028395534' 'present']
 ['1' '307.01030564366306' 'marauded']
 ['1' '315.1856617214765' 'present']
 ['1' '316.9380843443994' 'present']
 ['1' '338.67538106258036' 'present']
 ['1' '343.3270992520457' 'present']
 ['3' '346.2988990384457' 'present']]","[['F72' '20.26588802429441' 'absent']
 ['F72' '20.289036172442554' 'absent']
 ['F72' '20.3121843205907' 'absent']
 ['F85' '104.83934813596069' 'mated']
 ['F38' '113.4614522165345' 'absent']
 ['F47' '175.87519734505912' 'mated']
 ['F23' '180.941388806108' 'mated']
 ['F30' '202.04334771236253' 'mated']
 ['F10' '221.03130645089774' 'mated']
 ['F13' '226.30002474005423' 'absent']
 ['F18' '252.69638280283655' 'mated']
 ['F81' '263.13348805361136' 'absent']]",1000.0,0.0,556.0,68.15868866877526,13.344569065954357,1555.0,261.2879697228739,55.620591538118354,171.0,30.661281434015468,6.688176665252001,0.0,0.0,0.0,0.0,0.0,0.0
7,0.0,15,360.0326263005907,"[['9' '1.1483287523355183' 'present']
 ['9' '7.77925674474484' 'present']
 ['2' '21.889816690327503' 'present']
 ['4' '26.026758445034275' 'marauded']
 ['9' '28.188438243531426' 'destroyed']
 ['2' '31.59939372820774' 'presentdestroyed']
 ['9' '36.13283416766563' 'marauded']
 ['9' '39.4166346412703' 'presentdestroyed']
 ['3' '45.08602815569708' 'present']
 ['9' '54.96634056250849' 'marauded']
 ['2' '71.7989056964502' 'present']
 ['2' '74.97127180657682' 'marauded']
 ['2' '75.09441995472497' 'presentdestroyed']
 ['9' '100.23688101600551' 'present']
 ['3' '107.89416323920967' 'present']
 ['2' '116.46187410212814' 'present']
 ['2' '125.42785272857917' 'present']
 ['3' '133.64419172487666' 'present']
 ['2' '142.02338045075584' 'present']
 ['2' '149.87185310449544' 'present']
 ['11' '153.3755790027785' 'marauded']
 ['4' '154.4108878276103' 'presentdestroyed']
 ['2' '155.0635669838951' 'presentdestroyed']
 ['2' '170.44395906420337' 'marauded']
 ['4' '175.353927300874' 'presentdestroyed']
 ['2' '177.00400492934952' 'presentdestroyed']
 ['4' '186.24533229180537' 'present']
 ['4' '189.4431710309257' 'marauded']
 ['9' '191.43464560752457' 'presentdestroyed']
 ['3' '201.0943694619123' 'present']
 ['9' '201.30842868547177' 'present']
 ['2' '204.41882997170148' 'present']
 ['4' '212.4613824903172' 'present']
 ['3' '215.05242535699745' 'present']
 ['2' '222.45430812649232' 'present']
 ['2' '235.335001990509' 'marauded']
 ['9' '239.10721416076137' 'presentdestroyed']
 ['8' '240.4171318345585' 'presentdestroyed']
 ['3' '241.85033487552883' 'presentdestroyed']
 ['3' '252.16917219548742' 'marauded']
 ['4' '253.11843195283558' 'destroyed']
 ['9' '258.69757536251217' 'presentdestroyed']
 ['2' '259.1363569035595' 'presentdestroyed']
 ['2' '269.99323915929233' 'present']
 ['9' '275.5028520583614' 'marauded']
 ['9' '281.79876088895253' 'destroyed']
 ['2' '286.4929026748438' 'present']
 ['2' '292.3270336391519' 'present']
 ['4' '292.9676272190752' 'present']
 ['11' '305.54260330470703' 'present']
 ['3' '306.1622868838138' 'present']
 ['3' '323.6144591598642' 'present']
 ['2' '324.21100019613704' 'present']
 ['2' '325.0978984038904' 'present']
 ['2' '337.1727301986568' 'present']
 ['1' '356.2637798785599' 'present']]","[['F91' '41.31895007892817' 'destroyed']
 ['F40' '59.91185179256559' 'destroyed']
 ['F60' '87.6610734630197' 'mated']
 ['F9' '89.20466822395969' 'mated']
 ['F56' '104.21886412917792' 'mated']
 ['F65' '107.61399719242776' 'absent']
 ['F8' '116.95083478703015' 'absent']
 ['F12' '124.1219342840009' 'mated']
 ['F5' '164.44517774364985' 'absent']
 ['F48' '202.97380137434192' 'mated']
 ['F103' '207.45637817348447' 'mated']
 ['F74' '222.6168415556192' 'mated']
 ['F64' '226.74479815750655' 'mated']
 ['F93' '228.3999439098189' 'mated']
 ['F75' '230.88677272843478' 'mated']
 ['F69' '231.36590801259447' 'mated']
 ['F14' '236.38753024211164' 'destroyed']
 ['F54' '246.60841078895845' 'mated']
 ['F87' '270.1362679903316' 'mated']
 ['F17' '276.24773630245414' 'destroyed']
 ['F33' '278.0310266221912' 'destroyed']
 ['F1' '342.58491164433156' 'mated']
 ['F37' '346.83111152136394' 'mated']]",1000.0,500.0,576.0,71.39195412761407,14.4583570513467,1323.0,227.9688274429295,48.9869153721592,361.0,60.65289161548597,12.952640071070157,0.0,0.0,0.0,0.0,0.0,0.0
8,0.054,9,359.89684558023515,"[['4' '10.843475841444036' 'present']
 ['9' '24.412818367063327' 'present']
 ['3' '26.070677878966414' 'present']
 ['4' '27.38047324584044' 'present']
 ['2' '34.70191033515443' 'present']
 ['3' '45.82116940910802' 'present']
 ['4' '47.512772487870684' 'present']
 ['2' '53.45741271956395' 'present']
 ['2' '68.47235905782026' 'present']
 ['3' '79.54385416400419' 'present']
 ['2' '89.08975854896434' 'present']
 ['4' '117.77899900757646' 'present']
 ['4' '118.13902872679006' 'present']
 ['3' '118.5908676267662' 'present']
 ['2' '122.48676223895966' 'present']
 ['3' '127.8716678238702' 'present']
 ['2' '129.39616592577337' 'present']
 ['3' '138.140832443773' 'present']
 ['3' '143.20227265164382' 'present']
 ['3' '151.91179560498875' 'present']
 ['4' '163.4341557458053' 'marauded']
 ['2' '176.38984597284758' 'present']
 ['3' '180.8387771284886' 'present']
 ['3' '193.77520150330432' 'marauded']
 ['4' '195.46086326232538' 'presentdestroyed']
 ['2' '196.60343859913354' 'presentdestroyed']
 ['4' '197.12970542876724' 'presentdestroyed']
 ['3' '212.6924352239643' 'present']
 ['2' '218.29081432776815' 'present']
 ['3' '219.72115954253908' 'marauded']
 ['2' '223.09927749896775' 'presentdestroyed']
 ['4' '232.16483492653094' 'present']
 ['4' '232.52318270333814' 'present']
 ['4' '251.12035367943142' 'present']
 ['2' '263.9677387882564' 'marauded']
 ['4' '264.77247002375015' 'presentdestroyed']
 ['3' '272.48248591849017' 'present']
 ['3' '272.6087967130678' 'present']
 ['3' '286.2491330836683' 'present']
 ['2' '289.2533572792333' 'present']
 ['3' '290.6705319091114' 'marauded']
 ['4' '291.9284943396709' 'presentdestroyed']
 ['2' '292.29909135255036' 'presentdestroyed']
 ['3' '301.82566008867525' 'present']
 ['3' '313.42489646868574' 'marauded']
 ['3' '316.7290309270156' 'presentdestroyed']
 ['2' '328.70275414802745' 'marauded']
 ['3' '330.19866352334344' 'presentdestroyed']
 ['3' '359.2486554058673' 'present']]","[['F98' '76.28142488132198' 'mated']
 ['F97' '97.53051100771545' 'mated']
 ['F49' '124.754483068551' 'mated']
 ['F100' '136.92072738830456' 'mated']
 ['F68' '193.24229896221428' 'mated']
 ['F27' '199.6656535706344' 'destroyed']
 ['F27' '199.68880171878254' 'destroyed']
 ['F83' '207.3459111469142' 'mated']
 ['F31' '214.61297442709315' 'mated']
 ['F25' '224.53155579426613' 'absentdestroyed']
 ['F50' '247.3948605198984' 'mated']
 ['F51' '249.3483575014381' 'absent']
 ['F6' '250.73621880385588' 'mated']
 ['F59' '264.8167400550565' 'destroyed']]",1000.0,1000.0,575.0,67.71401179640027,13.799397364633338,1462.0,246.56844055830948,52.42412130791542,261.0,42.815985915871174,9.056049828282742,11.0,1.0999999999999999,0.11000000000000004,75.0,1.9750573035006915,0.05626286008230446
9,0.054,5,360.11786534250695,"[['4' '2.873600209074007' 'present']
 ['4' '7.2189509855306655' 'present']
 ['2' '7.861044951825799' 'present']
 ['2' '13.455058922173086' 'present']
 ['2' '50.33306519818622' 'present']
 ['2' '60.32919593744353' 'present']
 ['2' '61.137249934255564' 'present']
 ['4' '71.69682086618984' 'present']
 ['11' '84.13878094024308' 'marauded']
 ['1' '99.87288279623762' 'present']
 ['4' '106.84787633969009' 'present']
 ['2' '110.5867948278481' 'marauded']
 ['2' '110.70994297599624' 'destroyed']
 ['2' '114.41309653943526' 'presentdestroyed']
 ['2' '114.95833059360054' 'presentdestroyed']
 ['2' '126.80026949871936' 'present']
 ['4' '136.78663881555607' 'present']
 ['2' '142.29687925198394' 'present']
 ['2' '160.71581607015943' 'marauded']
 ['4' '167.12712361272872' 'presentdestroyed']
 ['2' '167.97232650528088' 'present']
 ['2' '195.04606838996156' 'present']
 ['8' '229.59870465208132' 'present']
 ['4' '230.53701598886093' 'marauded']
 ['2' '239.85820449067654' 'present']
 ['2' '245.71796845368956' 'marauded']
 ['2' '252.72136113786098' 'destroyed']
 ['2' '261.8535242477322' 'present']
 ['2' '266.0410666352644' 'present']
 ['4' '276.68112325369157' 'present']
 ['2' '278.4527938306263' 'present']
 ['2' '284.96106667268896' 'marauded']
 ['11' '307.27580665797893' 'present']
 ['4' '311.04795750311484' 'present']]","[['F91' '41.335318291455636' 'mated']
 ['F60' '87.64470525049224' 'destroyed']
 ['F99' '125.16852064509895' 'mated']
 ['F63' '168.27265513305673' 'mated']
 ['F92' '177.75148928800172' 'mated']
 ['F43' '227.53735745325508' 'mated']
 ['F75' '230.87040451590732' 'destroyed']]",1500.0,0.0,559.0,73.29748283092337,16.26275044762779,1470.0,245.8318416722445,51.648731087098795,219.0,36.45418816957179,7.690882579053038,18.0,1.8000000000000005,0.1800000000000001,91.0,2.843713780911852,0.0937714334705075
10,0.0,9,360.0160864094639,"[['1' '1.0383527615914299' 'present']
 ['1' '2.731480974184047' 'present']
 ['4' '3.5852512012017828' 'present']
 ['1' '8.02419245600697' 'present']
 ['8' '8.091639001288053' 'present']
 ['8' '8.114787149436202' 'present']
 ['3' '9.71315531486092' 'present']
 ['11' '12.932778232164923' 'present']
 ['3' '13.01017498131931' 'present']
 ['8' '15.200421185245839' 'present']
 ['3' '19.623460037715812' 'present']
 ['4' '25.2109653195815' 'present']
 ['1' '32.30508475196197' 'present']
 ['8' '37.823627032631' 'present']
 ['1' '38.99845169959251' 'present']
 ['8' '44.59551172609413' 'present']
 ['8' '47.6851387083063' 'marauded']
 ['4' '48.38166901127312' 'destroyed']
 ['8' '67.44555405342452' 'present']
 ['3' '69.53304496122165' 'marauded']
 ['1' '71.25821286622616' 'presentdestroyed']
 ['3' '72.17003589479228' 'presentdestroyed']
 ['8' '78.20510221044317' 'present']
 ['8' '86.5620875467089' 'marauded']
 ['8' '88.96604315848487' 'presentdestroyed']
 ['1' '94.8107138151287' 'present']
 ['1' '101.88484476028123' 'present']
 ['4' '104.62292371029352' 'present']
 ['4' '106.31130941998487' 'present']
 ['1' '109.35810462617204' 'marauded']
 ['8' '112.52709686928148' 'presentdestroyed']
 ['1' '123.06965637409624' 'marauded']
 ['8' '124.4127768522788' 'destroyed']
 ['3' '127.43549064968306' 'presentdestroyed']
 ['1' '130.35577899704853' 'presentdestroyed']
 ['2' '149.90657532671767' 'present']
 ['1' '150.4094443188825' 'present']
 ['11' '156.81242902592956' 'present']
 ['3' '173.17830882544072' 'marauded']
 ['8' '175.4727290862925' 'presentdestroyed']
 ['8' '182.57784915962776' 'present']
 ['1' '184.08021965247676' 'present']
 ['8' '189.24641829391297' 'marauded']
 ['4' '194.40514490823242' 'presentdestroyed']
 ['1' '209.88691378926987' 'present']
 ['3' '212.66928707581616' 'present']
 ['8' '214.27589534963107' 'marauded']
 ['1' '216.00428543494183' 'presentdestroyed']
 ['3' '219.0674788768487' 'presentdestroyed']
 ['3' '225.2022897840234' 'marauded']
 ['1' '225.57234232320135' 'presentdestroyed']
 ['2' '231.35359183412126' 'destroyed']
 ['8' '239.027244610622' 'present']
 ['8' '254.51751897205892' 'present']
 ['4' '277.0871792745774' 'present']
 ['8' '277.1118302067948' 'marauded']
 ['8' '278.31273662342664' 'presentdestroyed']
 ['1' '279.56562370808695' 'presentdestroyed']
 ['1' '283.95332902698925' 'presentdestroyed']
 ['8' '288.13891760397246' 'present']
 ['11' '291.6747271393271' 'present']
 ['3' '302.8357375394596' 'present']
 ['8' '309.03346137376025' 'present']
 ['1' '311.1359198366608' 'present']
 ['3' '312.30683378722097' 'present']
 ['4' '314.85977481489175' 'present']
 ['3' '316.7521790751637' 'marauded']
 ['8' '320.867639258684' 'presentdestroyed']
 ['1' '329.4566032496512' 'marauded']
 ['3' '330.47303025155554' 'presentdestroyed']
 ['3' '333.38515785858027' 'presentdestroyed']
 ['3' '336.9379650376342' 'present']
 ['1' '340.85701985278564' 'present']
 ['1' '346.7732648076195' 'marauded']
 ['3' '347.34730863656563' 'presentdestroyed']
 ['1' '351.5875351239823' 'presentdestroyed']
 ['1' '351.6701473697407' 'presentdestroyed']
 ['11' '353.4876619786473' 'presentdestroyed']]","[['F58' '40.83173889560655' 'absent']
 ['F102' '75.35231098707293' 'destroyed']
 ['F42' '86.55614165226666' 'mated']
 ['F11' '88.31048044671212' 'destroyed']
 ['F89' '94.0424357539315' 'mated']
 ['F73' '154.5820365545217' 'absent']
 ['F84' '162.52427441385504' 'mated']
 ['F82' '167.77815336017116' 'absent']
 ['F47' '175.85204919691097' 'destroyed']
 ['F20' '179.01902932855927' 'destroyed']
 ['F46' '182.33318287272766' 'absent']
 ['F4' '197.45164261989913' 'mated']
 ['F104' '207.53008131821392' 'mated']
 ['F45' '210.127556020333' 'mated']
 ['F101' '210.3038563953609' 'mated']
 ['F26' '214.96103190804064' 'absentdestroyed']
 ['F77' '219.7654258572042' 'destroyed']
 ['F25' '224.5431298683402' 'mated']
 ['F36' '224.76888398925348' 'mated']
 ['F13' '226.32317288820238' 'destroyed']
 ['F57' '237.3495441373911' 'absent']]",1500.0,500.0,565.0,73.27237724814552,15.737117055186163,1249.0,207.77138499183604,44.02241714583631,463.0,79.0123829369511,17.24401087662016,0.0,0.0,0.0,0.0,0.0,0.0
11,0.054,3,360.03789907629294,"[['4' '29.307874453609738' 'present']
 ['1' '39.58258085579797' 'present']
 ['9' '44.30633902233035' 'marauded']
 ['4' '47.54071477447223' 'presentdestroyed']
 ['1' '69.8964667513759' 'marauded']
 ['4' '96.56620127038526' 'present']
 ['1' '101.86169661213307' 'present']
 ['4' '102.84789412066844' 'present']
 ['2' '110.05203864447249' 'present']
 ['4' '117.12609246694748' 'present']
 ['2' '129.67777912626553' 'present']
 ['1' '146.0851737517863' 'present']
 ['1' '149.92131811913148' 'present']
 ['1' '176.8381516755063' 'present']
 ['4' '177.04713885760947' 'present']
 ['1' '183.79422567978511' 'present']
 ['1' '214.73397973515074' 'present']
 ['1' '215.78377162964526' 'present']
 ['1' '227.13306118965028' 'present']
 ['1' '231.0482011929975' 'present']
 ['1' '231.6749604640091' 'marauded']
 ['1' '239.55689443666344' 'present']
 ['1' '239.89039609383522' 'present']
 ['1' '244.06129243549523' 'marauded']
 ['9' '262.07408811322557' 'marauded']
 ['1' '263.45150467259685' 'presentdestroyed']
 ['1' '302.63000017776864' 'present']
 ['1' '324.96721785764515' 'marauded']
 ['1' '329.13153697084266' 'presentdestroyed']
 ['1' '355.90870167454716' 'present']]","[['F7' '123.26210711462251' 'mated']
 ['F34' '138.33129707960956' 'mated']
 ['F79' '170.84556490780605' 'mated']
 ['F26' '202.90514733483758' 'absent']
 ['F64' '226.7189177411003' 'absent']
 ['F14' '236.35479381705673' 'destroyed']
 ['F81' '263.1566362017595' 'destroyed']]",1500.0,1000.0,563.0,71.13212379126998,15.08624830614071,1476.0,248.7232417360001,53.350309704966804,204.0,36.719785817974525,8.158394378004562,13.0,1.3,0.13000000000000006,75.0,2.3647563737406387,0.08251886145404665
