id,probability_maraud,successful_mating,next_foraging_time,mar_attempts,mate_attempts,x_pos,y_pos,foraging_events,foraging_hrs,foraging_sqhrs,staying_events,staying_hrs,staying_sqhrs,repairing_events,repairing_hrs,repairing_sqhrs,marauding_events,marauding_hrs,marauding_sqhrs,traveling_events,traveling_hrs,traveling_sqhrs
0,0.054,10,360.4293512439993,"[['11' '3.4862318385431723' 'marauded']
 ['6' '18.413990663996948' 'marauded']
 ['5' '23.029508722242063' 'presentdestroyed']
 ['1' '23.38098463450196' 'presentdestroyed']
 ['11' '25.97121381685313' 'marauded']
 ['4' '28.065312160853637' 'presentdestroyed']
 ['5' '35.529307926428594' 'present']
 ['6' '37.59726709938524' 'present']
 ['5' '41.234663777472974' 'present']
 ['11' '45.181296668441945' 'present']
 ['6' '56.6345986644395' 'present']
 ['11' '64.24693732790203' 'present']
 ['11' '64.65025799669374' 'present']
 ['11' '69.76734732090691' 'present']
 ['5' '71.51090810785189' 'marauded']
 ['5' '74.28325740757954' 'presentdestroyed']
 ['5' '82.818711413382' 'marauded']
 ['6' '83.6607407542539' 'destroyed']
 ['11' '94.8463152590969' 'present']
 ['4' '102.84487262588858' 'present']
 ['5' '107.55508844859581' 'present']
 ['11' '121.97982304056663' 'present']
 ['4' '127.19022998563787' 'present']
 ['6' '136.70992464483706' 'present']
 ['6' '139.85465009481663' 'present']
 ['11' '143.22080844562188' 'present']
 ['4' '144.93904233515764' 'present']
 ['11' '147.01775281560563' 'present']
 ['11' '148.2146739816521' 'present']
 ['11' '148.23782212980026' 'present']
 ['5' '150.46372614546013' 'present']
 ['4' '156.54472354527033' 'present']
 ['5' '158.12189026148044' 'marauded']
 ['11' '159.49762150607813' 'presentdestroyed']
 ['6' '162.4918828161905' 'presentdestroyed']
 ['11' '174.90276922824222' 'present']
 ['11' '188.27513567381865' 'marauded']
 ['4' '199.98811996948916' 'present']
 ['5' '208.33614151860255' 'present']
 ['4' '214.77287936059733' 'present']
 ['11' '228.2313416298583' 'present']
 ['6' '235.9362823670688' 'present']
 ['4' '238.5047132642455' 'marauded']
 ['1' '242.86534496476347' 'presentdestroyed']
 ['11' '245.5971230076784' 'present']
 ['11' '246.5666124557208' 'present']
 ['1' '248.75836387526203' 'present']
 ['11' '250.47427470001128' 'present']
 ['11' '254.50151467720138' 'marauded']
 ['6' '255.8250340730361' 'presentdestroyed']
 ['5' '256.3634183999279' 'presentdestroyed']
 ['11' '258.1867984107531' 'destroyed']
 ['11' '268.8958859832491' 'present']
 ['6' '275.50549004057234' 'marauded']
 ['4' '283.59596810195484' 'present']
 ['4' '285.16254729958473' 'present']
 ['5' '286.79013542037217' 'present']
 ['11' '289.24587879715625' 'present']
 ['11' '309.8410000000357' 'present']
 ['6' '330.6567449740301' 'marauded']
 ['6' '332.099470148401' 'presentdestroyed']
 ['6' '335.1178840675862' 'destroyed']
 ['11' '346.0963126151206' 'marauded']
 ['11' '350.6393242236883' 'presentdestroyed']]","[['F99' '97.18464507783364' 'mated']
 ['F32' '99.0690415211702' 'mated']
 ['F101' '100.52431459729786' 'mated']
 ['F105' '110.09978332112637' 'mated']
 ['F100' '114.85727959164889' 'mated']
 ['F25' '128.2660284658097' 'absent']
 ['F29' '182.16376877360833' 'absent']
 ['F29' '182.18691692175648' 'absent']
 ['F14' '182.88090989189826' 'absent']
 ['F17' '185.85683797686178' 'mated']
 ['F96' '187.62206181044814' 'mated']
 ['F0' '189.856758380575' 'destroyed']
 ['F61' '227.90827055629165' 'mated']
 ['F103' '244.07884457624112' 'destroyed']
 ['F24' '256.00275829494325' 'destroyed']
 ['F73' '258.68799450395363' 'absentdestroyed']
 ['F15' '270.16698408106237' 'mated']
 ['F64' '284.4190205585871' 'mated']
 ['F83' '311.44920593063625' 'absent']
 ['F93' '352.3034606289667' 'destroyed']]",0.0,0.0,563.0,70.94002839195538,14.787203199994398,1282.0,212.4583692941118,45.19768674042069,436.0,73.13711532282254,15.682824958954772,16.0,1.6000000000000003,0.1600000000000001,73.0,1.9510247973949506,0.054655349794238646
1,0.054,5,360.3219139034285,"[['0' '13.527525205397847' 'present']
 ['11' '59.57695773980632' 'present']
 ['11' '61.88207389709538' 'marauded']
 ['11' '64.6223157100922' 'destroyed']
 ['3' '104.7518206269726' 'present']
 ['3' '107.56165515640134' 'present']
 ['5' '121.68206276094752' 'present']
 ['5' '127.65008869381646' 'present']
 ['11' '138.3888985402591' 'present']
 ['11' '146.33397314221244' 'present']
 ['11' '199.61414025369967' 'present']
 ['11' '200.70181839299858' 'marauded']
 ['0' '231.43303898946897' 'present']
 ['11' '238.18174799766558' 'present']
 ['11' '245.56918072107686' 'present']
 ['11' '257.13725383916403' 'present']
 ['11' '257.8606763315554' 'marauded']
 ['3' '281.9644898765615' 'present']
 ['11' '296.4606949598588' 'present']]","[['F20' '61.56061944528844' 'absent']
 ['F80' '97.05756083822413' 'mated']
 ['F55' '97.6008163619919' 'absent']
 ['F82' '101.62570523634706' 'absent']
 ['F65' '122.55159232818367' 'absent']
 ['F28' '163.3565922863194' 'mated']
 ['F63' '211.227341546994' 'mated']
 ['F54' '219.13006955991335' 'absent']
 ['F54' '219.16280598496826' 'absent']
 ['F21' '220.56986996856517' 'absent']
 ['F21' '220.60260639362008' 'absent']
 ['F52' '221.50616906610088' 'absent']
 ['F84' '226.80783142840397' 'mated']
 ['F73' '270.7485971425821' 'mated']]",0.0,500.0,573.0,70.4301229463103,14.6649244400294,1559.0,266.93993331603093,58.28126303624413,104.0,18.09230848896778,3.92161232306656,20.0,2.0000000000000004,0.20000000000000012,91.0,2.6327208949203302,0.081983024691358
2,0.0,13,360.1931423928053,"[['3' '4.580896186883808' 'marauded']
 ['5' '5.570031406352682' 'presentdestroyed']
 ['6' '21.958256542919447' 'present']
 ['1' '25.745321231318396' 'marauded']
 ['5' '29.539403578141847' 'presentdestroyed']
 ['3' '32.28537630630758' 'presentdestroyed']
 ['1' '35.047009696801645' 'present']
 ['1' '56.908234431538965' 'present']
 ['3' '71.05600322489902' 'present']
 ['3' '71.22815735853233' 'present']
 ['1' '75.24320378165557' 'present']
 ['3' '84.62860366634726' 'present']
 ['1' '95.40339477021945' 'present']
 ['5' '103.1399240263414' 'marauded']
 ['3' '105.19449849220038' 'destroyed']
 ['3' '113.49781221928569' 'present']
 ['11' '114.25458113853553' 'present']
 ['1' '116.5796086808849' 'present']
 ['1' '116.78885432244644' 'present']
 ['3' '140.23135201267203' 'present']
 ['1' '162.08412353473855' 'present']
 ['3' '170.3121029489967' 'present']
 ['1' '170.3986647503994' 'present']
 ['3' '175.0028296040954' 'present']
 ['5' '192.2412891960468' 'present']
 ['5' '198.40958222029238' 'present']
 ['3' '212.246493224969' 'present']
 ['1' '218.37144970653276' 'marauded']
 ['1' '224.51925196864912' 'presentdestroyed']
 ['1' '243.83900726295042' 'present']
 ['5' '246.2408121853564' 'present']
 ['1' '280.5820165196523' 'present']
 ['1' '285.2300600810332' 'marauded']
 ['1' '290.2302403183341' 'presentdestroyed']
 ['3' '291.618756884152' 'presentdestroyed']
 ['3' '292.60791627498' 'presentdestroyed']
 ['5' '299.98883649028795' 'present']
 ['1' '302.3030925350421' 'present']
 ['1' '303.48391895617806' 'marauded']
 ['1' '310.25722043769656' 'destroyed']
 ['1' '311.38559734919477' 'marauded']
 ['1' '317.257089943918' 'presentdestroyed']
 ['1' '317.28023809206616' 'presentdestroyed']
 ['1' '322.63969727958295' 'present']
 ['1' '323.3774485672673' 'present']
 ['1' '336.7230994483341' 'present']
 ['1' '350.55125060653063' 'present']
 ['1' '352.98108806377866' 'present']]","[['F48' '48.62458561791469' 'mated']
 ['F20' '61.572193519362514' 'mated']
 ['F98' '67.73572252113556' 'mated']
 ['F65' '122.57474047633183' 'mated']
 ['F41' '134.57423796262566' 'mated']
 ['F56' '141.1747264910725' 'mated']
 ['F42' '160.28924786299424' 'mated']
 ['F66' '170.30883345654024' 'mated']
 ['F52' '221.4945949920268' 'destroyed']
 ['F30' '234.084141229637' 'mated']
 ['F71' '271.0131403214353' 'mated']
 ['F76' '321.17490837957' 'mated']
 ['F102' '345.16320328543924' 'mated']
 ['F93' '352.34297698964235' 'mated']]",0.0,1000.0,588.0,68.5269464793887,13.092634118677468,1464.0,248.86788085060599,54.002667277828394,258.0,42.754239024150934,8.958646368508601,0.0,0.0,0.0,0.0,0.0,0.0
3,0.054,13,360.2815237302624,"[['4' '5.662934819197306' 'present']
 ['1' '8.847178896645012' 'present']
 ['5' '9.048538609955019' 'marauded']
 ['4' '9.742285883475619' 'presentdestroyed']
 ['4' '12.799229020970289' 'presentdestroyed']
 ['5' '15.445511557789603' 'presentdestroyed']
 ['4' '18.0493762646939' 'present']
 ['5' '27.462494272610172' 'present']
 ['1' '30.72051894568251' 'present']
 ['5' '35.245073602213346' 'present']
 ['6' '40.47679314304615' 'present']
 ['4' '42.631057036879625' 'marauded']
 ['5' '44.166665408411525' 'presentdestroyed']
 ['11' '47.18076254413122' 'destroyed']
 ['5' '61.68304281419571' 'present']
 ['4' '67.49086021843907' 'present']
 ['11' '69.79528960750845' 'present']
 ['5' '70.8930236734828' 'present']
 ['4' '75.80789522019046' 'present']
 ['5' '83.54824077212933' 'present']
 ['6' '85.37121196773181' 'present']
 ['1' '88.2920303238976' 'marauded']
 ['1' '96.16887486524992' 'present']
 ['1' '113.23926191620552' 'present']
 ['4' '113.389849103096' 'present']
 ['5' '119.1863911603596' 'marauded']
 ['6' '123.69794120084327' 'presentdestroyed']
 ['11' '140.5658083165685' 'present']
 ['1' '142.7309601380618' 'marauded']
 ['5' '144.95436851781955' 'destroyed']
 ['6' '145.470726018778' 'presentdestroyed']
 ['5' '151.12837388309723' 'marauded']
 ['1' '154.8769054676581' 'presentdestroyed']
 ['1' '159.09968291925944' 'present']
 ['1' '160.16489154461667' 'marauded']
 ['6' '160.95272932752934' 'presentdestroyed']
 ['5' '161.54859439323988' 'presentdestroyed']
 ['5' '161.57174254138803' 'presentdestroyed']
 ['1' '163.2232763969527' 'presentdestroyed']
 ['6' '167.5287867653039' 'presentdestroyed']
 ['5' '177.4469459829717' 'present']
 ['11' '179.97651543383697' 'present']
 ['6' '183.78555561347693' 'marauded']
 ['6' '192.61213919789407' 'present']
 ['11' '195.06744723378117' 'present']
 ['1' '195.91849497269936' 'present']
 ['1' '196.5212147421823' 'present']
 ['4' '199.4642362439443' 'present']
 ['5' '204.44128486591316' 'marauded']
 ['5' '205.29321519112136' 'presentdestroyed']
 ['1' '209.75025213183173' 'presentdestroyed']
 ['4' '214.31877812551943' 'marauded']
 ['1' '224.32397353396877' 'marauded']
 ['5' '227.48378916315258' 'presentdestroyed']
 ['5' '230.6699466248016' 'presentdestroyed']
 ['6' '231.11627269060585' 'presentdestroyed']
 ['1' '231.51012426126107' 'presentdestroyed']
 ['5' '234.32681682660416' 'present']
 ['1' '239.73298307448113' 'marauded']
 ['4' '239.8168118644184' 'destroyed']
 ['1' '244.2802060918188' 'presentdestroyed']
 ['5' '248.99516929452955' 'present']
 ['5' '254.45536044261422' 'present']
 ['4' '254.5545746061059' 'present']
 ['11' '255.37525829274952' 'present']
 ['6' '262.994107808489' 'present']
 ['5' '265.45315278621104' 'present']
 ['4' '268.1723914123846' 'present']
 ['5' '269.701656688865' 'marauded']
 ['6' '275.0510745405306' 'presentdestroyed']
 ['0' '283.08734172682085' 'present']
 ['5' '284.9182171140528' 'present']
 ['1' '286.00406161319756' 'present']
 ['5' '287.56622859148666' 'present']
 ['4' '288.2160248042258' 'present']
 ['5' '289.6001696029334' 'present']
 ['5' '294.8674764978097' 'present']
 ['1' '301.0720846418461' 'marauded']
 ['5' '304.75117999903625' 'presentdestroyed']
 ['1' '309.49350388902104' 'marauded']
 ['1' '333.9862229518701' 'present']
 ['1' '334.00937110001826' 'present']
 ['1' '338.8914352244839' 'present']
 ['5' '350.48615679723383' 'marauded']
 ['11' '355.1706450995527' 'presentdestroyed']
 ['6' '355.6578031992444' 'presentdestroyed']
 ['1' '357.37741267597187' 'presentdestroyed']]","[['F87' '22.772071397214845' 'mated']
 ['F26' '33.049422858869434' 'mated']
 ['F57' '35.63604590183439' 'mated']
 ['F48' '48.573495183164994' 'destroyed']
 ['F48' '48.613011543840614' 'destroyed']
 ['F32' '99.04589337302205' 'absent']
 ['F82' '101.61413116227298' 'absent']
 ['F70' '103.71436398434435' 'mated']
 ['F65' '122.56316640225775' 'destroyed']
 ['F94' '124.45522061270762' 'destroyed']
 ['F81' '140.78972244401976' 'mated']
 ['F86' '146.9908241885055' 'absentdestroyed']
 ['F23' '152.14064715707065' 'destroyed']
 ['F97' '158.79864571444443' 'mated']
 ['F28' '163.34501821224532' 'absentdestroyed']
 ['F13' '170.96273134244635' 'mated']
 ['F90' '182.78357486476656' 'mated']
 ['F96' '187.5989136623' 'destroyed']
 ['F0' '189.82881609397347' 'destroyed']
 ['F88' '192.82869494750028' 'mated']
 ['F40' '199.59176458550687' 'mated']
 ['F63' '211.21576747291994' 'destroyed']
 ['F34' '213.2854142402183' 'mated']
 ['F21' '220.5582958944911' 'absentdestroyed']
 ['F52' '221.51774314017496' 'destroyed']
 ['F104' '244.91409669127876' 'destroyed']
 ['F74' '248.79632111266267' 'mated']
 ['F59' '249.0819928719581' 'mated']
 ['F102' '345.1352609988377' 'absent']
 ['F93' '352.3314029155683' 'destroyed']]",500.0,0.0,575.0,72.29655206621767,14.744316121158997,1080.0,187.64253923174115,41.51105355528767,570.0,97.64436193386919,20.79140911566583,9.0,0.8999999999999999,0.09000000000000002,65.0,1.629277229417829,0.041795267489711914
4,0.054,4,360.5773539794835,"[['5' '3.533529823459864' 'present']
 ['11' '7.389565050449299' 'present']
 ['11' '27.128091766760875' 'present']
 ['5' '43.58781952519907' 'present']
 ['5' '52.46062324299013' 'present']
 ['5' '52.48377139113828' 'present']
 ['3' '55.12723899098447' 'marauded']
 ['0' '69.63088892192896' 'present']
 ['5' '82.36432955908082' 'present']
 ['0' '82.75492600859788' 'marauded']
 ['5' '98.6643776174068' 'present']
 ['5' '108.61405491753173' 'present']
 ['0' '128.62161692824384' 'present']
 ['3' '132.15804800749467' 'present']
 ['5' '134.10743401650996' 'marauded']
 ['1' '140.2358204005812' 'presentdestroyed']
 ['0' '146.45439892406088' 'marauded']
 ['5' '159.9508242864348' 'marauded']
 ['5' '173.5438824245575' 'present']
 ['5' '174.68771385684596' 'marauded']
 ['5' '178.6906485177107' 'presentdestroyed']
 ['5' '180.55889624129057' 'presentdestroyed']
 ['3' '181.21842561265157' 'presentdestroyed']
 ['11' '186.49945259193439' 'present']
 ['5' '195.56071698613266' 'present']
 ['5' '198.26100736140398' 'present']
 ['0' '200.432285869107' 'present']
 ['5' '205.31636333926951' 'present']
 ['11' '206.1088959870703' 'present']
 ['0' '214.2565865427157' 'present']
 ['5' '221.47714471671893' 'present']
 ['0' '224.81920704696375' 'present']
 ['0' '225.9146328986296' 'present']
 ['5' '259.0368022742634' 'present']
 ['5' '259.6355582288029' 'present']
 ['5' '265.001634947417' 'present']
 ['3' '285.6979670568763' 'present']
 ['5' '292.5354433433889' 'present']
 ['5' '309.6733504459848' 'present']
 ['0' '313.5233254568572' 'present']
 ['5' '314.96465259693827' 'present']
 ['0' '329.87316023983277' 'marauded']
 ['5' '333.27880964002514' 'presentdestroyed']
 ['5' '333.3019577881733' 'presentdestroyed']
 ['5' '334.013488168939' 'presentdestroyed']
 ['3' '339.83006221025596' 'present']
 ['3' '344.46697935271385' 'present']
 ['5' '346.32046577063755' 'present']]","[['F72' '52.694757256060655' 'mated']
 ['F46' '72.62025897800966' 'absent']
 ['F105' '110.0834151085989' 'absent']
 ['F79' '114.18421649040782' 'mated']
 ['F10' '160.2758690358605' 'destroyed']
 ['F61' '227.8919023437642' 'absent']
 ['F6' '238.429962617216' 'mated']
 ['F2' '273.67104290323635' 'mated']]",500.0,500.0,559.0,69.77682598939741,14.19091074583819,1436.0,245.01160431493696,53.01025467236234,246.0,42.52179362025614,9.491015740236458,7.0,0.7,0.07,81.0,2.162344015091525,0.06054955418381339
5,0.054,10,360.6869625844547,"[['4' '15.101802893680006' 'present']
 ['4' '15.248563391002145' 'present']
 ['4' '19.01002608097333' 'present']
 ['4' '23.57211175551111' 'present']
 ['4' '35.08935508188158' 'present']
 ['6' '38.994006918909975' 'present']
 ['0' '39.89768885382988' 'present']
 ['0' '47.08820630837728' 'present']
 ['3' '52.17985731997635' 'present']
 ['4' '52.36812718261878' 'present']
 ['4' '54.026752978489895' 'marauded']
 ['3' '64.9692643582587' 'present']
 ['3' '67.75812114975574' 'present']
 ['0' '70.46672050509834' 'present']
 ['3' '85.91675167147518' 'marauded']
 ['4' '91.2996925278784' 'presentdestroyed']
 ['4' '92.65803076202053' 'destroyed']
 ['3' '106.64249580338925' 'present']
 ['0' '110.33034789732153' 'present']
 ['4' '110.93477911165976' 'present']
 ['0' '114.03401066075918' 'present']
 ['4' '127.81026772309454' 'present']
 ['3' '128.74520014706565' 'present']
 ['3' '135.9515772414943' 'marauded']
 ['11' '143.31629792474232' 'presentdestroyed']
 ['0' '150.10323420973364' 'present']
 ['1' '164.18985696074472' 'present']
 ['0' '181.23460739260528' 'present']
 ['3' '181.68431456919967' 'marauded']
 ['4' '182.13916221712807' 'presentdestroyed']
 ['4' '189.05420005843814' 'present']
 ['3' '191.459109005456' 'present']
 ['3' '195.95211299024328' 'present']
 ['3' '212.70633080171217' 'marauded']
 ['4' '225.97663161571447' 'present']
 ['4' '226.66126511101768' 'present']
 ['0' '229.4642532769407' 'present']
 ['4' '243.97130961144188' 'present']
 ['3' '253.42287742667256' 'present']
 ['4' '260.0349422647507' 'present']
 ['4' '273.9070138623198' 'marauded']
 ['4' '276.5902655323087' 'presentdestroyed']
 ['3' '276.9696133132207' 'presentdestroyed']
 ['3' '287.0458140553462' 'present']
 ['4' '289.10293938247764' 'present']
 ['0' '292.26598655002743' 'present']
 ['4' '298.7698384746969' 'present']
 ['4' '301.77358006555653' 'present']
 ['0' '308.06009935525435' 'present']
 ['4' '313.5087547707028' 'present']
 ['11' '331.1978512943963' 'present']
 ['4' '346.5400596715154' 'present']
 ['4' '353.852576516369' 'marauded']]","[['F78' '8.456294730117945' 'mated']
 ['F46' '72.63183305208373' 'mated']
 ['F47' '83.16862207810638' 'mated']
 ['F51' '84.78296861327016' 'mated']
 ['F35' '122.3797464358553' 'mated']
 ['F94' '124.4667946867817' 'mated']
 ['F86' '147.0023982625796' 'mated']
 ['F10' '160.28744310993457' 'mated']
 ['F16' '200.46238349220977' 'mated']
 ['F34' '213.27384016614423' 'destroyed']
 ['F31' '235.99164697728528' 'mated']
 ['F102' '345.14683507291176' 'absent']
 ['F93' '352.3198288414942' 'absent']]",500.0,1000.0,569.0,70.83993962704554,15.216071634691401,1463.0,243.11066259892272,51.747284783974365,249.0,41.96852198667498,8.937807049373976,16.0,1.6000000000000003,0.1600000000000001,88.0,2.525604760708072,0.07876800411522633
6,0.054,15,360.0596798793957,"[['0' '0.15337177080965042' 'present']
 ['4' '1.6929978247572663' 'present']
 ['11' '4.486007072048338' 'marauded']
 ['0' '12.052849625447266' 'present']
 ['0' '16.930058579380276' 'present']
 ['11' '25.29662105326035' 'present']
 ['3' '41.547940172470256' 'marauded']
 ['11' '44.26984389701205' 'presentdestroyed']
 ['11' '49.978239410075226' 'present']
 ['3' '52.1567091718282' 'present']
 ['11' '55.94633860391749' 'present']
 ['0' '57.73069139530981' 'present']
 ['11' '74.85645338588708' 'present']
 ['11' '75.34552673043571' 'present']
 ['3' '86.43450075793322' 'marauded']
 ['0' '91.2241962875003' 'destroyed']
 ['0' '98.64903416771564' 'present']
 ['3' '105.17135034405223' 'present']
 ['0' '107.50108861180651' 'present']
 ['0' '109.08796793674456' 'present']
 ['4' '118.99492018766058' 'present']
 ['3' '127.79876626531284' 'present']
 ['3' '131.23734258238963' 'present']
 ['0' '139.44183352324174' 'present']
 ['11' '143.35102014696454' 'present']
 ['0' '172.56276424935467' 'present']
 ['3' '174.97968145594726' 'present']
 ['11' '178.73124907814082' 'present']
 ['11' '193.23300657532744' 'present']
 ['11' '193.67494510504633' 'present']
 ['0' '198.46197354053905' 'marauded']
 ['11' '202.16591927215916' 'presentdestroyed']
 ['0' '213.17028083651078' 'present']
 ['1' '238.6292989689604' 'present']
 ['0' '250.62382080661226' 'present']
 ['11' '267.8528706786299' 'present']
 ['3' '283.11976147721447' 'present']
 ['0' '283.67854511915544' 'marauded']
 ['0' '283.8016932673036' 'presentdestroyed']
 ['0' '283.8248414154518' 'presentdestroyed']
 ['0' '285.0527807988978' 'destroyed']
 ['0' '287.9506331170187' 'presentdestroyed']
 ['11' '290.9874373664499' 'present']
 ['0' '293.15896355510824' 'present']
 ['0' '297.4728467890124' 'marauded']
 ['0' '313.2807691675132' 'marauded']
 ['0' '313.4039173156614' 'presentdestroyed']
 ['3' '333.1667804754185' 'present']
 ['11' '344.15960928939796' 'present']
 ['11' '344.1827574375461' 'present']
 ['11' '344.20590558569427' 'present']
 ['11' '348.23501652676015' 'marauded']
 ['11' '355.2840960057216' 'presentdestroyed']
 ['0' '356.03734356593714' 'present']]","[['F48' '48.60143746976654' 'destroyed']
 ['F92' '51.30197468054425' 'mated']
 ['F106' '100.77477753757614' 'mated']
 ['F91' '110.87384055461241' 'mated']
 ['F25' '128.28917661395786' 'mated']
 ['F86' '146.97925011443144' 'absent']
 ['F44' '152.30571160696658' 'mated']
 ['F19' '176.26915237069326' 'absent']
 ['F29' '182.1753428476824' 'absent']
 ['F29' '182.19849099583055' 'absent']
 ['F67' '183.2075449296302' 'mated']
 ['F38' '193.43935065121508' 'mated']
 ['F37' '193.79210136891098' 'mated']
 ['F0' '201.87990652872315' 'destroyed']
 ['F54' '219.1907482715698' 'mated']
 ['F52' '221.52931721424903' 'mated']
 ['F62' '231.25766231691344' 'mated']
 ['F21' '232.6305486802216' 'mated']
 ['F104' '244.92567076535283' 'mated']
 ['F9' '258.0478546919797' 'mated']
 ['F73' '258.6995685780277' 'absent']
 ['F73' '258.72271672617586' 'absent']
 ['F95' '307.42401576438436' 'mated']]",1000.0,0.0,567.0,73.07895250166419,16.266260510636805,1399.0,235.36548269735826,50.17701282338494,298.0,48.80964541565748,10.357171335886408,10.0,0.9999999999999999,0.10000000000000003,75.0,1.8433892040548134,0.04929698216735246
7,0.0,7,360.4259133247528,"[['6' '18.643995179389172' 'present']
 ['11' '19.150284356710426' 'present']
 ['6' '19.422655598903006' 'present']
 ['1' '32.379946867453214' 'present']
 ['1' '42.29291379575767' 'marauded']
 ['11' '71.0083350622901' 'marauded']
 ['1' '104.2670484705899' 'marauded']
 ['1' '109.92122744044282' 'presentdestroyed']
 ['11' '118.38136319380479' 'marauded']
 ['1' '131.3359748592224' 'present']
 ['1' '133.8690123753764' 'present']
 ['6' '143.988406632136' 'present']
 ['1' '157.25385768143863' 'present']
 ['6' '169.70676191215398' 'present']
 ['11' '171.20704078472957' 'present']
 ['6' '188.28665410070485' 'present']
 ['6' '191.85851152339401' 'present']
 ['1' '212.39592737719778' 'present']
 ['6' '216.7264439288924' 'marauded']
 ['11' '219.43657958519168' 'presentdestroyed']
 ['6' '224.80893741680543' 'present']
 ['11' '248.66929093206588' 'marauded']
 ['1' '250.9010034719685' 'presentdestroyed']
 ['5' '252.74798825424094' 'presentdestroyed']
 ['6' '262.20837846305454' 'present']
 ['11' '262.9744531767201' 'present']
 ['1' '283.90862660072213' 'present']
 ['11' '294.5375310403311' 'present']
 ['11' '296.17585307645123' 'present']
 ['1' '303.8722849255297' 'present']
 ['11' '313.2214998382061' 'present']
 ['1' '317.1291476573164' 'marauded']
 ['6' '323.49668393066963' 'presentdestroyed']
 ['11' '323.8911094236841' 'presentdestroyed']
 ['11' '330.5429213143045' 'marauded']
 ['1' '333.26904184223554' 'presentdestroyed']
 ['11' '349.7764739222058' 'present']
 ['1' '351.31261373366294' 'present']
 ['6' '357.8518406353453' 'present']]","[['F11' '14.01581502294192' 'mated']
 ['F5' '101.07486961914304' 'mated']
 ['F27' '156.03427874134064' 'mated']
 ['F19' '176.28072644476734' 'mated']
 ['F29' '182.21006506990463' 'mated']
 ['F0' '201.89148060279723' 'mated']
 ['F21' '220.58623818109263' 'destroyed']
 ['F85' '326.36999161082605' 'mated']]",1000.0,500.0,563.0,72.18657854132573,15.001848899286083,1403.0,239.05367776971895,51.915728883774435,284.0,48.849073418640394,10.394704840275418,0.0,0.0,0.0,0.0,0.0,0.0
8,0.0,9,360.0947961194535,"[['4' '5.041403816574539' 'present']
 ['3' '8.91579804851598' 'present']
 ['4' '18.6039517451993' 'present']
 ['4' '23.595259903659255' 'present']
 ['5' '24.54260057745292' 'present']
 ['4' '27.375052467916547' 'present']
 ['4' '29.67444222347274' 'present']
 ['4' '31.23363197006751' 'present']
 ['5' '74.51679638461201' 'present']
 ['4' '75.30581302131924' 'present']
 ['4' '101.17405649614157' 'present']
 ['4' '113.07369937925978' 'present']
 ['4' '114.46842357209286' 'present']
 ['4' '120.30877129652745' 'present']
 ['4' '120.91395083911156' 'present']
 ['4' '123.73160830237003' 'present']
 ['4' '124.04867134586738' 'present']
 ['4' '128.56905045000377' 'present']
 ['4' '129.84103131660896' 'present']
 ['3' '169.81825324514546' 'present']
 ['4' '173.50131550451565' 'present']
 ['4' '203.3969083570622' 'present']
 ['4' '219.38959043144027' 'present']
 ['5' '230.70466884702384' 'marauded']
 ['3' '239.35774771702225' 'present']
 ['4' '245.60801359524348' 'present']
 ['4' '246.48916015472588' 'present']
 ['1' '249.54909492329094' 'present']
 ['4' '257.4261639791337' 'present']
 ['4' '262.1476988202659' 'present']
 ['4' '282.1323977868506' 'present']
 ['4' '282.7792236874127' 'present']
 ['4' '291.25287342140155' 'present']
 ['4' '300.8602821791745' 'marauded']
 ['6' '308.34384315078023' 'destroyed']
 ['4' '321.21300605631774' 'present']
 ['5' '322.36752175605875' 'marauded']
 ['5' '324.3201745789095' 'presentdestroyed']
 ['4' '336.86687335350456' 'present']
 ['1' '346.20326137606895' 'present']
 ['4' '350.5848241332066' 'present']]","[['F60' '56.73432080307316' 'mated']
 ['F82' '101.64885338449521' 'mated']
 ['F43' '130.73073042921806' 'mated']
 ['F23' '152.1570153695981' 'mated']
 ['F53' '228.21049315253447' 'mated']
 ['F22' '259.2298659425115' 'mated']
 ['F8' '266.0308438268259' 'mated']
 ['F75' '297.23531119323957' 'mated']
 ['F69' '350.0915686931228' 'mated']]",1000.0,1000.0,571.0,69.78157412590306,13.914659899009818,1586.0,272.0574532377926,58.579036804233965,106.0,18.182433669972653,3.7877810097768,0.0,0.0,0.0,0.0,0.0,0.0
9,0.0,11,360.70608926766107,"[['1' '1.345923527558471' 'present']
 ['1' '1.554488423669552' 'marauded']
 ['6' '16.72223963521209' 'present']
 ['1' '28.90065921095376' 'marauded']
 ['3' '33.093403939374184' 'presentdestroyed']
 ['6' '33.36124161637038' 'presentdestroyed']
 ['0' '37.006461496134044' 'present']
 ['0' '43.34448147300504' 'marauded']
 ['0' '51.468860803463194' 'present']
 ['3' '59.76418771639516' 'present']
 ['6' '63.573971303601205' 'marauded']
 ['6' '71.39589514070096' 'destroyed']
 ['6' '73.56977226706857' 'present']
 ['0' '98.08301875938362' 'marauded']
 ['3' '106.14313704058539' 'marauded']
 ['0' '107.58798247869112' 'presentdestroyed']
 ['6' '119.77936812638676' 'present']
 ['0' '145.983455560587' 'present']
 ['0' '146.86476566135414' 'present']
 ['6' '149.5874064467302' 'present']
 ['1' '162.26784296000758' 'marauded']
 ['6' '162.51503096433865' 'destroyed']
 ['1' '164.77566112000994' 'presentdestroyed']
 ['0' '166.59224274710982' 'presentdestroyed']
 ['6' '176.84863024793276' 'present']
 ['0' '178.3585573521662' 'present']
 ['0' '183.12641863292268' 'present']
 ['3' '183.50820812968664' 'present']
 ['0' '185.33443331335786' 'marauded']
 ['6' '191.83536337524586' 'presentdestroyed']
 ['0' '211.6781763201979' 'marauded']
 ['1' '220.59720932726356' 'present']
 ['0' '225.84295619064608' 'present']
 ['6' '228.21825045522797' 'marauded']
 ['11' '230.03639807298006' 'destroyed']
 ['3' '247.52398459282577' 'present']
 ['3' '252.28637092064918' 'present']
 ['3' '258.5213006994128' 'present']
 ['3' '262.5893020781911' 'present']
 ['3' '266.1632344580136' 'present']
 ['1' '270.7266162000371' 'present']
 ['3' '279.7344359146273' 'present']
 ['6' '281.1421908785672' 'marauded']
 ['0' '286.19527486137025' 'destroyed']
 ['3' '289.9037909712542' 'present']
 ['3' '297.6838705003798' 'present']
 ['1' '311.01619226431' 'present']
 ['1' '318.4396857724227' 'present']
 ['6' '326.6296611036923' 'present']
 ['1' '329.97921729514536' 'marauded']
 ['3' '331.47663113086026' 'presentdestroyed']
 ['1' '334.0373133866198' 'presentdestroyed']
 ['0' '341.7242459132951' 'present']
 ['6' '345.56424485239125' 'present']
 ['6' '359.81831457638265' 'present']]","[['F26' '33.03784878479536' 'destroyed']
 ['F55' '97.61718457451937' 'mated']
 ['F32' '99.05746744709613' 'destroyed']
 ['F70' '103.70278991027027' 'absentdestroyed']
 ['F45' '128.5913679457818' 'mated']
 ['F58' '172.51627955254588' 'mated']
 ['F14' '182.89248396597233' 'mated']
 ['F96' '187.61048773637407' 'destroyed']
 ['F89' '201.15819232912074' 'mated']
 ['F107' '204.56746201304537' 'mated']
 ['F54' '219.1464377724408' 'destroyed']
 ['F54' '219.1791741974957' 'destroyed']
 ['F62' '231.24608824283936' 'destroyed']
 ['F103' '244.0904186503152' 'mated']
 ['F49' '244.38855711911054' 'mated']
 ['F24' '256.0143323690173' 'absent']
 ['F73' '258.67642042987956' 'absent']
 ['F73' '258.7111426521018' 'absent']
 ['F68' '293.65518071462606' 'mated']
 ['F77' '297.2464328240113' 'mated']
 ['F83' '311.46078000471033' 'mated']
 ['F36' '333.2256874572768' 'destroyed']]",1500.0,0.0,574.0,74.00270396852358,16.36685872507688,1281.0,213.49275179957232,45.145314995264826,422.0,72.65792316090943,15.586917845683134,0.0,0.0,0.0,0.0,0.0,0.0
10,0.0,7,360.17462407031445,[['11' '327.13615210126295' 'present']],"[['F33' '107.49519949818271' 'mated']
 ['F18' '117.03756139840775' 'mated']
 ['F50' '140.58238879652913' 'mated']
 ['F4' '227.1870424857335' 'mated']
 ['F39' '236.78343034653213' 'mated']
 ['F24' '256.0259064430914' 'mated']
 ['F75' '297.2237371191655' 'absent']
 ['F36' '333.2372615313509' 'mated']]",1500.0,500.0,573.0,72.78007050624149,14.998402169535161,1685.0,287.30757132646806,61.90122992497698,0.0,0.0,0.0,0.0,0.0,0.0,0.0,0.0,0.0
11,0.054,4,360.09628817570837,"[['3' '4.253177707970847' 'present']
 ['6' '16.989555007518955' 'present']
 ['6' '30.54739803688359' 'present']
 ['3' '36.21423579454551' 'present']
 ['6' '40.36541306814732' 'present']
 ['3' '42.17018610019441' 'present']
 ['0' '47.70730417127936' 'present']
 ['5' '51.72322519055707' 'present']
 ['6' '63.477964740678395' 'present']
 ['0' '80.11833623363361' 'marauded']
 ['6' '84.31630163456276' 'presentdestroyed']
 ['1' '85.34893922399695' 'presentdestroyed']
 ['1' '95.3754524836179' 'present']
 ['0' '95.91581160016128' 'marauded']
 ['0' '98.79868394820053' 'presentdestroyed']
 ['1' '106.10973304707613' 'present']
 ['6' '115.97208992077665' 'present']
 ['6' '123.82705028724473' 'marauded']
 ['6' '124.36840443066737' 'presentdestroyed']
 ['6' '126.78981726504783' 'destroyed']
 ['6' '140.71375452224925' 'present']
 ['6' '147.2125458924317' 'present']
 ['0' '151.36574423779288' 'marauded']
 ['5' '160.5277033685787' 'marauded']
 ['1' '171.07150297873932' 'present']
 ['1' '181.1419628075739' 'present']
 ['3' '181.65637228259814' 'present']
 ['1' '185.0502102059421' 'present']
 ['5' '201.40283350726477' 'present']
 ['0' '219.4253290379881' 'marauded']
 ['5' '229.8547916441309' 'present']
 ['6' '242.36918310411252' 'present']
 ['6' '261.00657560436775' 'present']
 ['1' '271.35747962704835' 'marauded']
 ['6' '273.06963110145745' 'presentdestroyed']
 ['0' '274.4295662394633' 'destroyed']
 ['0' '274.7664795538689' 'presentdestroyed']
 ['6' '275.30739686201053' 'destroyed']
 ['0' '298.6118797068262' 'marauded']
 ['0' '302.5483441142452' 'presentdestroyed']
 ['0' '306.97686195822257' 'destroyed']
 ['6' '311.9642860670322' 'present']
 ['5' '314.6606193114112' 'present']
 ['0' '323.34620463675543' 'present']
 ['6' '327.69382114344967' 'present']
 ['6' '331.20350615370495' 'marauded']
 ['1' '335.55358410625075' 'destroyed']
 ['6' '335.6926245205467' 'presentdestroyed']
 ['6' '343.37824787054655' 'present']
 ['6' '346.35231378058666' 'present']]","[['F48' '48.58986339569246' 'absent']
 ['F80' '97.04119262569667' 'destroyed']
 ['F99' '97.17307100375956' 'destroyed']
 ['F82' '101.59776294974552' 'destroyed']
 ['F3' '105.71395426693618' 'mated']
 ['F25' '128.2776025398838' 'destroyed']
 ['F12' '147.7215083260319' 'mated']
 ['F7' '182.6511389560479' 'mated']
 ['F0' '189.81244788144602' 'absent']
 ['F0' '189.84518430650093' 'absent']
 ['F0' '189.86833245464908' 'absent']
 ['F1' '205.93079483910682' 'mated']
 ['F21' '220.61897460614753' 'destroyed']
 ['F15' '270.1554100069883' 'absent']]",1500.0,1000.0,549.0,70.80534520859086,15.439642626287785,1333.0,230.5585870054579,50.37303821785267,331.0,54.84179941241277,11.570794399811795,14.0,1.4000000000000001,0.14000000000000007,86.0,2.5386861541883765,0.08091135116598076
