id,probability_maraud,successful_mating,next_foraging_time,mar_attempts,mate_attempts,x_pos,y_pos,foraging_events,foraging_hrs,foraging_sqhrs,staying_events,staying_hrs,staying_sqhrs,repairing_events,repairing_hrs,repairing_sqhrs,marauding_events,marauding_hrs,marauding_sqhrs,traveling_events,traveling_hrs,traveling_sqhrs
0,0.0,8,360.5466706026228,"[['1' '13.943511900085767' 'present']
 ['1' '23.910766182628304' 'present']
 ['20' '32.04809780788576' 'present']
 ['20' '43.27297619741886' 'present']
 ['1' '48.818860660425436' 'present']
 ['20' '50.76323972146949' 'present']
 ['1' '51.35116280446892' 'present']
 ['1' '60.076542910993574' 'present']
 ['1' '60.664049556607345' 'present']
 ['1' '90.94057932986877' 'present']
 ['20' '100.02773121098065' 'present']
 ['23' '111.73903557562303' 'present']
 ['20' '115.62152696514396' 'present']
 ['1' '137.44491332308326' 'present']
 ['1' '138.72527727491746' 'marauded']
 ['1' '175.44669882474' 'present']
 ['20' '186.06780245644322' 'present']
 ['20' '191.23657244445226' 'present']
 ['20' '198.16771758011149' 'present']
 ['20' '198.2140138764078' 'present']
 ['20' '206.17113678462232' 'present']
 ['1' '225.46774846968776' 'present']
 ['20' '227.1888781436397' 'present']
 ['1' '267.384202938893' 'present']
 ['1' '273.8551389337768' 'present']
 ['20' '274.35967034292815' 'present']
 ['1' '293.20121344379754' 'present']
 ['1' '306.8541414343512' 'present']
 ['20' '307.3826848874361' 'present']
 ['1' '312.82436976276693' 'present']
 ['23' '313.64105502139125' 'present']
 ['1' '314.69775055088223' 'present']
 ['20' '314.83207315258016' 'present']
 ['20' '316.9880438774134' 'present']
 ['20' '319.5680527795038' 'present']
 ['20' '341.66691847879804' 'present']
 ['20' '350.12303787603634' 'marauded']
 ['1' '352.89676318253976' 'presentdestroyed']]","[['F67' '71.26072497313949' 'mated']
 ['F16' '93.85285954136788' 'mated']
 ['F199' '110.97452706231897' 'mated']
 ['F178' '129.30366083885414' 'mated']
 ['F27' '149.66943919081814' 'mated']
 ['F184' '153.64647688939976' 'absent']
 ['F143' '158.65932988877896' 'mated']
 ['F206' '245.68674786663883' 'mated']
 ['F100' '248.30919005186198' 'absent']
 ['F168' '270.9522465689698' 'absent']
 ['F47' '301.6258428323961' 'mated']
 ['F119' '331.9356716654569' 'absent']]",0.0,0.0,561.0,71.79703654960338,15.255841440103588,1629.0,276.28336506079347,59.32804891292733,70.0,12.287729079750843,2.8499639702146293,0.0,0.0,0.0,0.0,0.0,0.0
1,0.054,12,360.0170368216979,"[['21' '4.10648973779862' 'marauded']
 ['2' '10.200630914177061' 'presentdestroyed']
 ['21' '24.80326471148523' 'marauded']
 ['21' '29.279879778461016' 'presentdestroyed']
 ['2' '52.05918639161498' 'marauded']
 ['2' '52.35177898420756' 'presentdestroyed']
 ['21' '54.01313413683955' 'presentdestroyed']
 ['21' '63.504719651797245' 'marauded']
 ['21' '87.46568346778571' 'present']
 ['21' '95.12705924411831' 'present']
 ['2' '98.03445541803501' 'present']
 ['2' '107.24694328217838' 'present']
 ['2' '107.94076394920641' 'marauded']
 ['2' '114.49042323777644' 'presentdestroyed']
 ['21' '118.87213303553506' 'present']
 ['21' '127.00954887671271' 'present']
 ['21' '127.07416434621489' 'marauded']
 ['21' '127.68000101088862' 'presentdestroyed']
 ['21' '136.2415290897844' 'present']
 ['6' '136.40657355737375' 'present']
 ['2' '137.2328507353805' 'present']
 ['2' '144.82307052097295' 'marauded']
 ['21' '146.64142120807537' 'presentdestroyed']
 ['21' '149.84339786856785' 'presentdestroyed']
 ['20' '160.3921352387231' 'present']
 ['21' '167.81124353855935' 'marauded']
 ['6' '198.15315110736123' 'marauded']
 ['21' '198.4469273690185' 'presentdestroyed']
 ['21' '200.11458875821276' 'presentdestroyed']
 ['21' '206.2337683587076' 'present']
 ['2' '208.68261217680904' 'present']
 ['21' '262.0120028498243' 'present']
 ['2' '274.29272349500314' 'present']
 ['2' '277.2872277623103' 'present']
 ['2' '298.63687629114617' 'marauded']
 ['21' '313.90199590736916' 'present']
 ['2' '315.9006310977754' 'present']
 ['2' '315.9469273940717' 'present']
 ['21' '318.6036914317111' 'present']
 ['2' '328.51392268726914' 'present']
 ['6' '334.5770576557959' 'present']
 ['21' '341.787474645016' 'present']]","[['F45' '25.331431090984175' 'destroyed']
 ['F134' '40.45850980130714' 'absent']
 ['F195' '88.73908229183785' 'mated']
 ['F15' '104.77712472880624' 'absent']
 ['F14' '109.58363627167871' 'destroyed']
 ['F199' '110.95137891417082' 'absentdestroyed']
 ['F112' '151.39597457220682' 'destroyed']
 ['F54' '158.10876891407668' 'absent']
 ['F9' '159.19000871123268' 'mated']
 ['F87' '178.36566193411247' 'mated']
 ['F126' '187.30158615175426' 'mated']
 ['F91' '224.67270082076033' 'mated']
 ['F151' '230.29625153273471' 'mated']
 ['F196' '233.75685874657523' 'mated']
 ['F55' '236.32098023021229' 'mated']
 ['F168' '270.975394717118' 'mated']
 ['F60' '280.52090300652776' 'mated']
 ['F79' '288.29070173350095' 'absent']
 ['F207' '290.96608573403523' 'mated']
 ['F119' '331.95881981360503' 'mated']]",0.0,1000.0,556.0,72.12601614721494,15.516239868831777,1311.0,222.43762657396056,47.769102705241046,373.0,60.79994005914579,12.751435037027973,11.0,1.0999999999999999,0.11000000000000004,76.0,3.556871626145656,0.1671810699588476
2,0.054,8,360.1476849791667,"[['1' '1.8770868791592152' 'marauded']
 ['22' '3.4317830971257353' 'presentdestroyed']
 ['6' '5.707750442566296' 'presentdestroyed']
 ['22' '20.079212290619722' 'present']
 ['22' '38.959581575246844' 'present']
 ['1' '40.732433492819766' 'marauded']
 ['22' '45.48087719042883' 'presentdestroyed']
 ['6' '52.55473462681566' 'present']
 ['22' '53.80544571149876' 'present']
 ['6' '57.32273228038396' 'present']
 ['1' '59.93024661469728' 'marauded']
 ['22' '73.0854830875274' 'present']
 ['22' '77.2878274559429' 'marauded']
 ['6' '91.57580612096787' 'present']
 ['22' '93.66080271302398' 'present']
 ['1' '98.84653995274753' 'present']
 ['6' '109.39330166996271' 'present']
 ['6' '115.78855703670655' 'present']
 ['1' '124.81364225626727' 'present']
 ['22' '124.8927883099049' 'present']
 ['22' '136.4519535891938' 'present']
 ['22' '138.9358605790122' 'present']
 ['6' '140.38904981446728' 'present']
 ['22' '145.00198403109943' 'present']
 ['22' '146.3879303316964' 'present']
 ['1' '162.98682094358753' 'present']
 ['22' '164.22730622622822' 'present']
 ['22' '181.46968417124688' 'marauded']
 ['6' '185.69265257668607' 'presentdestroyed']
 ['1' '192.01931517985625' 'present']
 ['1' '218.1037095404023' 'present']
 ['1' '226.60564729235654' 'marauded']
 ['6' '229.4169210928118' 'destroyed']
 ['1' '229.66828984028774' 'presentdestroyed']
 ['6' '234.67296465860656' 'present']
 ['6' '235.35865416526906' 'present']
 ['22' '239.8432183782687' 'present']
 ['1' '244.5118034434997' 'present']
 ['6' '244.87049475699288' 'present']
 ['22' '244.95401060915586' 'present']
 ['1' '245.09413258618252' 'present']
 ['6' '252.34074202156148' 'present']
 ['1' '259.9409553190863' 'marauded']
 ['6' '270.8159350401985' 'present']
 ['6' '280.17518748556563' 'present']
 ['22' '281.2794405275786' 'marauded']
 ['6' '292.8109517297694' 'present']
 ['6' '302.45199698998954' 'present']
 ['22' '311.94337336585914' 'present']
 ['6' '322.532751574419' 'present']
 ['6' '329.39838774200473' 'present']
 ['6' '331.37329244671537' 'marauded']
 ['6' '331.7462930635638' 'presentdestroyed']
 ['1' '338.65201845802477' 'marauded']
 ['6' '340.36330832873676' 'destroyed']
 ['6' '341.345097952452' 'destroyed']
 ['1' '344.4405513986413' 'presentdestroyed']
 ['23' '348.05941361401705' 'present']
 ['1' '348.21544601119876' 'present']
 ['6' '355.2508035856674' 'present']]","[['F117' '0.4425882159958079' 'absent']
 ['F134' '40.48165794945528' 'mated']
 ['F89' '66.78549756365176' 'destroyed']
 ['F118' '89.1926779195326' 'mated']
 ['F15' '104.8002728769544' 'mated']
 ['F14' '109.60678441982687' 'absent']
 ['F14' '109.65308071612317' 'absent']
 ['F204' '110.44559624702907' 'mated']
 ['F198' '115.00733124134995' 'mated']
 ['F112' '151.41912272035498' 'mated']
 ['F13' '173.46012545007278' 'mated']
 ['F196' '233.73371059842708' '']
 ['F79' '288.3138498816491' 'destroyed']
 ['F66' '302.2240507364051' 'mated']
 ['F51' '335.14943579644387' 'destroyed']]",0.0,2000.0,583.0,68.54565356194063,13.987256755641623,1331.0,226.0143548382844,47.93989538275074,348.0,60.84088550555588,13.329861633711475,11.0,1.0999999999999999,0.11000000000000004,77.0,3.583991368628383,0.16718106995884757
3,0.0,13,360.53643333427397,"[['23' '14.90002232835546' 'present']
 ['2' '21.21552033930819' 'present']
 ['2' '37.357585334617994' 'present']
 ['23' '39.8797158110883' 'marauded']
 ['2' '50.127345872136395' 'present']
 ['2' '52.20548268791127' 'marauded']
 ['2' '54.51253145716239' 'presentdestroyed']
 ['2' '73.0365976889116' 'present']
 ['23' '80.75949389995925' 'present']
 ['23' '85.37639624546009' 'present']
 ['2' '89.87640902650989' 'present']
 ['2' '107.53043443851955' 'present']
 ['2' '121.43442968290051' 'marauded']
 ['2' '122.0572782092264' 'presentdestroyed']
 ['2' '136.48093649502536' 'present']
 ['23' '170.03143885448208' 'present']
 ['2' '178.85419018423036' 'present']
 ['23' '180.07015907716988' 'present']
 ['2' '180.83059738766556' 'present']
 ['2' '180.87689368396187' 'present']
 ['23' '209.22162409351068' 'present']
 ['23' '239.7543956909169' 'present']
 ['23' '248.2661033936545' 'present']
 ['2' '249.7318045875257' 'present']
 ['23' '250.57385989475935' 'present']
 ['2' '252.05949510831718' 'present']
 ['2' '252.78783208476634' 'present']
 ['23' '275.3598363823716' 'present']
 ['2' '275.8469460575442' 'present']
 ['23' '277.2467442784322' 'present']
 ['2' '313.629832992935' 'present']
 ['23' '315.656439581657' 'present']
 ['2' '324.00464013798836' 'present']
 ['2' '325.85295350704627' 'present']
 ['23' '351.91088402149114' 'present']]","[['F116' '72.34443412932819' 'mated']
 ['F114' '91.83476212035042' 'mated']
 ['F122' '113.4608649712603' 'mated']
 ['F205' '131.63413852534399' 'mated']
 ['F108' '141.75881278787816' 'mated']
 ['F184' '153.66962503754792' 'absent']
 ['F189' '197.3050255959915' 'mated']
 ['F38' '197.89638571885752' 'mated']
 ['F7' '198.84368108536034' 'mated']
 ['F69' '219.28639902524947' 'mated']
 ['F11' '232.04380417258938' 'mated']
 ['F196' '233.71056245027893' 'absent']
 ['F147' '234.9775031089148' 'mated']
 ['F39' '281.3585810998617' 'mated']
 ['F210' '350.0673298148316' 'mated']]",0.0,3000.0,569.0,71.06869770763743,14.858761396742763,1550.0,270.975059878605,60.20864999422897,117.0,18.199634529326488,3.777046149345561,0.0,0.0,0.0,0.0,0.0,0.0
4,0.0,15,360.3503393710421,"[['8' '6.8758653253569175' 'present']
 ['8' '38.383130634947385' 'present']
 ['8' '42.93808414194796' 'present']
 ['8' '42.98438043824425' 'present']
 ['8' '49.42848793086419' 'present']
 ['8' '51.42140429251496' 'present']
 ['8' '63.03929835550981' 'present']
 ['8' '92.47824546235833' 'present']
 ['8' '122.01783651023196' 'marauded']
 ['8' '143.42093317793618' 'present']
 ['8' '162.56914122562716' 'present']
 ['8' '173.51488771930997' 'present']
 ['8' '189.72175826153565' 'marauded']
 ['11' '193.07990107959134' 'destroyed']
 ['8' '199.4916919885247' 'marauded']
 ['8' '259.4328262194098' 'present']
 ['8' '267.54142012783376' 'marauded']
 ['8' '285.8929881346382' 'present']
 ['11' '301.03310847883' 'present']
 ['8' '308.83305707871966' 'present']
 ['9' '359.86248103927244' 'marauded']]","[['F120' '21.46661160598904' 'mated']
 ['F159' '74.7639241848569' 'mated']
 ['F148' '75.2586786067765' 'mated']
 ['F124' '83.95615256632338' 'mated']
 ['F16' '93.82971139321972' 'absent']
 ['F34' '106.73254238080126' 'mated']
 ['F102' '121.18673670176547' 'mated']
 ['F49' '149.09763521612805' 'mated']
 ['F165' '151.71649640062145' 'mated']
 ['F211' '210.54634712819967' 'mated']
 ['F43' '226.97636030982767' 'absent']
 ['F43' '227.02265660612397' 'absent']
 ['F1' '229.1538426886881' 'mated']
 ['F100' '248.33233820001013' 'absent']
 ['F30' '257.4760299373245' 'mated']
 ['F168' '270.88280212452537' 'destroyed']
 ['F168' '270.9290984208217' 'destroyed']
 ['F153' '307.14034894236374' 'mated']
 ['F96' '320.54125624185315' 'mated']
 ['F85' '328.6874049668807' 'mated']
 ['F131' '347.43290077792' 'mated']]",1000.0,0.0,571.0,65.38469149727344,12.684549168248012,1617.0,269.8984381654117,57.59880558918352,138.0,24.842485924081895,5.654166230408766,0.0,0.0,0.0,0.0,0.0,0.0
5,0.0,10,360.1258834784894,"[['1' '2.5772460349865334' 'present']
 ['9' '7.186119881626722' 'marauded']
 ['6' '16.223633287691005' 'present']
 ['6' '20.425573377623376' 'present']
 ['6' '23.178217588139116' 'marauded']
 ['1' '23.29514304744208' 'presentdestroyed']
 ['1' '23.957062478924602' 'destroyed']
 ['1' '24.180975320849797' 'presentdestroyed']
 ['6' '29.381581293176342' 'presentdestroyed']
 ['1' '33.59649943309428' 'present']
 ['9' '48.913165087466965' 'present']
 ['9' '55.51892182747282' 'present']
 ['9' '67.18374484203174' 'present']
 ['1' '71.50020159968871' 'present']
 ['9' '76.37084435892315' 'present']
 ['10' '104.1649919730312' 'present']
 ['9' '106.75060545980905' 'present']
 ['6' '107.80540880537701' 'present']
 ['6' '110.16288794868649' 'present']
 ['6' '118.26184367931496' 'present']
 ['1' '120.15391957882295' 'present']
 ['6' '121.03357462808751' 'present']
 ['6' '124.56795089758188' 'present']
 ['1' '125.27102212311567' 'present']
 ['6' '139.07466495533635' 'present']
 ['6' '139.70843403369125' 'present']
 ['6' '145.73006633385273' 'present']
 ['1' '151.96015781812525' 'present']
 ['6' '158.57724169809742' 'present']
 ['1' '160.57377483415948' 'present']
 ['6' '167.47573913761173' 'present']
 ['6' '169.75873729349217' 'present']
 ['8' '173.3590031461069' 'marauded']
 ['9' '179.6499642643007' 'presentdestroyed']
 ['6' '188.83784391231063' 'present']
 ['1' '192.68339531192257' 'marauded']
 ['6' '194.44868194308188' 'destroyed']
 ['9' '213.46292051157963' 'present']
 ['1' '215.44724933805688' 'present']
 ['1' '216.7439571788559' 'present']
 ['1' '217.78852802303683' 'present']
 ['6' '220.33688648084276' 'present']
 ['6' '225.6395963729235' 'present']
 ['6' '230.94022554248284' 'present']
 ['1' '253.415050049755' 'present']
 ['9' '254.67228062696873' 'present']
 ['6' '260.8179269031021' 'marauded']
 ['1' '265.74358503016106' 'presentdestroyed']
 ['6' '270.7696387439022' 'present']
 ['9' '276.4726276843312' 'present']
 ['1' '277.741373569051' 'present']
 ['6' '280.082594892973' 'present']
 ['6' '281.2601945642355' 'marauded']
 ['6' '286.3003744120597' 'presentdestroyed']
 ['6' '298.67697549614354' 'present']
 ['9' '310.5493997236197' 'present']
 ['1' '314.32977386949193' 'marauded']
 ['9' '317.9349851318014' 'presentdestroyed']
 ['9' '318.1688816997845' 'presentdestroyed']
 ['9' '320.8740185383644' 'presentdestroyed']
 ['9' '325.146740601611' 'marauded']
 ['1' '333.26191170355816' 'present']
 ['9' '335.03695095603814' 'present']
 ['6' '338.37661986824725' 'present']
 ['6' '338.8507240090027' 'present']
 ['1' '339.0585900380699' 'present']
 ['1' '340.9403240006163' 'present']
 ['9' '341.5687055830412' 'marauded']
 ['9' '341.9576951131066' 'presentdestroyed']
 ['9' '343.33502864919757' 'presentdestroyed']
 ['1' '344.4868476949376' 'presentdestroyed']
 ['9' '344.90824828218473' 'presentdestroyed']
 ['9' '351.1164734641762' 'present']
 ['9' '351.39963587897034' 'present']
 ['6' '352.8153563484327' 'marauded']]","[['F22' '42.04282548977721' 'mated']
 ['F75' '68.01474369550552' 'absent']
 ['F124' '71.88670812187893' 'absent']
 ['F163' '75.54692749104885' 'mated']
 ['F20' '133.9978495063589' 'mated']
 ['F59' '164.74477044088158' 'mated']
 ['F46' '189.65451195316666' 'mated']
 ['F113' '191.06200198815043' 'mated']
 ['F212' '213.93101144039076' 'mated']
 ['F43' '227.04580475427213' 'mated']
 ['F1' '229.13069454053993' 'absent']
 ['F5' '241.848812146556' 'mated']
 ['F100' '248.35548634815828' 'absent']
 ['F111' '265.71119434583795' 'destroyed']
 ['F96' '320.518108093705' 'destroyed']
 ['F51' '335.1821722214988' 'mated']]",1000.0,1000.0,561.0,70.16063804501263,15.37216132736807,1347.0,229.4859369761743,49.224172960228664,360.0,60.46471337061509,12.490250465094572,0.0,0.0,0.0,0.0,0.0,0.0
6,0.054,8,360.2156192491012,"[['10' '6.365466130789939' 'present']
 ['10' '12.364479282386071' 'present']
 ['2' '16.252598888931075' 'present']
 ['10' '36.23327251832114' 'marauded']
 ['2' '39.19261935249733' 'presentdestroyed']
 ['10' '41.46133864294086' 'presentdestroyed']
 ['10' '55.46447117132827' 'present']
 ['2' '75.03778485474805' 'marauded']
 ['2' '89.9690016191025' 'present']
 ['10' '98.57886830573456' 'marauded']
 ['2' '120.32559610920917' 'present']
 ['2' '122.1035745055227' 'present']
 ['2' '143.26150263355788' 'present']
 ['2' '144.77677422467664' 'present']
 ['10' '148.61682772415855' 'present']
 ['2' '149.882120358939' 'present']
 ['2' '169.9945871408566' 'present']
 ['2' '174.59021140374423' 'present']
 ['2' '175.23784618847733' 'marauded']
 ['2' '178.71530129534145' 'presentdestroyed']
 ['2' '189.55032726804436' 'present']
 ['10' '199.2861235877287' 'present']
 ['2' '205.92568800408904' 'present']
 ['2' '205.97198430038534' 'present']
 ['9' '213.0672334979244' 'present']
 ['2' '253.19990373394143' 'present']
 ['10' '262.098229844116' 'present']
 ['10' '264.7928500465067' 'present']
 ['2' '277.240931466014' 'present']
 ['10' '287.92432803682635' 'present']
 ['10' '303.7829208907332' 'present']
 ['11' '314.20477255189354' 'marauded']
 ['2' '314.58432038735594' 'presentdestroyed']
 ['10' '319.5105560856448' 'presentdestroyed']
 ['10' '329.7427875495307' 'present']
 ['2' '330.6245300055694' 'present']
 ['10' '343.7582751288639' 'present']
 ['1' '344.3387997742799' 'present']
 ['10' '355.5271467948884' 'present']]","[['F89' '66.80864571179991' 'mated']
 ['F75' '68.03789184365367' 'mated']
 ['F14' '109.67622886427132' 'mated']
 ['F133' '120.37850813734237' 'mated']
 ['F121' '129.79419049728054' 'absent']
 ['F155' '130.27313563594606' 'mated']
 ['F125' '154.0435259379439' 'mated']
 ['F13' '173.43697730192463' 'absent']
 ['F130' '174.52525036844284' 'mated']
 ['F212' '213.9078632922426' 'absent']
 ['F3' '299.5054563361433' 'mated']
 ['F96' '320.49495994555684' 'destroyed']]",1000.0,2000.0,570.0,68.30465885651846,14.403498003848656,1505.0,255.19135686599262,54.94549351786342,196.0,30.507335577352976,6.326973273068215,14.0,1.4000000000000001,0.14000000000000007,99.0,4.660039548587615,0.22076474622770875
7,0.0,7,360.30733397309785,"[['11' '8.42141095404345' 'present']
 ['11' '10.046804963496012' 'marauded']
 ['10' '12.308594709182989' 'destroyed']
 ['6' '27.398187548175454' 'present']
 ['11' '28.180504968284612' 'present']
 ['6' '29.113328623171686' 'present']
 ['11' '38.25090577468797' 'present']
 ['6' '46.58163828921102' 'present']
 ['6' '46.85968594958244' 'present']
 ['6' '65.84419380237574' 'present']
 ['6' '68.41023455058884' 'marauded']
 ['6' '84.99373462887553' 'present']
 ['11' '85.44318131891573' 'present']
 ['6' '97.28635434640522' 'present']
 ['6' '129.2774759763645' 'marauded']
 ['6' '135.5139094959286' 'presentdestroyed']
 ['6' '137.1190317292201' 'present']
 ['11' '138.23325138757747' 'present']
 ['6' '140.97176786884236' 'marauded']
 ['6' '158.7825338952113' 'present']
 ['6' '196.56722215201222' 'present']
 ['6' '208.48818289370314' 'present']
 ['6' '234.62666836231026' 'present']
 ['6' '245.68997738768098' 'marauded']
 ['11' '251.7154481786516' 'presentdestroyed']
 ['11' '266.0568416439658' 'present']
 ['11' '267.9377062899507' 'marauded']
 ['6' '276.01797059271746' 'marauded']
 ['6' '278.66773355082626' 'presentdestroyed']
 ['6' '280.1288911892693' 'presentdestroyed']
 ['11' '283.1140958328648' 'presentdestroyed']
 ['11' '292.7412807476181' 'present']
 ['11' '304.29930451335974' 'present']
 ['6' '311.93046514844457' 'present']
 ['6' '323.8831209378131' 'present']
 ['11' '326.57054686688343' 'present']
 ['6' '328.65709052719404' 'marauded']
 ['11' '334.66080970678416' 'destroyed']
 ['11' '342.2187286510466' 'present']
 ['6' '345.2284759324575' 'present']
 ['6' '345.5946081070979' 'present']
 ['6' '358.9375534938163' 'present']]","[['F116' '72.32128598118004' 'destroyed']
 ['F0' '89.16619491222099' 'mated']
 ['F157' '99.27592828146861' 'absent']
 ['F177' '114.96550490322977' 'mated']
 ['F155' '130.2499874877979' 'destroyed']
 ['F110' '154.86780443652916' 'mated']
 ['F158' '208.57577648986293' 'mated']
 ['F211' '210.52319898005152' 'absent']
 ['F99' '249.3499038904195' 'destroyed']
 ['F168' '270.9059502726735' 'destroyed']
 ['F39' '281.3354329517135' 'absentdestroyed']
 ['F28' '284.85822755614936' 'mated']
 ['F140' '292.4553352064462' 'mated']
 ['F171' '323.16440231893284' 'mated']]",1000.0,3000.0,574.0,70.1553497864675,14.150025225193327,1410.0,241.2841259419555,52.41945435352204,300.0,48.717617814025076,10.220731919468552,0.0,0.0,0.0,0.0,0.0,0.0
8,0.054,8,360.28453108276244,"[['12' '4.135189200140662' 'present']
 ['12' '7.603522504233339' 'present']
 ['9' '13.609504056233092' 'present']
 ['11' '29.094047501759132' 'marauded']
 ['12' '34.70346965100311' 'presentdestroyed']
 ['11' '39.63850732732537' 'present']
 ['11' '53.24638765461537' 'present']
 ['9' '57.494581183412535' 'present']
 ['12' '70.24792425667675' 'marauded']
 ['12' '73.0229340325666' 'presentdestroyed']
 ['12' '74.08373967136062' 'presentdestroyed']
 ['12' '75.00179624604046' 'destroyed']
 ['12' '76.37436739333671' 'presentdestroyed']
 ['9' '77.1588354321004' 'presentdestroyed']
 ['12' '77.76503003120253' 'present']
 ['9' '79.52787299933898' 'marauded']
 ['12' '89.63108221950908' 'present']
 ['9' '102.43965863198882' 'present']
 ['9' '106.64903705152607' 'present']
 ['12' '114.40085267072733' 'present']
 ['11' '119.78459976127532' 'present']
 ['11' '125.08528957891713' 'present']
 ['9' '131.4309482338269' 'present']
 ['9' '131.6595859649345' 'present']
 ['11' '134.9935728012238' 'present']
 ['11' '135.51116296054357' 'present']
 ['11' '142.92027697799483' 'present']
 ['12' '145.51648342113603' 'present']
 ['15' '147.04501426891247' 'present']
 ['11' '159.34267518065013' 'present']
 ['9' '160.6594693418026' 'present']
 ['9' '163.71236388451157' 'marauded']
 ['11' '169.48232910410044' 'presentdestroyed']
 ['9' '169.52660354589923' 'presentdestroyed']
 ['12' '169.5442882103957' 'presentdestroyed']
 ['9' '170.76484379416328' 'presentdestroyed']
 ['9' '171.64984991558532' 'presentdestroyed']
 ['9' '181.35537651012365' 'present']
 ['12' '188.67380938798283' 'present']
 ['11' '191.20005465521922' 'present']
 ['12' '194.74957772155952' 'present']
 ['12' '198.46164950590887' 'present']
 ['9' '207.85408304475712' 'present']
 ['11' '213.79731603709436' 'present']
 ['9' '225.99254682257876' 'marauded']
 ['11' '227.49291309387016' 'presentdestroyed']
 ['9' '229.27658207226744' 'presentdestroyed']
 ['11' '231.26120438257283' 'presentdestroyed']
 ['11' '239.27811823548902' 'marauded']
 ['12' '239.68365864687212' 'presentdestroyed']
 ['12' '247.47096348613826' 'present']
 ['11' '247.82992599957055' 'present']
 ['12' '249.46685745721965' 'present']
 ['11' '265.20412356771965' 'present']
 ['12' '266.42920436416625' 'present']
 ['12' '269.0963866532644' 'present']
 ['12' '270.11404912849576' 'marauded']
 ['9' '279.2880439904295' 'present']
 ['12' '279.41563619802963' 'present']
 ['11' '279.70209142945714' 'present']
 ['9' '280.071675271443' 'present']
 ['11' '287.2011109144613' 'present']
 ['9' '298.00917310489825' 'present']
 ['12' '306.75748042433736' 'present']
 ['11' '315.03181424292046' 'present']
 ['11' '318.865989348134' 'present']
 ['9' '323.5496121650533' 'marauded']
 ['9' '326.5002457928512' 'presentdestroyed']
 ['12' '333.5216822741678' 'present']
 ['11' '343.67086616519396' 'marauded']
 ['11' '345.20799134766514' 'destroyed']
 ['11' '358.81601151869523' 'present']]","[['F187' '36.57795607207975' 'destroyed']
 ['F17' '46.37587913111144' 'mated']
 ['F124' '71.84041182558262' 'absentdestroyed']
 ['F124' '71.93300441817523' 'destroyed']
 ['F159' '74.74077603670875' 'destroyed']
 ['F148' '75.23553045862835' 'destroyed']
 ['F6' '104.38482237576626' 'mated']
 ['F197' '120.78770500349034' 'mated']
 ['F26' '131.59500720673967' 'mated']
 ['F32' '138.96362766080273' 'mated']
 ['F64' '165.56569607090995' 'destroyed']
 ['F154' '172.47832067437804' 'mated']
 ['F10' '195.66243956892882' 'mated']
 ['F43' '226.99950845797582' 'destroyed']
 ['F68' '258.11001198495256' 'mated']
 ['F131' '347.40975262977184' 'absentdestroyed']]",2000.0,0.0,574.0,72.43498272778422,14.268988139426927,1369.0,227.90229198408716,47.98653378909924,329.0,54.72018930508011,11.538556867398645,14.0,1.4000000000000001,0.14000000000000007,77.0,3.6223444762555213,0.17146776406035646
9,0.054,10,360.3579747271351,"[['10' '2.721778143649796' 'present']
 ['8' '10.458243821274321' 'present']
 ['10' '47.80691758164496' 'present']
 ['8' '66.00230115444386' 'present']
 ['8' '69.93594344771955' 'present']
 ['10' '87.23672119302883' 'present']
 ['10' '92.08440642873425' 'present']
 ['10' '95.87872759737185' 'present']
 ['10' '101.36814853649926' 'present']
 ['14' '110.98506934532973' 'present']
 ['10' '113.68077230767325' 'marauded']
 ['8' '118.0436039038481' 'destroyed']
 ['10' '151.42901109107143' 'present']
 ['8' '152.35021738421463' 'marauded']
 ['10' '152.60851928039455' 'presentdestroyed']
 ['8' '176.89562867350716' 'present']
 ['8' '182.61204630242077' 'present']
 ['6' '191.38461870532242' 'present']
 ['8' '204.39052921214378' 'present']
 ['8' '210.883770115247' 'present']
 ['10' '225.0294670296209' 'present']
 ['8' '235.3240545799752' 'present']
 ['10' '236.2258019016345' 'marauded']
 ['10' '245.83289907681652' 'present']
 ['10' '247.52947848154943' 'present']
 ['10' '257.74289704672316' 'present']
 ['8' '258.62130768071876' 'marauded']
 ['8' '267.49512383153746' 'present']
 ['10' '295.2148267140403' 'present']
 ['8' '297.612549719408' 'present']
 ['8' '310.3225183993646' 'present']
 ['8' '317.1078770801096' 'present']
 ['10' '333.7488780691278' 'present']
 ['8' '342.7297689422154' 'present']
 ['8' '355.8716427780255' 'present']]","[['F187' '36.601104220227896' 'mated']
 ['F124' '71.86355997373077' 'absent']
 ['F124' '71.90985627002708' 'absent']
 ['F81' '88.5663731844171' 'mated']
 ['F6' '104.36167422761811' 'absent']
 ['F174' '150.13065919088217' 'mated']
 ['F64' '165.5425479227618' 'absent']
 ['F170' '167.2402792000801' 'mated']
 ['F156' '179.15019286508024' 'mated']
 ['F65' '180.3701063621769' 'mated']
 ['F53' '230.67856336517383' 'absent']
 ['F100' '248.37863449630643' 'mated']
 ['F111' '265.7343424939861' 'absentdestroyed']
 ['F160' '304.53872881256393' 'mated']
 ['F44' '315.6584984935067' 'mated']
 ['F150' '318.7974970774943' 'mated']
 ['F131' '347.3866044816237' 'absent']]",2000.0,1000.0,578.0,69.74204568607949,14.443308115327026,1543.0,260.8035231649621,55.93522298438657,134.0,24.302602191541844,5.5320362461894375,15.0,1.5000000000000002,0.15000000000000008,82.0,3.8538259577370026,0.18218449931412872
10,0.054,10,360.4111337166559,"[['11' '0.9935445084542254' 'present']
 ['14' '15.105094333847802' 'present']
 ['9' '20.152286215147043' 'present']
 ['6' '25.89258895290011' 'marauded']
 ['6' '26.153967827278855' 'presentdestroyed']
 ['9' '27.317369912920388' 'presentdestroyed']
 ['14' '28.563770712699835' 'presentdestroyed']
 ['6' '28.811395575347074' 'destroyed']
 ['11' '37.519145722080985' 'present']
 ['9' '38.24967890585676' 'present']
 ['9' '41.87017178798134' 'present']
 ['14' '48.4436140509547' 'present']
 ['14' '51.33768882936161' 'present']
 ['9' '57.540877479708826' 'present']
 ['14' '60.43286223218198' 'marauded']
 ['6' '61.24596103713428' 'presentdestroyed']
 ['6' '65.79789750607944' 'presentdestroyed']
 ['9' '73.10019279334266' 'present']
 ['11' '79.96057896264763' 'marauded']
 ['9' '96.43770868053697' 'present']
 ['14' '97.10721762395191' 'present']
 ['11' '102.15559976761487' 'present']
 ['6' '110.00709533711826' 'present']
 ['6' '124.05204797997936' 'present']
 ['11' '126.83806730115322' 'present']
 ['11' '138.44693759124496' 'present']
 ['14' '141.7654386036558' 'present']
 ['9' '141.97965167593895' 'present']
 ['9' '149.36546181402446' 'present']
 ['6' '151.1070228468842' 'present']
 ['14' '154.93811139004183' 'marauded']
 ['11' '157.62146983343476' 'presentdestroyed']
 ['6' '172.78053591499585' 'present']
 ['14' '175.3995782551184' 'marauded']
 ['9' '175.57416857411948' 'destroyed']
 ['14' '176.3468801959312' 'presentdestroyed']
 ['14' '188.99265916895246' 'marauded']
 ['11' '192.0378527858695' 'presentdestroyed']
 ['9' '195.21626008122922' 'destroyed']
 ['9' '200.52794946807' 'marauded']
 ['6' '212.85394998242836' 'marauded']
 ['11' '214.55891145350202' 'presentdestroyed']
 ['9' '218.90951866277916' 'presentdestroyed']
 ['14' '234.96912342082683' 'present']
 ['11' '235.83177522701448' 'present']
 ['14' '237.11720358852597' 'present']
 ['11' '243.63259572139972' 'present']
 ['14' '258.7784303120151' 'present']
 ['14' '259.33851619673436' 'present']
 ['11' '264.24989243728004' 'present']
 ['14' '265.24240123809324' 'present']
 ['9' '267.10913694158774' 'marauded']
 ['6' '272.40249378932396' 'presentdestroyed']
 ['14' '274.0909990024567' 'presentdestroyed']
 ['6' '295.73913251475057' 'present']
 ['6' '296.78126602015385' 'present']
 ['6' '302.0191851466384' 'present']
 ['9' '306.2654009616441' 'present']
 ['11' '309.6415103823455' 'marauded']
 ['14' '319.0997730751381' 'present']
 ['9' '319.27350617550275' 'present']
 ['9' '320.9203148346607' 'marauded']
 ['14' '323.5724208932631' 'presentdestroyed']
 ['11' '332.389598614038' 'present']
 ['11' '333.50584380948635' 'present']
 ['6' '345.2747722287538' 'present']
 ['11' '347.4283042290559' 'present']
 ['6' '355.29709988196373' 'present']]","[['F25' '18.199780912592015' 'mated']
 ['F95' '19.806821296904413' 'mated']
 ['F176' '94.29562637883788' 'mated']
 ['F109' '99.1807051703535' 'mated']
 ['F121' '129.8173386454287' 'mated']
 ['F65' '180.34695821402875' 'destroyed']
 ['F128' '211.18608836447112' 'absent']
 ['F190' '239.5953423638087' 'mated']
 ['F162' '244.1366946450024' 'mated']
 ['F111' '265.75749064213426' 'mated']
 ['F182' '290.1082725385105' 'absent']
 ['F132' '298.7624587065145' 'mated']
 ['F192' '340.77632874920175' 'mated']]",2000.0,2000.0,569.0,73.30803685295479,15.59276910578803,1255.0,215.194516239223,46.254401103556184,390.0,67.47053886142737,14.705127021593539,8.0,0.7999999999999999,0.08000000000000002,69.0,3.232797552071582,0.15217764060356645
11,0.054,9,360.36787804629364,"[['8' '7.422928727954306' 'present']
 ['8' '17.493264120168874' 'present']
 ['8' '19.924680567261863' 'present']
 ['10' '20.04999351642542' 'present']
 ['15' '41.311402176783396' 'marauded']
 ['8' '44.678796699333546' 'presentdestroyed']
 ['15' '47.616833301424336' 'presentdestroyed']
 ['10' '48.92630457087561' 'present']
 ['15' '55.20210583037572' 'present']
 ['8' '55.372774584059016' 'marauded']
 ['8' '60.03673590167119' 'presentdestroyed']
 ['8' '69.98223974401586' 'present']
 ['15' '74.53708132390933' 'present']
 ['15' '75.50300381316022' 'present']
 ['15' '79.27929439266033' 'present']
 ['8' '89.89409469493488' 'present']
 ['8' '92.00549187630698' 'marauded']
 ['8' '93.05629205944363' 'presentdestroyed']
 ['8' '101.7252835365607' 'present']
 ['10' '103.78258440230192' 'marauded']
 ['10' '111.17794093427892' 'marauded']
 ['15' '112.80466645585' 'presentdestroyed']
 ['15' '126.63207950461165' 'present']
 ['10' '126.71816258296083' 'present']
 ['15' '126.85398107470488' 'marauded']
 ['10' '128.8315666546112' 'presentdestroyed']
 ['8' '128.96312436411307' 'presentdestroyed']
 ['10' '143.43199499013565' 'present']
 ['8' '156.18459370531795' 'present']
 ['15' '161.43445807105306' 'marauded']
 ['10' '165.54598287769505' 'destroyed']
 ['10' '174.2965465048444' 'present']
 ['8' '196.1062638959754' 'present']
 ['8' '214.03275590033468' 'present']
 ['8' '216.81368793385255' 'marauded']
 ['12' '217.57845054977494' 'destroyed']
 ['10' '220.75874980711362' 'presentdestroyed']
 ['10' '235.63827537042062' 'present']
 ['10' '242.1196230395008' 'present']
 ['10' '252.42623485358865' 'marauded']
 ['8' '257.9473754599191' 'destroyed']
 ['15' '273.53226686382976' 'present']
 ['15' '276.5811539565484' 'present']
 ['15' '284.3823140298902' 'present']
 ['15' '293.77652007846683' 'present']
 ['15' '314.7916284121455' 'present']
 ['8' '316.12115510964054' 'present']
 ['15' '324.3510762933862' 'present']
 ['15' '330.06365918121503' 'present']
 ['10' '339.6354319063372' 'present']
 ['8' '356.22285888159945' 'present']]","[['F176' '94.27247823068973' 'destroyed']
 ['F157' '99.29907642961676' 'destroyed']
 ['F146' '103.27158428254693' 'mated']
 ['F64' '165.5888442190581' 'absentdestroyed']
 ['F63' '186.24301054920008' 'mated']
 ['F31' '195.8486162398452' 'mated']
 ['F128' '211.20923651261927' 'mated']
 ['F172' '211.76669601436657' 'mated']
 ['F86' '214.41546774731938' 'mated']
 ['F70' '217.16445195993435' 'destroyed']
 ['F162' '244.11354649685424' 'absent']
 ['F99' '249.37305203856766' 'mated']
 ['F182' '290.13142068665866' 'mated']
 ['F181' '315.98487482863624' 'mated']]",2000.0,3000.0,554.0,71.24106737798655,15.35991648190924,1353.0,229.09338431707357,48.55092295033536,326.0,54.61288603832501,11.156387130805507,12.0,1.2,0.12000000000000005,82.0,3.8538259577370026,0.18218449931412875
12,0.054,4,360.26618029050405,"[['15' '2.750346031632406' 'present']
 ['15' '51.12478112089024' 'present']
 ['8' '51.64096815609576' 'present']
 ['15' '74.22670307997741' 'present']
 ['8' '90.04838466155623' 'marauded']
 ['8' '95.42882493444337' 'presentdestroyed']
 ['8' '96.45230208292644' 'presentdestroyed']
 ['8' '107.55478580547715' 'present']
 ['15' '113.46520701643124' 'present']
 ['15' '115.12213042429181' 'present']
 ['15' '125.85993882065952' 'present']
 ['15' '128.12890258494278' 'marauded']
 ['15' '148.55094664427423' 'present']
 ['15' '153.12954915113994' 'marauded']
 ['15' '157.08686630300215' 'destroyed']
 ['8' '212.69375686407443' 'present']
 ['8' '223.4939729089846' 'marauded']
 ['8' '235.37035087627152' 'present']
 ['8' '239.261634731766' 'present']
 ['8' '255.05415113892454' 'marauded']
 ['15' '273.59155053456647' 'present']
 ['8' '287.55046711510283' 'present']
 ['8' '290.5019428365058' 'present']
 ['15' '296.4229463031815' 'marauded']
 ['8' '301.514299805733' 'destroyed']
 ['8' '308.99581420738434' 'present']
 ['8' '309.525367465938' 'present']
 ['15' '311.06956586761487' 'marauded']
 ['15' '311.7092939984589' 'presentdestroyed']
 ['8' '312.5156033418774' 'presentdestroyed']
 ['8' '322.6408718446597' 'present']
 ['8' '323.5573382581359' 'marauded']
 ['8' '332.3434864452479' 'present']
 ['15' '339.8558961368423' 'present']
 ['8' '352.6928209901903' 'present']]","[['F42' '188.0794159126316' 'mated']
 ['F36' '219.8011942070708' 'mated']
 ['F191' '222.95977119839318' 'absent']
 ['F104' '236.40352170902173' 'mated']
 ['F202' '244.34621395825707' 'mated']]",3000.0,0.0,567.0,71.0063048583779,14.23459019469931,1436.0,234.0442950515469,48.50390550548669,305.0,48.90301202261279,10.16528046411036,19.0,1.9000000000000006,0.1900000000000001,88.0,4.150780289328351,0.19718792866940985
13,0.0,8,359.7850100456961,"[['18' '11.673522571063288' 'present']
 ['12' '13.643741778447232' 'marauded']
 ['14' '18.173622482583895' 'presentdestroyed']
 ['14' '18.219918778880192' 'presentdestroyed']
 ['14' '25.278779166874106' 'marauded']
 ['14' '30.564939586491718' 'presentdestroyed']
 ['12' '31.746893411189905' 'destroyed']
 ['8' '51.58508358289268' 'present']
 ['9' '54.86841890124136' 'marauded']
 ['9' '62.941985732405655' 'presentdestroyed']
 ['9' '84.14917937267482' 'present']
 ['14' '87.68129746112469' 'present']
 ['9' '107.29508863593338' 'marauded']
 ['12' '108.51009631377478' 'destroyed']
 ['14' '118.91457539920273' 'marauded']
 ['14' '121.21285036196127' 'destroyed']
 ['9' '121.29656843978628' 'destroyed']
 ['9' '121.34286473608259' 'destroyed']
 ['9' '122.03899687734297' 'destroyed']
 ['9' '129.97575247356463' 'present']
 ['9' '130.02204876986093' 'present']
 ['9' '130.06834506615724' 'marauded']
 ['12' '138.18272483103036' 'marauded']
 ['9' '151.04098482746704' 'marauded']
 ['18' '155.33792112996622' 'presentdestroyed']
 ['14' '160.839321937185' 'marauded']
 ['12' '171.81941752541783' 'marauded']
 ['14' '176.79134750658898' 'presentdestroyed']
 ['14' '181.78216151962482' 'marauded']
 ['14' '193.97561272822514' 'present']
 ['9' '196.68448436485303' 'present']
 ['12' '202.85519307807888' 'marauded']
 ['8' '204.17481236808015' 'presentdestroyed']
 ['12' '211.74227714794023' 'present']
 ['12' '213.63109908536404' 'present']
 ['14' '235.03432542108422' 'present']
 ['14' '235.94188878725416' 'present']
 ['14' '239.72141193585327' 'marauded']
 ['12' '241.6348283019481' 'presentdestroyed']
 ['14' '241.92937552131636' 'presentdestroyed']
 ['12' '265.0372508977113' 'marauded']
 ['9' '275.26167980633033' 'present']
 ['12' '275.6295581257684' 'present']
 ['14' '276.3844240362138' 'present']
 ['12' '284.5552483598107' 'present']
 ['12' '293.5935115771073' 'present']
 ['9' '298.9703249674257' 'present']
 ['12' '303.8183190234145' 'present']
 ['14' '317.39370097081564' 'present']
 ['9' '317.88468885439676' 'present']
 ['9' '324.97421223985657' 'present']
 ['12' '338.6680212508359' 'marauded']
 ['9' '345.8050783634756' 'present']
 ['12' '351.05229367623656' 'present']
 ['14' '358.54572417782964' 'present']
 ['9' '359.4829561977743' 'present']]","[['F187' '36.545219647024815' 'absent']
 ['F183' '100.27334388999499' 'mated']
 ['F166' '100.57836630740718' 'mated']
 ['F203' '129.35635010660016' 'absent']
 ['F26' '131.56227078168473' 'destroyed']
 ['F37' '134.7621628727624' 'destroyed']
 ['F4' '150.72644215672673' 'mated']
 ['F170' '167.21713105193194' 'destroyed']
 ['F58' '168.60760912585164' 'mated']
 ['F191' '222.98291934654134' 'mated']
 ['F53' '230.70171151332198' 'mated']
 ['F201' '237.22195007692508' 'mated']
 ['F169' '298.2824729504967' 'mated']
 ['F94' '342.09764811583864' 'destroyed']]",3000.0,1000.0,577.0,73.42976693166908,15.59867527803611,1167.0,194.8648417717932,41.41317131051973,530.0,91.79124625548734,19.939092374340035,0.0,0.0,0.0,0.0,0.0,0.0
14,0.054,7,359.98424396859144,"[['18' '8.079545200059655' 'present']
 ['10' '16.749463703237797' 'present']
 ['10' '19.869669519205758' 'present']
 ['15' '26.973652833663376' 'present']
 ['18' '37.27687951309218' 'marauded']
 ['15' '59.436252130302385' 'present']
 ['15' '63.393744689135666' 'present']
 ['15' '65.09162126315631' 'present']
 ['18' '69.72485859346554' 'marauded']
 ['15' '75.35113961555446' 'presentdestroyed']
 ['15' '75.54930010945652' 'presentdestroyed']
 ['15' '86.38350165953061' 'present']
 ['18' '96.77654195031539' 'present']
 ['18' '98.77696042072618' 'present']
 ['15' '108.20809064793487' 'present']
 ['18' '110.48687021051276' 'present']
 ['10' '117.5908863971148' 'present']
 ['15' '125.71364252436322' 'marauded']
 ['10' '132.61826371059058' 'present']
 ['10' '132.68995920555804' 'present']
 ['18' '134.4012070515977' 'present']
 ['18' '141.834564991815' 'present']
 ['18' '143.2027786656185' 'present']
 ['10' '152.20745809793823' 'present']
 ['10' '153.71883566634477' 'present']
 ['15' '163.94039544156036' 'marauded']
 ['15' '164.50399305594814' 'presentdestroyed']
 ['10' '165.37087994943988' 'presentdestroyed']
 ['18' '169.20638750866308' 'presentdestroyed']
 ['15' '169.55615578298915' 'presentdestroyed']
 ['18' '177.85118280615734' 'present']
 ['10' '197.440180796597' 'marauded']
 ['18' '201.01662490154715' 'presentdestroyed']
 ['9' '204.30822305251897' 'present']
 ['10' '211.20053979127914' 'present']
 ['10' '220.6317231488297' 'present']
 ['15' '222.0246811379143' 'present']
 ['18' '223.73281363399562' 'marauded']
 ['10' '225.1403614737365' 'destroyed']
 ['15' '231.32573751419508' 'presentdestroyed']
 ['10' '233.54456138305122' 'present']
 ['15' '234.8348989694326' 'present']
 ['10' '243.87040540207354' 'present']
 ['18' '248.2442201527425' 'present']
 ['18' '248.99077590495025' 'marauded']
 ['10' '250.30289306321816' 'presentdestroyed']
 ['18' '251.8464694017774' 'presentdestroyed']
 ['18' '255.3758768223326' 'presentdestroyed']
 ['18' '284.140995741258' 'present']
 ['18' '285.2073548715129' 'marauded']
 ['18' '289.61969569177495' 'presentdestroyed']
 ['10' '290.33272598983467' 'presentdestroyed']
 ['18' '296.56464280862696' 'marauded']
 ['10' '300.8994949767813' 'presentdestroyed']
 ['15' '326.18679886920336' 'marauded']
 ['18' '334.32735976716293' 'marauded']
 ['10' '342.66103265269436' 'present']
 ['15' '343.79393945209756' 'marauded']
 ['18' '346.15873329900796' 'presentdestroyed']
 ['10' '346.69735354053944' 'presentdestroyed']
 ['10' '350.2175901717012' 'presentdestroyed']
 ['10' '353.73288691769693' 'present']
 ['18' '359.160215502364' 'present']]","[['F37' '134.78531102091054' 'mated']
 ['F213' '138.6436901927553' 'mated']
 ['F175' '154.89926536674682' 'mated']
 ['F82' '193.98629321011572' 'absent']
 ['F103' '235.96354155637295' 'absent']
 ['F80' '236.78167536887807' 'mated']
 ['F215' '244.92123094671794' 'mated']
 ['F19' '259.51504159740546' 'mated']
 ['F182' '290.08512439036235' 'destroyed']
 ['F192' '340.7531806010536' 'destroyed']
 ['F94' '342.1207962639868' 'mated']
 ['F164' '348.3201447666314' 'destroyed']]",3000.0,2000.0,560.0,64.50427990207974,12.370786802004947,1321.0,218.67189523251392,46.39449975764286,443.0,72.9490358195507,15.558718426816387,10.0,0.9999999999999999,0.10000000000000003,64.0,3.0013160705901005,0.14146090534979422
15,0.054,6,360.002971034724,"[['11' '3.3963566566087473' 'present']
 ['12' '5.845895065222211' 'marauded']
 ['14' '9.339887930996213' 'presentdestroyed']
 ['11' '16.964658255384' 'marauded']
 ['14' '17.16470712040906' 'destroyed']
 ['12' '19.53212021585005' 'presentdestroyed']
 ['14' '25.064825482162455' 'presentdestroyed']
 ['11' '28.22680126458091' 'marauded']
 ['12' '32.53873925085147' 'destroyed']
 ['11' '33.74102492158426' 'presentdestroyed']
 ['11' '34.037112635029054' 'destroyed']
 ['12' '41.21532325860227' 'present']
 ['14' '58.77407813493038' 'present']
 ['14' '60.92357165581603' 'present']
 ['11' '77.40288009700292' 'present']
 ['12' '82.16687095436895' 'present']
 ['11' '86.5041540323641' 'present']
 ['11' '90.94239834089323' 'present']
 ['18' '99.19852488269993' 'present']
 ['14' '114.95611107435668' 'present']
 ['11' '122.97552426619875' 'present']
 ['12' '124.96949855581111' 'present']
 ['11' '138.52957084157507' 'marauded']
 ['12' '146.55819054665966' 'present']
 ['11' '149.62262395492706' 'present']
 ['11' '183.22383871246015' 'present']
 ['12' '185.5164831879958' 'present']
 ['14' '195.2739639350421' 'present']
 ['12' '195.780464068134' 'marauded']
 ['11' '197.22103795408782' 'presentdestroyed']
 ['11' '207.91984754631997' 'present']
 ['12' '211.2300648331588' 'present']
 ['12' '213.4395161336879' 'present']
 ['12' '213.73697645605918' 'marauded']
 ['11' '228.50163907161192' 'present']
 ['11' '228.5597679556529' 'present']
 ['12' '240.40098458534493' 'marauded']
 ['12' '243.36857886651705' 'presentdestroyed']
 ['12' '276.3396665843102' 'present']
 ['12' '276.3859628806065' 'present']
 ['14' '276.46830071322404' 'present']
 ['11' '278.42426813322663' 'present']
 ['11' '281.3846436163164' 'present']
 ['14' '282.4017531565816' 'present']
 ['14' '282.787015618825' 'present']
 ['12' '295.9881543982124' 'present']
 ['11' '296.1725401774695' 'present']
 ['12' '307.3628414978739' 'present']
 ['12' '307.6183712745568' 'present']
 ['14' '308.5427260562845' 'present']
 ['11' '322.6622058867468' 'present']
 ['14' '324.8359445142061' 'present']
 ['11' '340.54743031038083' 'present']
 ['11' '341.18424739944294' 'present']
 ['11' '343.8171624614903' 'marauded']
 ['12' '344.95446908746914' 'presentdestroyed']
 ['11' '350.40613346931866' 'presentdestroyed']]","[['F141' '42.65459125754119' 'mated']
 ['F157' '99.32222457776491' 'mated']
 ['F72' '100.37888475197873' 'mated']
 ['F78' '107.41462208986744' 'mated']
 ['F64' '165.61199236720626' 'absent']
 ['F84' '187.8633704831801' 'mated']
 ['F82' '194.00944135826387' 'mated']
 ['F73' '200.89568714435174' 'destroyed']
 ['F86' '214.39231959917123' 'destroyed']
 ['F70' '217.1876001080825' 'destroyed']
 ['F162' '244.0903983487061' 'destroyed']
 ['F202' '244.32306581010891' 'destroyed']
 ['F215' '244.8980827985698' 'destroyed']]",3000.0,3000.0,550.0,72.94285323544078,16.49118581827577,1364.0,233.93150055104866,50.920149914489535,281.0,48.5736935611131,10.569950985392666,14.0,1.4000000000000001,0.14000000000000007,71.0,3.3445666984777436,0.15860768175582982
16,0.0,7,360.14913226338746,"[['12' '2.512058041356153' 'present']
 ['20' '3.514307465164712' 'present']
 ['12' '5.374280028990651' 'present']
 ['12' '12.04283168994083' 'marauded']
 ['12' '16.652765337644567' 'destroyed']
 ['20' '28.77417115368256' 'marauded']
 ['12' '35.9109047651882' 'present']
 ['21' '37.149831085688824' 'present']
 ['12' '37.41986058501934' 'present']
 ['20' '39.62193275168124' 'present']
 ['20' '43.319272493715154' 'present']
 ['12' '44.29389672021598' 'present']
 ['12' '52.216614427151775' 'marauded']
 ['20' '74.15549439297209' 'present']
 ['20' '106.00432261808534' 'present']
 ['20' '112.87804243157265' 'present']
 ['20' '113.51483681003484' 'present']
 ['12' '123.7241647415509' 'marauded']
 ['12' '136.4414419300375' 'present']
 ['20' '139.60880260174258' 'marauded']
 ['20' '147.8406273401284' 'present']
 ['20' '152.9134911770022' 'marauded']
 ['12' '165.09104876027317' 'marauded']
 ['20' '173.78110863292227' 'present']
 ['12' '174.52877140629343' 'present']
 ['20' '184.7703586439645' 'present']
 ['12' '189.99322555792588' 'present']
 ['12' '193.81631443737365' 'present']
 ['20' '198.9944450533422' 'present']
 ['12' '199.97462701047377' 'present']
 ['12' '208.06425910574853' 'marauded']
 ['15' '208.47130781870268' 'presentdestroyed']
 ['12' '210.74468518809573' 'presentdestroyed']
 ['20' '225.99137533495107' 'present']
 ['20' '238.8624926163749' 'present']
 ['12' '241.6811245982444' 'present']
 ['12' '252.58879730139043' 'present']
 ['12' '278.4737045791215' 'present']
 ['20' '292.6735659273899' 'present']
 ['12' '307.3165452015776' 'present']
 ['20' '312.1930650126593' 'present']
 ['20' '317.79884888362085' 'present']
 ['20' '324.7357015525795' 'present']
 ['12' '337.2272343992146' 'marauded']
 ['20' '347.4619921560725' 'present']
 ['20' '349.0379748425136' 'present']
 ['15' '351.88399754957226' 'present']
 ['20' '352.51604305776226' 'present']
 ['12' '353.4479101217435' 'present']]","[['F127' '39.53422346267481' 'mated']
 ['F106' '67.11008199506955' 'mated']
 ['F67' '71.21442867684318' 'absent']
 ['F149' '97.56637862773131' 'mated']
 ['F2' '150.7273856276865' 'absent']
 ['F123' '152.4653694252034' 'mated']
 ['F193' '164.778320274314' 'mated']
 ['F144' '207.19375007141485' 'mated']
 ['F86' '214.3595831741163' 'destroyed']
 ['F8' '240.02498085128872' 'mated']]",4000.0,0.0,567.0,70.12091278262908,15.116374068154345,1380.0,235.07197749548814,50.0339705966677,325.0,54.94701593659838,12.0896693888073,0.0,0.0,0.0,0.0,0.0,0.0
17,0.0,10,359.9709398249221,"[['18' '0.8772234627712239' 'present']
 ['21' '8.522289000763784' 'present']
 ['21' '9.07771249118921' 'present']
 ['12' '24.34724688473311' 'present']
 ['18' '24.6192573787242' 'present']
 ['18' '34.727407895656164' 'present']
 ['18' '40.902668720688055' 'marauded']
 ['18' '52.1333165651471' 'present']
 ['18' '60.995437635040126' 'present']
 ['21' '88.63088991547636' 'present']
 ['18' '92.10965829219595' 'present']
 ['18' '96.55901585101009' 'present']
 ['21' '96.8210715778879' 'present']
 ['21' '97.19263469360646' 'marauded']
 ['21' '132.34418296497816' 'present']
 ['18' '142.18970877618426' 'present']
 ['18' '150.6559464792324' 'marauded']
 ['21' '175.37342343574096' 'present']
 ['12' '178.78342806078138' 'marauded']
 ['21' '184.47652868916578' 'presentdestroyed']
 ['21' '190.43323522781816' 'present']
 ['12' '199.69550347802263' 'present']
 ['22' '202.84915424225954' 'present']
 ['18' '206.17491996893347' 'present']
 ['21' '207.16991052348274' 'present']
 ['18' '214.38574553111198' 'present']
 ['22' '225.11330162849129' 'present']
 ['21' '234.47519320865027' 'present']
 ['18' '238.46107811754072' 'present']
 ['20' '262.94088876010187' 'marauded']
 ['18' '274.07347336802735' 'present']
 ['18' '277.8634963571928' 'present']
 ['14' '296.0958750162915' 'present']
 ['18' '336.8429978961288' 'present']
 ['21' '338.83325996521324' 'present']
 ['18' '353.02905435519585' 'present']
 ['21' '357.2173633890208' 'present']
 ['18' '359.9713987497236' 'present']]","[['F45' '25.377727387280473' 'mated']
 ['F92' '78.29951488913046' 'mated']
 ['F139' '128.47228262317094' 'mated']
 ['F203' '129.3794982547483' 'mated']
 ['F37' '134.73901472461424' 'absent']
 ['F62' '144.02422635732506' 'mated']
 ['F4' '150.70329400857858' 'destroyed']
 ['F58' '168.5844609777035' 'absent']
 ['F136' '196.47551742052235' 'mated']
 ['F93' '196.6012066766594' 'mated']
 ['F77' '254.5258461472418' 'mated']
 ['F79' '288.38329432609356' 'mated']
 ['F180' '357.16645466424524' 'mated']]",4000.0,1000.0,562.0,71.98948881070432,14.394454239639067,1535.0,257.45625260718174,54.92520246317163,171.0,30.584494701483965,6.849103334091252,0.0,0.0,0.0,0.0,0.0,0.0
18,0.054,11,360.16098012726053,"[['22' '2.556479159368683' 'present']
 ['22' '30.06938279085303' 'present']
 ['22' '42.45869352529304' 'present']
 ['14' '51.17409261748646' 'present']
 ['22' '65.70430985245694' 'present']
 ['14' '68.1992161316571' 'present']
 ['22' '70.68557349501636' 'present']
 ['22' '75.09420403181306' 'present']
 ['14' '111.17081300589606' 'present']
 ['22' '127.04858184425251' 'present']
 ['22' '146.4342266279927' 'present']
 ['14' '150.58485634729564' 'present']
 ['21' '151.1784559464535' 'present']
 ['14' '156.75440448740173' 'present']
 ['14' '160.6930256408887' 'marauded']
 ['22' '166.74159338550461' 'destroyed']
 ['22' '180.60895357572556' 'present']
 ['14' '189.44462511072368' 'present']
 ['22' '195.53174927932903' 'present']
 ['14' '237.16349988482227' 'present']
 ['22' '243.26375933010686' 'present']
 ['22' '256.00304865570627' 'present']
 ['14' '257.2045312957797' 'present']
 ['14' '270.6962195020729' 'present']
 ['21' '302.24469728946656' 'present']
 ['21' '302.47600437117956' 'present']
 ['14' '306.4475215308229' 'present']
 ['22' '311.3272762197398' 'present']
 ['14' '316.2849918506966' 'present']
 ['22' '323.5766524823022' 'marauded']
 ['14' '325.42757336994265' 'presentdestroyed']
 ['22' '342.31294805406174' 'present']
 ['22' '352.57619418959047' 'present']]","[['F24' '114.32388837040887' 'mated']
 ['F107' '118.43694130095523' 'mated']
 ['F161' '135.51796932564832' 'mated']
 ['F62' '144.0010782091769' 'absent']
 ['F83' '150.452922626257' 'mated']
 ['F93' '196.57805852851124' 'absent']
 ['F50' '218.007574029495' 'mated']
 ['F142' '227.42193149697135' 'mated']
 ['F103' '235.9866897045211' 'mated']
 ['F208' '259.8648108641228' 'mated']
 ['F135' '285.8351422391676' 'mated']
 ['F79' '288.3601461779454' 'absent']
 ['F138' '299.6854502149977' 'mated']
 ['F129' '305.5099027089995' 'mated']]",4000.0,2000.0,563.0,71.94130192900717,16.128621532533458,1593.0,269.521441884488,58.15425527459462,70.0,12.3563634605715,2.6492191044896685,20.0,2.0000000000000004,0.20000000000000012,90.0,4.281725989548084,0.20576131687242763
19,0.0,9,359.8989025007772,"[['23' '4.761794535696463' 'present']
 ['23' '4.965218942643551' 'present']
 ['15' '5.503209122069114' 'present']
 ['18' '14.56907532807929' 'present']
 ['18' '14.615371624375587' 'present']
 ['15' '15.39920209283162' 'present']
 ['23' '24.367618969211644' 'present']
 ['23' '44.58712890692142' 'present']
 ['18' '46.97649172314729' 'present']
 ['18' '52.48778989159749' 'present']
 ['15' '65.13791755945262' 'present']
 ['15' '77.79945634103753' 'present']
 ['18' '81.36426069303602' 'marauded']
 ['23' '83.65133219123446' 'presentdestroyed']
 ['15' '89.93963113167048' 'marauded']
 ['15' '91.32030777888369' 'destroyed']
 ['15' '92.14471647173069' 'presentdestroyed']
 ['15' '105.022315121254' 'present']
 ['18' '105.04922243260285' 'present']
 ['18' '128.67423061519054' 'marauded']
 ['15' '134.14034164509542' 'presentdestroyed']
 ['15' '147.33477809189785' 'marauded']
 ['15' '151.69730556689632' 'presentdestroyed']
 ['18' '156.41931295188272' 'present']
 ['18' '181.1769126280533' 'present']
 ['15' '183.92109907626792' 'present']
 ['23' '187.11753478189158' 'present']
 ['23' '188.4133455868309' 'present']
 ['18' '198.18568475240758' 'marauded']
 ['23' '210.38925298744115' 'present']
 ['18' '221.37296528863877' 'present']
 ['23' '221.75059611793654' 'present']
 ['15' '223.87525704898218' 'present']
 ['18' '227.15995546221419' 'present']
 ['23' '238.31983368381782' 'present']
 ['18' '240.03199332409156' 'marauded']
 ['18' '242.90270039101338' 'presentdestroyed']
 ['15' '250.238913351395' 'present']
 ['23' '253.77008418113118' 'present']
 ['15' '262.85663688068297' 'present']
 ['15' '267.67575840476695' 'present']
 ['15' '268.9118581201967' 'present']
 ['18' '270.93892087372615' 'marauded']
 ['15' '291.12497247322966' 'present']
 ['18' '292.66621914802124' 'present']
 ['22' '305.6401694194484' 'present']
 ['15' '319.8981267146004' 'marauded']
 ['18' '320.16708763172755' 'presentdestroyed']
 ['22' '320.7781401996529' 'presentdestroyed']
 ['23' '321.7380792217726' 'presentdestroyed']
 ['18' '338.15009391228045' 'present']
 ['18' '350.5422952173342' 'present']]","[['F23' '28.141550932018358' 'mated']
 ['F48' '111.71666498058966' 'mated']
 ['F74' '142.80147956783154' 'mated']
 ['F2' '150.75053377583464' 'destroyed']
 ['F2' '150.79683007213094' 'destroyed']
 ['F64' '165.6351405153544' 'mated']
 ['F101' '177.9475953675733' 'mated']
 ['F73' '200.9188352924999' 'destroyed']
 ['F73' '200.9651315887962' 'destroyed']
 ['F70' '217.21074825623066' 'mated']
 ['F18' '238.12905555751894' 'absent']
 ['F8' '240.00183270314056' 'absent']
 ['F215' '244.87493465042164' 'absentdestroyed']
 ['F40' '277.30231212724294' 'destroyed']
 ['F186' '292.0880528664111' 'mated']
 ['F164' '348.3528811916863' 'absent']
 ['F115' '354.9520869241287' 'mated']
 ['F164' '360.44547378427893' 'mated']]",4000.0,3000.0,587.0,71.58228529729145,14.754381254325837,1424.0,239.94774233078334,51.36105443802621,292.0,48.56675305399414,10.24403986921109,0.0,0.0,0.0,0.0,0.0,0.0
20,0.054,12,360.0552398960193,"[['21' '22.65721354902596' 'present']
 ['21' '28.199001545199337' 'present']
 ['23' '36.24552399494169' 'present']
 ['23' '38.27836804576511' 'present']
 ['23' '39.26636300989843' 'present']
 ['23' '51.400641944444295' 'marauded']
 ['21' '53.55220001671032' 'presentdestroyed']
 ['21' '59.65154728297369' 'present']
 ['23' '67.73173913897278' 'present']
 ['23' '69.43027904689148' 'present']
 ['21' '79.3410042083386' 'marauded']
 ['21' '81.29945529775128' 'presentdestroyed']
 ['21' '92.37980380207786' 'marauded']
 ['21' '95.86820963118687' 'presentdestroyed']
 ['23' '96.6551217779926' 'presentdestroyed']
 ['23' '99.02345839706057' 'destroyed']
 ['23' '105.57323389455394' 'present']
 ['23' '121.49074840203308' 'present']
 ['21' '122.39122875523807' 'present']
 ['21' '129.37926575890174' 'marauded']
 ['23' '145.6552090989939' 'present']
 ['21' '151.84423205164404' 'present']
 ['23' '155.6705526207067' 'present']
 ['21' '179.11911767578943' 'present']
 ['21' '180.41638459477326' 'present']
 ['1' '193.09003883465655' 'present']
 ['23' '221.70429982164023' 'present']
 ['23' '223.84102822828842' 'present']
 ['21' '224.066425067982' 'present']
 ['23' '231.4759684110369' 'present']
 ['23' '238.39569778405615' 'present']
 ['23' '241.47552279581362' 'marauded']
 ['23' '275.0955362620562' 'present']
 ['23' '281.77942583643005' 'present']
 ['21' '300.32210605854146' 'present']
 ['21' '304.26295122252486' 'present']
 ['21' '314.1482306605316' 'present']
 ['23' '333.17309691012343' 'marauded']
 ['21' '343.4038028570775' 'present']
 ['21' '349.1755797618935' 'present']
 ['21' '354.6307393105129' 'marauded']]","[['F90' '62.91824918119372' 'mated']
 ['F67' '71.23757682499134' 'absent']
 ['F12' '71.88662505874854' 'absent']
 ['F167' '114.89670260894977' 'mated']
 ['F179' '140.5495767095652' 'mated']
 ['F137' '144.8459595093089' 'mated']
 ['F27' '149.64629104267' 'absent']
 ['F21' '155.1109995325326' 'mated']
 ['F2' '162.84312636842725' 'mated']
 ['F185' '172.43073585623156' 'mated']
 ['F73' '213.0114278850925' 'mated']
 ['F57' '225.46500636450529' 'mated']
 ['F100' '248.28604190371382' 'destroyed']
 ['F209' '259.96997802297165' 'mated']
 ['F173' '266.7251940151217' 'mated']
 ['F105' '267.35032753443005' 'mated']]",5000.0,0.0,574.0,67.94410487354206,13.426738059663105,1451.0,246.58077700043845,52.31558537138154,250.0,40.674915343859055,8.414112027840213,11.0,1.0999999999999999,0.11000000000000004,80.0,3.742056811330841,0.17575445816186538
21,0.054,8,360.30840006157536,"[['22' '5.113678384800831' 'present']
 ['22' '12.24504343832929' 'marauded']
 ['22' '22.98524170756547' 'present']
 ['20' '23.3985004146058' 'present']
 ['20' '25.072401452995376' 'present']
 ['20' '26.49206167956361' 'present']
 ['1' '38.758750017988284' 'present']
 ['22' '41.17512285977747' 'marauded']
 ['18' '60.62269962410937' 'present']
 ['20' '63.4601144353492' 'present']
 ['1' '74.04194334032857' 'present']
 ['22' '81.00104071707219' 'present']
 ['22' '85.26949748457038' 'present']
 ['1' '96.02617855718715' 'present']
 ['20' '101.48127486889143' 'present']
 ['2' '121.67851781762334' 'present']
 ['20' '126.9481443310479' 'present']
 ['22' '131.50301247751335' 'present']
 ['22' '138.46445217990689' 'marauded']
 ['22' '143.07581238033467' 'presentdestroyed']
 ['1' '144.36180669862136' 'presentdestroyed']
 ['20' '145.32239695085644' 'presentdestroyed']
 ['20' '151.64686375692722' 'present']
 ['22' '165.7844597919031' 'present']
 ['22' '167.30814928416368' 'present']
 ['20' '174.4735253404092' 'present']
 ['1' '182.67653200031492' 'present']
 ['1' '185.27857574602285' 'present']
 ['22' '186.31445926412002' 'present']
 ['20' '192.41060386494235' 'present']
 ['1' '207.3482980107936' 'marauded']
 ['20' '207.40143801885154' 'destroyed']
 ['1' '212.78719131415528' 'destroyed']
 ['20' '214.02376408879752' 'presentdestroyed']
 ['1' '214.96866699593934' 'presentdestroyed']
 ['20' '215.28799442981853' 'presentdestroyed']
 ['20' '222.0120674378705' 'present']
 ['20' '225.02421252892842' 'present']
 ['20' '226.12627438178697' 'present']
 ['1' '237.92312936369015' 'present']
 ['22' '239.1459608804802' 'marauded']
 ['1' '243.33652803872067' 'presentdestroyed']
 ['22' '244.43128850089732' 'presentdestroyed']
 ['22' '245.00030690545216' 'presentdestroyed']
 ['22' '249.10351123633495' 'present']
 ['20' '251.9233607494365' 'marauded']
 ['22' '254.731089071857' 'presentdestroyed']
 ['20' '261.5943684750538' 'present']
 ['22' '261.92481878973894' 'present']
 ['1' '265.0959299722865' 'marauded']
 ['20' '278.28923858621147' 'present']
 ['20' '286.02709947959477' 'present']
 ['18' '286.7042188644668' 'present']
 ['1' '296.62608229202914' 'present']
 ['22' '305.771275990179' 'present']
 ['1' '309.961594760065' 'present']
 ['1' '310.568452039256' 'present']
 ['1' '324.99697300914113' 'present']
 ['1' '327.87076580352016' 'present']
 ['22' '334.5675464161499' 'present']
 ['1' '338.7983147543211' 'present']]","[['F200' '8.588156671598423' 'mated']
 ['F45' '25.308282942836026' 'absent']
 ['F45' '25.354579239132324' 'absent']
 ['F76' '60.06955013146698' 'mated']
 ['F61' '101.24820589209908' 'mated']
 ['F152' '130.48437397906378' 'mated']
 ['F54' '158.13191706222483' 'mated']
 ['F97' '185.34051172377028' 'mated']
 ['F145' '219.84614183350163' 'mated']
 ['F188' '221.30001537821852' 'mated']]",5000.0,1000.0,569.0,69.5115913908257,14.030438518686816,1462.0,242.95274070396417,51.86990037913492,256.0,42.66928858494611,9.248478515998684,13.0,1.3,0.13000000000000006,76.0,3.595224733772794,0.17146776406035652
22,0.054,10,360.4229229770762,"[['18' '1.3169609032258383' 'present']
 ['2' '27.93573195264321' 'present']
 ['18' '31.069192124911986' 'present']
 ['21' '31.185098333323538' 'marauded']
 ['2' '33.67462573927908' 'presentdestroyed']
 ['23' '34.263698462468064' 'presentdestroyed']
 ['2' '34.40257595834042' 'presentdestroyed']
 ['18' '45.61154342877387' 'marauded']
 ['21' '49.379961454311456' 'presentdestroyed']
 ['23' '54.80958689597677' 'present']
 ['18' '55.312488043164215' 'marauded']
 ['21' '61.19478242278723' 'presentdestroyed']
 ['18' '71.96060789349218' 'present']
 ['18' '84.86587488590781' 'present']
 ['2' '89.9227053228062' 'present']
 ['18' '91.05545703251457' 'present']
 ['23' '91.24571031704009' 'present']
 ['18' '94.7234634463359' 'present']
 ['21' '95.08076294782201' 'present']
 ['23' '95.29487474421607' 'present']
 ['23' '95.67310868388844' 'marauded']
 ['21' '105.22162284886907' 'present']
 ['2' '107.07367531468896' 'marauded']
 ['23' '114.14297053817647' 'marauded']
 ['2' '119.02714761918399' 'presentdestroyed']
 ['21' '120.00500553304451' 'presentdestroyed']
 ['18' '121.27339378646796' 'presentdestroyed']
 ['23' '121.86304754823226' 'present']
 ['23' '121.90934384452856' 'present']
 ['18' '128.9758080827837' 'present']
 ['2' '129.26991377601692' 'present']
 ['2' '133.70776584287617' 'present']
 ['23' '142.70177101539377' 'present']
 ['23' '156.04800118565888' 'present']
 ['23' '159.99025506671148' 'present']
 ['2' '167.10345012474045' 'present']
 ['21' '167.66494724226305' 'marauded']
 ['21' '171.19170076431345' 'presentdestroyed']
 ['2' '173.18783539797377' 'presentdestroyed']
 ['23' '173.35877452288375' 'presentdestroyed']
 ['2' '178.76159759163775' 'present']
 ['2' '178.80789388793406' 'present']
 ['18' '184.7292462911443' 'present']
 ['21' '186.12256881535407' 'present']
 ['18' '200.60965039036407' 'present']
 ['23' '202.56309836491164' 'present']
 ['18' '203.49756671913713' 'present']
 ['18' '203.89828907585843' 'marauded']
 ['21' '206.13040650608696' 'destroyed']
 ['2' '213.03733384315248' 'marauded']
 ['2' '217.39027725240754' 'presentdestroyed']
 ['18' '225.74999902923798' 'marauded']
 ['23' '234.92694484039433' 'present']
 ['18' '235.61483255004984' 'present']
 ['21' '238.55011258356643' 'present']
 ['18' '249.6025041881373' 'present']
 ['21' '250.81347808790088' 'present']
 ['2' '255.79086809044833' 'present']
 ['18' '256.49735204202636' 'present']
 ['2' '256.93340183818674' 'present']
 ['21' '262.57630611259657' 'present']
 ['18' '263.9743188574714' 'present']
 ['18' '269.9350124795441' 'present']
 ['2' '273.17081179343563' 'marauded']
 ['23' '276.3221938501658' 'presentdestroyed']
 ['21' '279.18634408810345' 'presentdestroyed']
 ['23' '281.5868332438374' 'marauded']
 ['23' '281.73312954013375' 'presentdestroyed']
 ['18' '289.66599198807126' 'marauded']
 ['21' '312.8560591689926' 'present']
 ['18' '314.04336293450314' 'present']
 ['2' '330.6708263018657' 'present']
 ['21' '331.0404641875334' 'present']
 ['23' '340.41508572390626' 'present']
 ['21' '343.0336628289681' 'marauded']
 ['2' '347.7236437997833' 'presentdestroyed']
 ['18' '358.73622825059385' 'marauded']]","[['F117' '0.465736364143956' 'mated']
 ['F35' '44.09076969135008' 'mated']
 ['F76' '60.00010568702255' 'destroyed']
 ['F76' '60.04640198331884' 'destroyed']
 ['F214' '89.63444926824695' 'mated']
 ['F194' '93.56117626385226' 'mated']
 ['F14' '109.62993256797502' 'destroyed']
 ['F204' '110.42244809888092' 'destroyed']
 ['F107' '118.41379315280707' 'destroyed']
 ['F52' '133.0513861669341' 'mated']
 ['F161' '135.49482117750017' 'absent']
 ['F56' '147.27032872819757' 'mated']
 ['F184' '153.71592133384422' 'mated']
 ['F41' '182.08021957294446' 'mated']
 ['F50' '217.98442588134685' 'destroyed']
 ['F98' '225.48818949075348' 'mated']
 ['F29' '256.0543196479884' 'mated']
 ['F79' '288.33699802979726' 'destroyed']
 ['F164' '348.3991774879826' 'destroyed']]",5000.0,2000.0,563.0,68.92028177978897,13.65815860332638,1157.0,200.1560672237686,43.497612786572574,486.0,86.60529724777363,19.606289511348926,9.0,0.8999999999999999,0.09000000000000002,73.0,3.456335844883905,0.16503772290809318
23,0.054,6,360.2967575791395,"[['22' '12.144575285203628' 'present']
 ['20' '12.962566347150085' 'present']
 ['18' '20.719301070227907' 'present']
 ['22' '25.47901001071122' 'present']
 ['20' '59.525553259831554' 'marauded']
 ['20' '60.08957812735544' 'presentdestroyed']
 ['20' '71.13566548238171' 'present']
 ['20' '87.60865816124235' 'present']
 ['22' '95.23593176976574' 'present']
 ['20' '101.14179613960415' 'present']
 ['20' '106.74242558242719' 'present']
 ['20' '128.83642928227331' 'present']
 ['20' '148.03072027940087' 'marauded']
 ['22' '151.14458957492093' 'presentdestroyed']
 ['22' '180.94527962550123' 'present']
 ['22' '185.40660038935303' 'present']
 ['20' '194.69155112860838' 'marauded']
 ['22' '235.6993296427196' 'present']
 ['20' '238.35569764210527' 'present']
 ['20' '240.6232165608927' 'present']
 ['22' '244.31135906825924' 'present']
 ['22' '256.990574291646' 'present']
 ['22' '257.5760351163764' 'present']
 ['20' '259.113721572806' 'present']
 ['22' '262.6082489933749' 'marauded']
 ['22' '268.3855114659393' 'presentdestroyed']
 ['20' '292.5272696310936' 'marauded']
 ['20' '301.1113238895606' 'marauded']
 ['20' '306.9658784602636' 'presentdestroyed']
 ['20' '318.03271815480576' 'present']
 ['22' '339.478247750768' 'present']]","[['F76' '60.02325383517069' 'destroyed']
 ['F12' '71.90977320689669' 'mated']
 ['F2' '150.7736819239828' 'absentdestroyed']
 ['F2' '150.8199782202791' 'absentdestroyed']
 ['F184' '153.69277318569607' 'destroyed']
 ['F189' '197.28187744784336' 'absentdestroyed']
 ['F38' '197.87323757070936' 'absentdestroyed']
 ['F73' '200.94198344064804' 'destroyed']
 ['F73' '200.98827973694435' 'destroyed']
 ['F33' '208.36441277958505' 'mated']
 ['F88' '210.44742120127512' 'mated']
 ['F71' '212.13112952449865' 'mated']
 ['F18' '238.1522037056671' 'mated']
 ['F40' '277.3254602753911' 'mated']
 ['F164' '348.3760293398345' 'absent']
 ['F164' '348.4223256361308' 'absent']]",5000.0,3000.0,569.0,71.76140724627513,14.761133593327564,1490.0,247.8127022571017,52.51567107487596,211.0,36.63157917821273,7.822594564339134,7.0,0.7,0.07,67.0,3.1593815132925585,0.15003429355281206
