id,probability_maraud,successful_mating,next_foraging_time,mar_attempts,mate_attempts,x_pos,y_pos,foraging_events,foraging_hrs,foraging_sqhrs,staying_events,staying_hrs,staying_sqhrs,repairing_events,repairing_hrs,repairing_sqhrs,marauding_events,marauding_hrs,marauding_sqhrs,traveling_events,traveling_hrs,traveling_sqhrs
0,0.054,9,359.95122154694053,"[['13' '0.8752476230405472' 'present']
 ['22' '3.391354014670842' 'present']
 ['3' '4.934853196241242' 'present']
 ['12' '14.177348356882346' 'present']
 ['13' '27.54477724497851' 'present']
 ['12' '27.55078644208951' 'present']
 ['19' '29.776592742464537' 'present']
 ['2' '39.9720294784543' 'present']
 ['9' '41.33539303352332' 'present']
 ['10' '51.340616427177615' 'present']
 ['18' '58.86112185695701' 'present']
 ['19' '60.02989696956142' 'marauded']
 ['13' '66.13245929626137' 'presentdestroyed']
 ['22' '73.90158313835072' 'present']
 ['18' '75.80097746641549' 'present']
 ['3' '78.9152921111005' 'marauded']
 ['23' '81.30107198896486' 'destroyed']
 ['19' '87.64505290692063' 'present']
 ['12' '92.8499397199287' 'present']
 ['14' '94.94623583526547' 'present']
 ['23' '110.16138091489164' 'present']
 ['9' '117.2724040515107' 'present']
 ['18' '118.67086341739443' 'present']
 ['3' '124.77891105885952' 'present']
 ['1' '128.6430376299024' 'present']
 ['16' '132.4784916947444' 'marauded']
 ['13' '140.6470841197064' 'present']
 ['5' '144.19782034238753' 'marauded']
 ['4' '155.37251627874124' 'present']
 ['13' '162.68783052467256' 'present']
 ['21' '165.98818394910643' 'present']
 ['3' '167.46622775515917' 'marauded']
 ['21' '171.4437453930041' 'destroyed']
 ['17' '171.60028906106493' 'destroyed']
 ['13' '177.30342291522646' 'marauded']
 ['2' '180.408020743428' 'presentdestroyed']
 ['2' '188.95322674826764' 'present']
 ['11' '190.92289899927877' 'present']
 ['1' '198.02680912121207' 'present']
 ['22' '200.12456151183258' 'present']
 ['2' '202.1960959966913' 'marauded']
 ['23' '203.1027871265286' 'destroyed']
 ['10' '204.46388669959688' 'presentdestroyed']
 ['11' '204.51819364360054' 'presentdestroyed']
 ['15' '213.14898161865037' 'present']
 ['17' '213.9471645077913' 'present']
 ['12' '219.05125927604064' 'present']
 ['22' '223.75682685138224' 'present']
 ['23' '224.2205378366928' 'present']
 ['6' '233.73510453043016' 'present']
 ['12' '234.55190661561286' 'present']
 ['21' '236.14518945180947' 'marauded']
 ['16' '237.2661299822328' 'presentdestroyed']
 ['18' '247.28085966968774' 'present']
 ['9' '258.3853544705805' 'present']
 ['23' '264.8009962903407' 'marauded']
 ['21' '271.93607950959887' 'presentdestroyed']
 ['13' '273.06381404656145' 'present']
 ['11' '279.4015632392799' 'present']
 ['21' '285.6005135926887' 'present']
 ['14' '297.7147764308643' 'present']
 ['8' '302.1183613472713' 'present']
 ['2' '302.37599665336114' 'present']
 ['12' '305.9277623389935' 'present']
 ['17' '312.6402183900128' 'present']
 ['16' '318.9616904426388' 'present']
 ['11' '321.475672738736' 'present']
 ['19' '324.05177020069965' 'present']
 ['6' '350.48896238548446' 'present']]","[['F197' '71.33678963612576' 'absent']
 ['F88' '82.65311357747345' 'absentdestroyed']
 ['F57' '112.30936885833488' 'mated']
 ['F107' '113.99197394307669' 'mated']
 ['F22' '120.2145656983384' 'mated']
 ['F185' '146.16978822682927' 'destroyed']
 ['F92' '155.25326048602682' 'mated']
 ['F83' '179.89489505866763' 'destroyed']
 ['F19' '199.70908921927102' 'absent']
 ['F49' '201.1208113802914' 'mated']
 ['F166' '220.0506161231617' 'mated']
 ['F122' '274.03682523020797' 'absent']
 ['F177' '290.15494700481685' 'mated']
 ['F179' '316.56688234389105' 'mated']
 ['F63' '336.15067681432106' 'mated']]",0.0,0.0,566.0,70.73024433451252,15.240064648613208,1345.0,232.6764879274057,50.595212513714976,295.0,55.20841825571202,12.796277917348835,8.0,0.7999999999999999,0.08000000000000002,68.0,0.624436790333052,0.006580075445816188
1,0.054,9,360.5970146748055,"[['22' '8.74285216040008' 'present']
 ['5' '16.17520993346187' 'present']
 ['12' '18.524443257802464' 'present']
 ['12' '34.85864917927867' 'present']
 ['12' '44.002006150981174' 'marauded']
 ['12' '47.76073241444109' 'presentdestroyed']
 ['0' '51.84165543672952' 'present']
 ['22' '54.44987182635907' 'present']
 ['6' '62.36963553965625' 'present']
 ['11' '63.79230345481693' 'present']
 ['16' '83.0964119980177' 'present']
 ['18' '84.58789838776727' 'present']
 ['11' '87.10830859390923' 'marauded']
 ['21' '100.47490193233816' 'present']
 ['6' '102.37355765399917' 'present']
 ['21' '117.7379091672924' 'marauded']
 ['17' '123.37410333663924' 'destroyed']
 ['6' '131.2910376865961' 'present']
 ['19' '133.06051763567305' 'present']
 ['4' '133.18982022764249' 'present']
 ['5' '138.77364988563298' 'marauded']
 ['18' '156.16882035369335' 'marauded']
 ['11' '157.88606023706222' 'destroyed']
 ['15' '164.82654092378078' 'present']
 ['8' '165.0722217634341' 'present']
 ['9' '166.6214385902722' 'present']
 ['22' '175.15370420124478' 'present']
 ['11' '190.03018649213865' 'present']
 ['14' '195.44205743653137' 'present']
 ['21' '215.10513107784269' 'present']
 ['17' '215.3959823220214' 'present']
 ['3' '215.77442987720016' 'present']
 ['13' '224.61024766820555' 'present']
 ['9' '226.82097484031462' 'present']
 ['22' '229.23910235967463' 'marauded']
 ['4' '232.0868933146561' 'presentdestroyed']
 ['0' '235.08133843716308' 'presentdestroyed']
 ['16' '236.56019749639677' 'presentdestroyed']
 ['10' '236.81480808543782' 'presentdestroyed']
 ['6' '239.1804970510959' 'present']
 ['11' '244.04834523049092' 'present']
 ['14' '244.79871672050592' 'present']
 ['10' '246.22757285503477' 'present']
 ['0' '249.65085469182506' 'present']
 ['2' '251.45776234766183' 'marauded']
 ['17' '251.68045412170173' 'destroyed']
 ['17' '257.22695328317843' 'presentdestroyed']
 ['3' '262.61032552509045' 'present']
 ['3' '279.20521927435374' 'present']
 ['22' '280.58025639463506' 'present']
 ['11' '294.3633165576826' 'marauded']
 ['12' '302.55263371404675' 'present']
 ['12' '304.19820900131134' 'present']
 ['12' '309.8519597734619' 'present']
 ['10' '311.2768872332374' 'present']
 ['6' '313.51019327216864' 'present']
 ['9' '315.0961397327339' 'marauded']
 ['18' '320.031852444581' 'presentdestroyed']
 ['19' '327.2509527050357' 'present']
 ['12' '330.3277572240077' 'present']
 ['2' '330.64594751703515' 'present']
 ['6' '333.8773636361551' 'marauded']
 ['18' '335.54577966605416' 'presentdestroyed']
 ['8' '347.957780465563' 'present']]","[['F188' '91.64562544213652' 'destroyed']
 ['F84' '92.14322405427896' 'absentdestroyed']
 ['F133' '104.04268229114672' 'mated']
 ['F31' '139.7257684330302' 'absentdestroyed']
 ['F141' '151.3479988290682' 'absent']
 ['F38' '154.51136451227353' 'mated']
 ['F193' '172.03440507539906' 'mated']
 ['F205' '199.62572850140077' 'absent']
 ['F19' '199.71140403408583' 'mated']
 ['F131' '244.85512585086252' 'mated']
 ['F60' '254.2316526893968' 'destroyed']
 ['F39' '258.8913631120478' 'mated']
 ['F69' '273.79810862014716' 'mated']
 ['F10' '287.16615549613846' 'mated']
 ['F187' '305.31930567141126' 'mated']
 ['F73' '321.341794258457' 'destroyed']]",0.0,100.0,571.0,72.18640809623365,15.610116789462989,1326.0,224.81237677163887,48.37588194941038,370.0,61.20336789429497,13.016184947909064,14.0,1.4000000000000001,0.14000000000000007,72.0,0.6960589506826558,0.007544581618655698
2,0.054,6,360.05304449637515,"[['14' '0.6465725192889397' 'marauded']
 ['13' '1.3802140921559598' 'presentdestroyed']
 ['6' '11.043477317159445' 'present']
 ['6' '16.958476756334306' 'marauded']
 ['16' '17.926596054302497' 'presentdestroyed']
 ['17' '20.689126584473783' 'presentdestroyed']
 ['6' '26.08249396232294' 'present']
 ['9' '30.380108021069468' 'present']
 ['6' '42.298575875107474' 'present']
 ['3' '61.462896704418384' 'present']
 ['6' '63.87355622061617' 'present']
 ['18' '66.09700357015596' 'marauded']
 ['13' '68.43530897071236' 'presentdestroyed']
 ['5' '82.13467046598184' 'present']
 ['6' '100.31143258700304' 'present']
 ['8' '108.1975205945034' 'marauded']
 ['4' '120.74076985012476' 'present']
 ['9' '122.24169818233278' 'present']
 ['17' '130.31815910347478' 'present']
 ['19' '131.32971170213867' 'marauded']
 ['8' '134.5876282470918' 'presentdestroyed']
 ['10' '143.1910145631459' 'present']
 ['19' '144.57562202585848' 'present']
 ['19' '145.02326734662165' 'present']
 ['15' '152.96439073547052' 'marauded']
 ['15' '164.81087465309645' 'present']
 ['1' '165.57016954369104' 'present']
 ['15' '168.55721094948257' 'present']
 ['5' '172.58442751055776' 'marauded']
 ['5' '175.7800705031808' 'presentdestroyed']
 ['10' '179.24700888801956' 'presentdestroyed']
 ['6' '186.06118178290657' 'present']
 ['16' '193.270037427207' 'present']
 ['1' '193.7488367680475' 'present']
 ['6' '196.6047869632471' 'present']
 ['3' '198.5064277780121' 'present']
 ['10' '202.52977141476163' 'present']
 ['16' '210.57404996644206' 'present']
 ['18' '213.7045406823498' 'marauded']
 ['14' '213.73543359400102' 'destroyed']
 ['19' '218.13090632782004' 'presentdestroyed']
 ['14' '221.05258876786922' 'presentdestroyed']
 ['22' '221.5839558773792' 'present']
 ['19' '223.01013855210564' 'present']
 ['22' '230.8248690315348' 'present']
 ['23' '245.49322274640582' 'present']
 ['4' '252.67622649710157' 'marauded']
 ['8' '252.74756904629388' 'presentdestroyed']
 ['10' '255.51935546137088' 'destroyed']
 ['0' '256.12362811361464' 'presentdestroyed']
 ['9' '281.62891817558676' 'present']
 ['12' '285.3293246256394' 'present']
 ['4' '302.7991941693079' 'present']
 ['10' '303.16602594841083' 'present']
 ['19' '311.90539597058086' 'present']
 ['3' '317.3747429221153' 'present']
 ['21' '332.87284321874057' 'marauded']
 ['5' '338.02923421113127' 'destroyed']
 ['18' '339.2092795107824' 'presentdestroyed']
 ['13' '340.9611187521876' 'present']
 ['21' '341.2962543884844' 'present']
 ['18' '345.50401604251994' 'present']
 ['6' '350.5701765381819' 'present']
 ['18' '353.37959849481575' 'present']]","[['F191' '52.94665283353349' 'mated']
 ['F45' '92.6118899994082' 'mated']
 ['F91' '113.29336238080808' 'destroyed']
 ['F107' '113.98734431344705' 'destroyed']
 ['F16' '159.9006854957552' 'destroyed']
 ['F173' '171.84681066432148' 'absent']
 ['F58' '176.24830548897953' 'destroyed']
 ['F85' '183.19140495637947' 'absent']
 ['F214' '192.6219850639305' 'mated']
 ['F128' '216.55447727412314' 'absentdestroyed']
 ['F59' '218.2376195026581' 'destroyed']
 ['F80' '223.23532673992457' 'mated']
 ['F35' '274.17916728885456' 'mated']
 ['F81' '295.96593658295257' 'mated']]",0.0,200.0,573.0,69.00926189546358,13.67650902142754,1361.0,228.25976367725292,48.499064954987844,359.0,60.76589874712977,13.098300348852641,15.0,1.5000000000000002,0.15000000000000008,81.0,0.7240548871653091,0.007223079561042529
3,0.054,12,360.1787161020812,"[['23' '2.259217946826074' 'present']
 ['13' '22.45464925400158' 'present']
 ['11' '35.98124828563101' 'present']
 ['8' '47.624362429851224' 'marauded']
 ['12' '48.32497368250061' 'presentdestroyed']
 ['10' '49.136378601325724' 'presentdestroyed']
 ['11' '50.11009150785761' 'presentdestroyed']
 ['5' '51.36011160120339' 'destroyed']
 ['10' '61.26951261038984' 'present']
 ['22' '67.24174522618121' 'present']
 ['1' '67.36929439193744' 'marauded']
 ['2' '77.87093694348988' 'present']
 ['22' '79.55725515819387' 'present']
 ['10' '85.51181328840248' 'marauded']
 ['17' '88.34746096002019' 'presentdestroyed']
 ['14' '93.07415152553232' 'present']
 ['12' '101.41833025159619' 'marauded']
 ['12' '101.59259944067907' 'presentdestroyed']
 ['4' '103.68432278958375' 'presentdestroyed']
 ['10' '106.88945703027684' 'presentdestroyed']
 ['10' '107.48252840637713' 'presentdestroyed']
 ['10' '109.28381648244358' 'present']
 ['16' '109.63560355658225' 'present']
 ['19' '109.88916549135267' 'present']
 ['5' '113.80368063637893' 'present']
 ['17' '114.33059020976616' 'present']
 ['18' '115.96428290587767' 'present']
 ['16' '123.47359744162227' 'present']
 ['4' '132.31302107459945' 'present']
 ['19' '133.07169455031365' 'present']
 ['19' '137.39655644190182' 'marauded']
 ['11' '139.76647208733354' 'presentdestroyed']
 ['19' '140.73230230901422' 'presentdestroyed']
 ['11' '151.23288914531008' 'present']
 ['14' '166.58928622055805' 'present']
 ['16' '174.50240488483314' 'present']
 ['11' '176.19876868240624' 'present']
 ['11' '177.27730841748672' 'marauded']
 ['4' '186.425007087258' 'present']
 ['10' '188.85598142219945' 'present']
 ['11' '189.62358328987452' 'present']
 ['1' '192.59580772501693' 'present']
 ['5' '204.40145203400044' 'present']
 ['0' '214.57639078280152' 'present']
 ['5' '216.3097779535495' 'marauded']
 ['6' '217.79422749540987' 'presentdestroyed']
 ['13' '221.4097105877695' 'presentdestroyed']
 ['17' '234.01582307849483' 'present']
 ['21' '235.57278805786584' 'present']
 ['8' '243.95088820829952' 'marauded']
 ['4' '247.1206410525931' 'presentdestroyed']
 ['14' '253.50212146400543' 'present']
 ['14' '253.51676163835805' 'present']
 ['19' '255.3288723733554' 'present']
 ['13' '255.48288028661432' 'present']
 ['19' '257.7642329408037' 'present']
 ['2' '259.7604237693672' 'present']
 ['0' '262.4121022806873' 'present']
 ['11' '273.43656138393965' 'present']
 ['10' '275.6383253856153' 'present']
 ['17' '279.8677561632916' 'present']
 ['10' '281.2183833078428' 'present']
 ['6' '287.01231695647385' 'marauded']
 ['6' '287.580025174293' 'destroyed']
 ['21' '289.5047943871354' 'presentdestroyed']
 ['2' '292.1376605667731' 'destroyed']
 ['15' '302.84622823207826' 'present']
 ['15' '303.45429395844695' 'present']
 ['1' '303.64968608303263' 'present']
 ['6' '309.78185845758634' 'present']
 ['13' '329.3664464843001' 'marauded']
 ['14' '332.189380338941' 'destroyed']
 ['6' '339.6961742024417' 'marauded']
 ['5' '339.97683643857175' 'presentdestroyed']
 ['0' '340.9304612199944' 'presentdestroyed']]","[['F143' '70.71015194166458' 'destroyed']
 ['F200' '73.32631523815472' 'destroyed']
 ['F32' '73.34293300680129' 'destroyed']
 ['F139' '97.27728112930528' 'mated']
 ['F145' '124.86269948537112' 'mated']
 ['F192' '127.74274351692097' 'mated']
 ['F146' '149.55714448194072' 'mated']
 ['F104' '151.17182566084526' 'mated']
 ['F150' '156.6580329984494' 'mated']
 ['F185' '158.1888531989994' 'mated']
 ['F12' '187.73311318713812' 'mated']
 ['F59' '218.23993431747292' 'destroyed']
 ['F109' '243.19638646027732' 'mated']
 ['F47' '260.353397932189' 'mated']
 ['F142' '270.2512402809505' 'mated']
 ['F13' '275.8014310074506' 'mated']]",0.0,300.0,575.0,69.98675374581276,13.687396211266824,1295.0,220.9084016785213,47.650458322472204,390.0,66.84062810383293,14.30456209032167,15.0,1.5000000000000002,0.15000000000000008,82.0,0.8023564274834192,0.009044924554183814
4,0.054,10,359.7448406244123,"[['19' '7.614365273825643' 'marauded']
 ['5' '7.710120942274167' 'destroyed']
 ['16' '10.615920577534325' 'presentdestroyed']
 ['21' '11.665198119475523' 'presentdestroyed']
 ['14' '12.330892808146718' 'presentdestroyed']
 ['14' '18.731631909328097' 'present']
 ['3' '19.607927190912406' 'present']
 ['3' '21.000151888724545' 'marauded']
 ['15' '29.993862157215514' 'present']
 ['16' '30.728845227187907' 'marauded']
 ['0' '33.43015082258753' 'presentdestroyed']
 ['3' '38.026294160889954' 'present']
 ['2' '40.84003329713062' 'present']
 ['1' '52.537973035334986' 'present']
 ['0' '52.75267450797171' 'marauded']
 ['5' '55.64500446330307' 'destroyed']
 ['10' '56.06210775031226' 'presentdestroyed']
 ['17' '63.75137439404427' 'present']
 ['9' '75.70946310357932' 'present']
 ['5' '81.36316602549489' 'present']
 ['11' '87.2181295214257' 'present']
 ['14' '102.14945928052062' 'present']
 ['12' '103.67112125709487' 'present']
 ['5' '104.9541354484497' 'present']
 ['16' '107.3174878590915' 'marauded']
 ['5' '107.78474729162728' 'presentdestroyed']
 ['6' '121.94635052900895' 'present']
 ['3' '127.21395562817467' 'present']
 ['11' '141.52339446893902' 'present']
 ['6' '141.63909426447336' 'marauded']
 ['17' '142.24802317220167' 'presentdestroyed']
 ['6' '146.69201420754032' 'presentdestroyed']
 ['13' '149.09422111115802' 'present']
 ['17' '165.0152013534451' 'present']
 ['23' '172.16389481520017' 'present']
 ['2' '180.39821503051715' 'present']
 ['13' '186.53043687107095' 'present']
 ['3' '188.1039417754715' 'present']
 ['12' '190.39535122007968' 'marauded']
 ['2' '190.70948419774962' 'presentdestroyed']
 ['8' '205.50098966809327' 'marauded']
 ['17' '211.8473731098857' 'destroyed']
 ['12' '232.40533929308774' 'present']
 ['9' '239.50123326598765' 'present']
 ['23' '258.492681159811' 'present']
 ['18' '259.85023798083205' 'marauded']
 ['21' '261.1297055988897' 'presentdestroyed']
 ['15' '271.9106749578724' 'present']
 ['22' '279.9485259096063' 'marauded']
 ['0' '280.14938050498955' 'presentdestroyed']
 ['0' '285.54387254494793' 'presentdestroyed']
 ['2' '299.5204442707292' 'present']
 ['3' '305.0228020149698' 'present']
 ['16' '313.52837179697775' 'present']
 ['2' '314.0586461728832' 'present']
 ['15' '325.15278084007105' 'present']
 ['3' '328.9118534269604' 'present']
 ['0' '329.89700825047413' 'present']
 ['21' '335.6624658884626' 'marauded']
 ['10' '344.54413362890057' 'present']
 ['16' '346.5049572959824' 'present']
 ['16' '350.3905692853388' 'marauded']
 ['12' '355.34123532915225' 'presentdestroyed']
 ['5' '359.93455229267795' 'present']]","[['F45' '92.60344027362146' 'absent']
 ['F136' '92.84004455614283' 'mated']
 ['F57' '112.30705404352007' 'destroyed']
 ['F159' '116.5431382600078' 'mated']
 ['F68' '122.7689845039923' 'mated']
 ['F105' '136.96244432912113' 'mated']
 ['F173' '171.85198674760272' 'absent']
 ['F17' '182.56686190993045' 'mated']
 ['F40' '183.36494071462508' 'mated']
 ['F151' '205.7197928142898' 'destroyed']
 ['F87' '219.37830053407157' 'mated']
 ['F18' '241.21838879816875' 'mated']
 ['F202' '248.39378225735464' 'mated']
 ['F147' '256.36049878216056' 'mated']
 ['F39' '258.87749573986054' 'absent']
 ['F171' '284.09549553755124' 'destroyed']]",100.0,0.0,573.0,68.49130894276419,13.336726376055942,1267.0,215.8357433496802,46.210750948920406,441.0,73.92508146870031,15.845537893106556,11.0,1.0999999999999999,0.11000000000000004,78.0,0.733144458195395,0.0078017832647462315
5,0.054,10,360.00369907176054,"[['22' '0.005176083281249513' 'present']
 ['16' '2.3064634641532296' 'present']
 ['10' '12.903686076828029' 'present']
 ['18' '16.504099596416363' 'present']
 ['12' '29.608846582989283' 'marauded']
 ['13' '31.96431786050663' 'presentdestroyed']
 ['16' '32.76073983770798' 'presentdestroyed']
 ['12' '38.71203108327915' 'present']
 ['2' '46.78567676499217' 'present']
 ['14' '49.297867778867435' 'present']
 ['22' '52.108857844494175' 'present']
 ['11' '55.975413800554' 'marauded']
 ['1' '59.1924623728611' 'destroyed']
 ['3' '65.24692288917049' 'marauded']
 ['9' '73.54469820875806' 'present']
 ['9' '75.19671998175514' 'present']
 ['1' '83.81779938134511' 'marauded']
 ['17' '84.88063343414616' 'presentdestroyed']
 ['11' '87.09658522561699' 'presentdestroyed']
 ['4' '91.30000362487387' 'marauded']
 ['14' '95.86105893969464' 'presentdestroyed']
 ['21' '98.12814147239001' 'presentdestroyed']
 ['6' '102.36796919667887' 'present']
 ['14' '107.3471898420931' 'present']
 ['2' '108.19505922512691' 'present']
 ['16' '111.61853384779079' 'present']
 ['12' '118.7671006103875' 'present']
 ['14' '119.71956051346143' 'marauded']
 ['15' '126.95285502192209' 'presentdestroyed']
 ['6' '128.01234895039613' 'marauded']
 ['6' '131.2966261439164' 'presentdestroyed']
 ['21' '131.7507092403648' 'presentdestroyed']
 ['3' '136.0017940382314' 'present']
 ['21' '142.3966989045529' 'present']
 ['15' '145.80050699194908' 'present']
 ['18' '152.8637517382659' 'present']
 ['18' '153.6250614035804' 'present']
 ['15' '154.10770196004535' 'present']
 ['14' '159.99351383556044' 'marauded']
 ['10' '165.0644353963807' 'presentdestroyed']
 ['21' '165.4986725893903' 'presentdestroyed']
 ['4' '167.09373790376557' 'presentdestroyed']
 ['11' '171.7363589004995' 'present']
 ['11' '180.6014181484509' 'present']
 ['9' '181.84225439492297' 'present']
 ['4' '186.77632475048563' 'present']
 ['14' '195.11829661107336' 'marauded']
 ['0' '200.60183650024936' 'presentdestroyed']
 ['2' '204.35825439829588' 'present']
 ['22' '227.50040179734782' 'marauded']
 ['21' '233.99883458528237' 'destroyed']
 ['6' '235.53344851383724' 'present']
 ['12' '236.22476101874145' 'present']
 ['4' '238.4156905094818' 'present']
 ['19' '258.8991607136403' 'present']
 ['1' '266.33850425486133' 'present']
 ['14' '271.0366472694752' 'present']
 ['3' '275.07186812055915' 'present']
 ['15' '276.7638983442729' 'marauded']
 ['16' '282.18713936259337' 'presentdestroyed']
 ['6' '292.2338212015754' 'present']
 ['2' '299.5419885665379' 'present']
 ['17' '301.30522962972344' 'present']
 ['17' '304.25508909996955' 'marauded']
 ['10' '313.2224812871783' 'present']
 ['10' '316.15444074790275' 'marauded']
 ['21' '316.99153810771986' 'presentdestroyed']
 ['13' '317.0909279735016' 'destroyed']
 ['22' '317.44272425729076' 'presentdestroyed']
 ['11' '320.11860304434595' 'presentdestroyed']
 ['21' '325.02660533507316' 'present']
 ['17' '326.8241402629284' 'present']
 ['10' '331.5901399854118' 'present']
 ['17' '332.79672961402207' 'present']
 ['19' '333.45808752254845' 'present']
 ['9' '333.53758847516434' 'present']
 ['12' '343.44931277864293' 'present']
 ['15' '345.20921116763276' 'present']
 ['6' '349.95627190097514' 'present']
 ['10' '350.3264963480532' 'present']]","[['F86' '32.72214868835138' 'destroyed']
 ['F200' '73.33149132143598' 'mated']
 ['F88' '82.65638721997894' 'mated']
 ['F36' '83.40345321788529' 'mated']
 ['F207' '100.95404443465632' 'mated']
 ['F169' '148.33044165371487' 'mated']
 ['F196' '150.99961593503411' 'mated']
 ['F44' '166.54540256907438' 'destroyed']
 ['F42' '169.96288980532935' 'mated']
 ['F184' '174.99414093339593' 'mated']
 ['F180' '179.90606859022185' 'mated']
 ['F205' '199.62804331621558' 'destroyed']
 ['F99' '325.03935415058373' 'mated']]",100.0,100.0,578.0,69.43377731151843,13.873706755244156,1230.0,209.42991373774097,44.88290431447344,460.0,79.48787380525272,17.478047140326876,10.0,0.9999999999999999,0.10000000000000003,71.0,0.6525853053622542,0.006965877914951993
6,0.054,9,359.9588905994404,"[['3' '3.4060938365966607' 'present']
 ['14' '4.1904344001369065' 'present']
 ['4' '4.300402354904733' 'present']
 ['9' '11.163716165597936' 'present']
 ['16' '14.22539477718713' 'present']
 ['14' '15.350556048219113' 'present']
 ['11' '18.884554888480864' 'present']
 ['16' '22.26437895465252' 'present']
 ['0' '23.327569842465444' 'present']
 ['13' '25.073245571775026' 'present']
 ['18' '29.061931880226886' 'present']
 ['15' '29.684298256395206' 'present']
 ['16' '31.55698967342413' 'present']
 ['1' '33.46989908202454' 'present']
 ['12' '53.61056845458727' 'marauded']
 ['10' '65.5987700576501' 'present']
 ['4' '68.98194287364271' 'marauded']
 ['11' '76.20277122603352' 'presentdestroyed']
 ['8' '76.5914394326973' 'marauded']
 ['15' '83.91567441130042' 'presentdestroyed']
 ['4' '84.48689740954966' 'present']
 ['10' '88.28735832353293' 'present']
 ['2' '90.0468270364953' 'marauded']
 ['12' '99.45031776012314' 'present']
 ['2' '101.43390599842311' 'present']
 ['18' '103.01965817554503' 'marauded']
 ['15' '106.26665008198577' 'presentdestroyed']
 ['11' '109.777191623645' 'presentdestroyed']
 ['3' '113.60967942087332' 'marauded']
 ['22' '119.29739119077031' 'presentdestroyed']
 ['3' '123.4486719683954' 'present']
 ['22' '124.75454321988684' 'present']
 ['15' '130.20658814863063' 'present']
 ['9' '134.97689864475973' 'present']
 ['16' '135.8873108999416' 'present']
 ['3' '147.19856005134338' 'present']
 ['15' '158.53679239393776' 'present']
 ['19' '158.679961408114' 'present']
 ['9' '162.9521316023268' 'marauded']
 ['5' '170.55968585897045' 'presentdestroyed']
 ['18' '172.44871257177925' 'present']
 ['1' '172.8750966500416' 'present']
 ['19' '185.32140155816447' 'present']
 ['21' '186.23526495306572' 'present']
 ['15' '186.99363718902822' 'present']
 ['21' '193.06659634376786' 'present']
 ['19' '202.2375315450297' 'marauded']
 ['19' '203.77138698033357' 'presentdestroyed']
 ['22' '209.90460271278442' 'present']
 ['17' '216.90850802894317' 'present']
 ['0' '217.0006314372538' 'present']
 ['16' '220.43583995988604' 'present']
 ['17' '224.2684394545557' 'present']
 ['4' '228.82092136956166' 'present']
 ['4' '228.8301806288209' 'present']
 ['10' '230.23998558970706' 'present']
 ['22' '236.81566835463536' 'present']
 ['12' '240.448698170147' 'present']
 ['5' '244.42945906871512' 'marauded']
 ['9' '246.93039459876707' 'presentdestroyed']
 ['4' '252.78603221001242' 'present']
 ['5' '255.00009740170353' 'present']
 ['4' '257.820030570104' 'present']
 ['16' '259.3973265354105' 'present']
 ['9' '260.6414249984391' 'present']
 ['13' '263.3210615363602' 'present']
 ['12' '264.69949209923556' 'marauded']
 ['1' '266.37952778999335' 'presentdestroyed']
 ['23' '276.69117653865675' 'marauded']
 ['17' '278.2626158569003' 'presentdestroyed']
 ['1' '278.3445023664996' 'destroyed']
 ['17' '281.5163121254645' 'presentdestroyed']
 ['12' '281.7114057618389' 'presentdestroyed']
 ['15' '282.72027372358036' 'destroyed']
 ['15' '282.82163404527853' 'presentdestroyed']
 ['22' '283.5605147762479' 'presentdestroyed']
 ['19' '283.6626959242482' 'presentdestroyed']
 ['12' '290.67074020222327' 'present']
 ['10' '299.5978395982285' 'marauded']
 ['12' '302.88750220365495' 'presentdestroyed']
 ['2' '310.3678956250242' 'present']
 ['2' '322.80131113424625' 'marauded']
 ['9' '331.5119088097278' 'present']
 ['13' '336.8605884138711' 'present']
 ['15' '343.7693907751557' 'present']
 ['21' '352.6621276228438' 'marauded']]","[['F143' '70.72367420845386' 'destroyed']
 ['F197' '71.3452393619125' 'destroyed']
 ['F93' '103.19908631412413' 'destroyed']
 ['F134' '104.70558881145467' 'absentdestroyed']
 ['F91' '113.29567719562289' 'mated']
 ['F182' '131.5029659462265' 'mated']
 ['F67' '133.930327791039' 'mated']
 ['F2' '169.4629510174837' 'destroyed']
 ['F51' '173.9062328748517' 'absent']
 ['F162' '177.1210018104514' 'mated']
 ['F85' '183.19371977119428' 'mated']
 ['F213' '187.5975131134529' 'mated']
 ['F12' '187.71907500403108' 'absent']
 ['F33' '199.37637074549062' 'mated']
 ['F112' '313.969660125159' 'mated']
 ['F71' '348.12173155215186' 'mated']
 ['F215' '355.4282345267207' 'destroyed']]",100.0,200.0,581.0,68.32533314426597,14.26819336700177,1231.0,203.68229199261964,43.0439392397998,486.0,85.98251121787604,19.354664829184017,13.0,1.3,0.13000000000000006,86.0,0.7391007024999661,0.0075445816186557
7,0.0,15,360.0953129705142,"[['6' '12.410802823887956' 'present']
 ['0' '12.755150990329222' 'present']
 ['16' '17.826875210343427' 'present']
 ['12' '19.488479296003728' 'present']
 ['12' '35.41073848050092' 'present']
 ['10' '36.298402365949' 'present']
 ['2' '36.51731810776995' 'present']
 ['11' '36.98154774345319' 'present']
 ['11' '39.167538802787746' 'present']
 ['6' '43.45431141485882' 'present']
 ['14' '46.79538593151856' 'present']
 ['11' '57.08178726443696' 'present']
 ['9' '63.557997418144424' 'marauded']
 ['19' '64.22902372299225' 'presentdestroyed']
 ['1' '64.78617488897854' 'presentdestroyed']
 ['13' '66.89107419064129' 'presentdestroyed']
 ['2' '73.17154774910802' 'present']
 ['9' '74.8297821994762' 'present']
 ['4' '80.59419131610302' 'marauded']
 ['14' '90.88090501209484' 'present']
 ['18' '92.58040925522326' 'present']
 ['11' '92.87772618287096' 'present']
 ['2' '100.42279138137114' 'present']
 ['8' '109.3954467105919' 'present']
 ['14' '115.32030715878761' 'present']
 ['0' '119.03421007489244' 'present']
 ['2' '122.02019755601374' 'present']
 ['2' '128.43634793383507' 'present']
 ['8' '129.07897589476778' 'present']
 ['1' '137.20366380184808' 'marauded']
 ['4' '138.23092930192934' 'presentdestroyed']
 ['16' '142.58556919503695' 'destroyed']
 ['3' '145.919445848283' 'present']
 ['6' '152.32765113648702' 'present']
 ['6' '155.83671295792695' 'present']
 ['14' '164.03535623976035' 'present']
 ['9' '168.73937667890516' 'present']
 ['21' '179.1486024895909' 'present']
 ['11' '182.12753375072782' 'present']
 ['6' '184.39452119303013' 'marauded']
 ['14' '185.27353571404586' 'presentdestroyed']
 ['1' '187.79022103824764' 'presentdestroyed']
 ['11' '194.14926578557711' 'present']
 ['0' '196.14174862086222' 'marauded']
 ['13' '197.12718638914416' 'presentdestroyed']
 ['14' '207.7035382709246' 'present']
 ['22' '228.01068394548767' 'marauded']
 ['1' '228.58510570429792' 'presentdestroyed']
 ['9' '230.9962567532522' 'presentdestroyed']
 ['0' '234.13357634397005' 'presentdestroyed']
 ['16' '238.4399790364144' 'present']
 ['14' '244.94520439649662' 'present']
 ['22' '250.64301954494744' 'present']
 ['19' '259.55306723580645' 'present']
 ['5' '262.8625533701061' 'present']
 ['22' '266.1708812066172' 'present']
 ['2' '270.11383994128676' 'present']
 ['3' '273.9147669227341' 'present']
 ['18' '273.9961400169185' 'present']
 ['23' '278.101171447721' 'present']
 ['17' '283.01490428925985' 'present']
 ['5' '285.16227817104664' 'present']
 ['3' '286.9841639823367' 'marauded']
 ['10' '299.7034280555489' 'present']
 ['22' '304.1521973069989' 'marauded']
 ['17' '304.37037972792206' 'presentdestroyed']
 ['2' '312.0833878964467' 'destroyed']
 ['8' '313.1369383182808' 'present']
 ['2' '313.9501964470964' 'marauded']
 ['21' '314.8575669799606' 'destroyed']
 ['14' '318.7998327272322' 'presentdestroyed']
 ['1' '322.6272479746736' 'present']
 ['5' '324.33424897289007' 'present']
 ['10' '327.3639343460893' 'present']
 ['21' '332.3155556783665' 'present']
 ['10' '352.9535580378981' 'present']
 ['16' '354.7979837068695' 'present']]","[['F88' '82.64983993496796' 'destroyed']
 ['F52' '83.134644585903' 'absentdestroyed']
 ['F149' '100.27016937145036' 'mated']
 ['F25' '114.6911126334891' 'mated']
 ['F212' '127.90420317646105' 'mated']
 ['F185' '146.16651458432378' 'absent']
 ['F78' '146.66976174152228' 'mated']
 ['F16' '159.9039591382607' 'absent']
 ['F126' '159.93453119666643' 'absent']
 ['F28' '161.96268908247663' 'mated']
 ['F208' '167.72818836509373' 'mated']
 ['F2' '169.4652658322985' 'absent']
 ['F51' '173.92913315778452' 'mated']
 ['F90' '179.1949152446781' 'mated']
 ['F12' '187.7307983723233' 'destroyed']
 ['F151' '205.7221076291046' 'mated']
 ['F9' '211.04413071265748' 'mated']
 ['F128' '216.57273271282074' 'mated']
 ['F55' '246.35756392890292' 'mated']
 ['F175' '260.5474529811125' 'mated']
 ['F122' '274.0400988727135' 'mated']
 ['F199' '282.2093297676452' 'mated']
 ['F10' '287.1609794128572' 'destroyed']
 ['F187' '305.31412958813' 'destroyed']
 ['F99' '325.0347245209541' 'absent']]",100.0,300.0,570.0,70.77469036316002,15.131546464373786,1393.0,234.2053263784585,49.4720706626723,335.0,55.10755334683419,11.785094468696789,0.0,0.0,0.0,0.0,0.0,0.0
8,0.054,2,360.0202071531349,"[['10' '0.004629629629629629' 'present']
 ['14' '3.090535100763416' 'present']
 ['13' '6.639145103183057' 'present']
 ['17' '6.7285461336813706' 'present']
 ['0' '9.25161013015702' 'marauded']
 ['10' '11.252045986193389' 'destroyed']
 ['12' '13.750772276333231' 'presentdestroyed']
 ['6' '14.119246380655447' 'presentdestroyed']
 ['3' '21.553296104622035' 'present']
 ['17' '23.520410102246053' 'marauded']
 ['12' '25.39707992973723' 'presentdestroyed']
 ['13' '27.415906728056886' 'presentdestroyed']
 ['11' '39.45841085550337' 'present']
 ['19' '44.780858225276' 'present']
 ['13' '53.032682907380675' 'present']
 ['11' '57.07715763480733' 'present']
 ['17' '57.47213681452402' 'present']
 ['1' '73.84901821299506' 'present']
 ['18' '81.27774452239254' 'marauded']
 ['16' '86.5028537279599' 'presentdestroyed']
 ['22' '90.96033503801657' 'present']
 ['0' '91.80778413140148' 'present']
 ['21' '97.59381226274056' 'present']
 ['22' '102.09636643268738' 'present']
 ['17' '102.2298445562695' 'present']
 ['11' '109.00429311724366' 'present']
 ['9' '110.71864701806824' 'present']
 ['12' '117.74426082692378' 'present']
 ['14' '121.1678655610833' 'marauded']
 ['14' '127.31744343541267' 'presentdestroyed']
 ['4' '128.46643567346783' 'presentdestroyed']
 ['4' '131.09931542542375' 'present']
 ['21' '135.4707163814712' 'present']
 ['14' '143.5658938406427' 'present']
 ['3' '150.84748350601382' 'present']
 ['4' '150.98610757573513' 'present']
 ['12' '152.02774133664602' 'present']
 ['11' '172.58301018084214' 'present']
 ['12' '174.3198908348024' 'present']
 ['5' '177.1291526003375' 'present']
 ['6' '177.29233706365892' 'present']
 ['14' '177.3466119518584' 'marauded']
 ['4' '177.56833859835535' 'destroyed']
 ['5' '178.0252923183074' 'presentdestroyed']
 ['4' '184.26590249046168' 'presentdestroyed']
 ['11' '184.79253621713545' 'destroyed']
 ['0' '187.01272627695104' 'present']
 ['23' '188.66401252833154' 'present']
 ['0' '189.38865958719884' 'present']
 ['4' '190.02488619360633' 'present']
 ['18' '209.46994735886113' 'marauded']
 ['11' '211.1417469958493' 'presentdestroyed']
 ['16' '220.2685673623508' 'present']
 ['17' '221.23404783754205' 'present']
 ['3' '226.85209924934574' 'present']
 ['12' '243.22727538453972' 'present']
 ['6' '243.72064779600416' 'present']
 ['19' '253.42236935531892' 'present']
 ['12' '253.73577324293834' 'marauded']
 ['18' '257.65127211625304' 'presentdestroyed']
 ['10' '262.91769634565026' 'marauded']
 ['5' '270.38806721715736' 'presentdestroyed']
 ['2' '273.04381103938385' 'marauded']
 ['5' '273.7804982925286' 'presentdestroyed']
 ['15' '276.62027414665965' 'presentdestroyed']
 ['4' '278.47427710651124' 'presentdestroyed']
 ['19' '281.0750953641209' 'marauded']
 ['12' '281.368740827148' 'presentdestroyed']
 ['13' '283.48284032707403' 'presentdestroyed']
 ['1' '288.89009428420195' 'present']
 ['2' '290.555441352992' 'present']
 ['15' '290.912698007033' 'marauded']
 ['15' '291.01924529204405' 'presentdestroyed']
 ['10' '293.28088304071287' 'destroyed']
 ['5' '300.9160255573662' 'present']
 ['1' '303.39995631553876' 'marauded']
 ['13' '303.580960272465' 'presentdestroyed']
 ['21' '316.8127717392908' 'marauded']
 ['17' '323.0056098200648' 'presentdestroyed']
 ['17' '325.8456447857223' 'marauded']
 ['0' '326.13271609593045' 'presentdestroyed']
 ['19' '334.61891038109775' 'present']
 ['19' '335.47217854513434' 'marauded']
 ['22' '339.3666461357967' 'presentdestroyed']
 ['14' '342.66410239618443' 'presentdestroyed']
 ['1' '347.37391670938155' 'present']
 ['14' '348.6481272900717' 'present']]","[['F148' '80.59391570857858' 'mated']
 ['F52' '83.13137094339751' 'destroyed']
 ['F76' '88.7156514767975' 'mated']
 ['F101' '151.74333391260643' 'absent']
 ['F4' '155.5790964588765' 'absent']
 ['F208' '167.72491472258824' 'absent']
 ['F151' '205.70671345887345' 'absent']
 ['F37' '216.09127619846058' 'destroyed']
 ['F39' '258.8751809250457' 'destroyed']
 ['F199' '282.2060561251397' 'destroyed']
 ['F137' '295.7671299070768' 'destroyed']
 ['F63' '336.1293548176754' 'absentdestroyed']
 ['F71' '348.1165554688706' 'absent']]",200.0,0.0,560.0,71.69805151364338,15.586511793599357,1151.0,194.3840975176558,41.709546125800294,537.0,92.21935168829076,20.55040831326855,13.0,1.3,0.13000000000000006,52.0,0.5263591745762396,0.005915637860082307
9,0.054,10,360.02446500639587,"[['3' '0.35022032236144274' 'present']
 ['13' '1.464319717774823' 'present']
 ['17' '2.00575108689369' 'marauded']
 ['16' '2.3189596346107946' 'presentdestroyed']
 ['14' '4.41297171296694' 'presentdestroyed']
 ['5' '15.676974318453889' 'marauded']
 ['14' '17.713802983707943' 'presentdestroyed']
 ['0' '18.11645777417087' 'destroyed']
 ['3' '18.520463830822433' 'presentdestroyed']
 ['6' '18.90994406503115' 'presentdestroyed']
 ['15' '31.271872361408796' 'present']
 ['21' '44.47057730462905' 'present']
 ['6' '47.628142615782224' 'present']
 ['14' '50.73620567286089' 'present']
 ['5' '51.36760249929946' 'present']
 ['1' '54.785302418948376' 'marauded']
 ['10' '62.795266460954124' 'present']
 ['18' '65.57960675653139' 'present']
 ['22' '65.97702895195759' 'present']
 ['5' '77.2230812746577' 'present']
 ['3' '81.51254785835192' 'present']
 ['2' '87.19395139196412' 'present']
 ['11' '98.84956514128534' 'present']
 ['1' '101.66826635485825' 'marauded']
 ['12' '101.99960958008398' 'presentdestroyed']
 ['11' '113.42001205949677' 'present']
 ['22' '117.02585472519792' 'present']
 ['13' '118.00534920363806' 'present']
 ['10' '128.75802863301567' 'present']
 ['12' '131.55184822104945' 'present']
 ['11' '140.88821980036224' 'marauded']
 ['11' '141.53129774107413' 'presentdestroyed']
 ['4' '150.5207713649239' 'present']
 ['10' '155.86543668214247' 'present']
 ['17' '160.74399997851467' 'present']
 ['12' '168.64277699559526' 'present']
 ['16' '174.0615253830394' 'present']
 ['6' '180.9940283334914' 'present']
 ['13' '183.8220834595145' 'present']
 ['16' '186.90846490518953' 'present']
 ['11' '188.0343501041498' 'present']
 ['15' '193.11540048097953' 'present']
 ['14' '195.69594148647457' 'marauded']
 ['14' '196.94723729127134' 'destroyed']
 ['8' '198.4525349381836' 'presentdestroyed']
 ['15' '200.4238587519618' 'presentdestroyed']
 ['12' '205.43491700334826' 'present']
 ['2' '210.37747219951234' 'present']
 ['13' '210.52347675939922' 'marauded']
 ['22' '218.75271653322778' 'marauded']
 ['12' '218.8767615914597' 'destroyed']
 ['12' '232.12070868497662' 'present']
 ['6' '232.82943447971283' 'present']
 ['16' '242.46481971464192' 'present']
 ['21' '247.3057965439895' 'present']
 ['19' '249.10920098142842' 'present']
 ['19' '255.3176954587148' 'present']
 ['19' '263.4456228647702' 'present']
 ['19' '265.2138360160039' 'present']
 ['22' '268.0929933632377' 'marauded']
 ['15' '271.9003227913099' 'presentdestroyed']
 ['18' '277.9828129420996' 'present']
 ['5' '286.09050243459274' 'present']
 ['1' '291.79210939730615' 'present']
 ['10' '311.0259216087649' 'present']
 ['14' '322.96303499489625' 'present']
 ['14' '323.9293431594736' 'present']
 ['3' '326.00500777883644' 'present']
 ['5' '335.40361289484514' 'present']
 ['12' '336.7107509483743' 'present']
 ['23' '340.65656099909023' 'present']
 ['10' '341.8573585548155' 'marauded']
 ['17' '342.2331347871703' 'presentdestroyed']
 ['10' '351.4931341590124' 'present']
 ['14' '352.983775919055' 'present']
 ['1' '357.3122145358898' 'present']
 ['13' '359.77969036124813' 'present']]","[['F188' '91.65025507176615' 'mated']
 ['F160' '133.4269094311016' 'mated']
 ['F31' '139.73039806265982' 'mated']
 ['F78' '146.66458565824104' 'absentdestroyed']
 ['F4' '155.58141127369132' 'mated']
 ['F2' '169.47044191557976' 'mated']
 ['F156' '173.91467170526275' 'mated']
 ['F205' '199.6303581310304' 'destroyed']
 ['F23' '239.5783528895568' 'mated']
 ['F34' '274.44542128437547' 'destroyed']
 ['F125' '283.05157066694045' 'mated']
 ['F195' '284.1606319192899' 'mated']
 ['F137' '295.76944472189166' 'mated']]",200.0,100.0,574.0,71.35092680951826,15.194592294611006,1328.0,226.32950889747013,48.416265644298576,340.0,61.033336691971776,13.721653544618153,8.0,0.7999999999999999,0.08000000000000002,80.0,0.7390269732824304,0.007866083676268867
10,0.054,9,360.30276025010096,"[['23' '2.0316557238802897' 'present']
 ['6' '2.1281857961304347' 'present']
 ['19' '2.7028435840650182' 'present']
 ['23' '26.383781937249744' 'marauded']
 ['11' '28.280643140299397' 'presentdestroyed']
 ['2' '40.69703856091541' 'present']
 ['4' '44.58676042451546' 'present']
 ['2' '48.70325829578862' 'present']
 ['4' '50.36480658718383' 'present']
 ['18' '53.97051338643888' 'present']
 ['21' '59.24430225809514' 'present']
 ['19' '67.65730587117827' 'present']
 ['17' '69.612247629191' 'present']
 ['15' '78.24535345508971' 'present']
 ['16' '80.84167109028873' 'present']
 ['19' '83.86623069758232' 'present']
 ['14' '84.32775402350798' 'present']
 ['23' '87.57871723774974' 'present']
 ['9' '95.0973854261963' 'present']
 ['23' '95.97436164164856' 'marauded']
 ['9' '96.21176334774988' 'presentdestroyed']
 ['18' '96.84924132146709' 'destroyed']
 ['15' '99.84010213300867' 'destroyed']
 ['14' '102.14059718069483' 'destroyed']
 ['8' '104.82939258108217' 'present']
 ['14' '109.28113321509683' 'marauded']
 ['1' '111.28650056297498' 'destroyed']
 ['12' '117.69647296854198' 'present']
 ['14' '126.92633289050971' 'present']
 ['18' '129.98961303581552' 'present']
 ['19' '132.49846264082996' 'marauded']
 ['23' '135.71516861391117' 'presentdestroyed']
 ['19' '144.465269859296' 'marauded']
 ['12' '154.1591091438424' 'present']
 ['23' '159.14745733277653' 'present']
 ['22' '177.45977878821634' 'present']
 ['16' '177.7971422979763' 'present']
 ['13' '178.5154674506033' 'present']
 ['18' '179.62575518353336' 'marauded']
 ['9' '182.44150809370163' 'presentdestroyed']
 ['9' '182.97133796842704' 'presentdestroyed']
 ['11' '185.73622722772026' 'presentdestroyed']
 ['18' '188.82253722417568' 'present']
 ['16' '192.8674742130929' 'present']
 ['0' '192.95600177239092' 'present']
 ['6' '193.7297357261802' 'present']
 ['3' '203.94397446441621' 'present']
 ['9' '208.5889921996986' 'present']
 ['2' '209.83617481685368' 'present']
 ['14' '211.23762881787863' 'present']
 ['11' '216.5401778546952' 'present']
 ['8' '219.50761735047755' 'present']
 ['14' '238.19001254366722' 'present']
 ['17' '248.4377235055318' 'present']
 ['1' '260.3968484983379' 'present']
 ['15' '261.599691887367' 'present']
 ['11' '263.4617549579693' 'marauded']
 ['5' '265.0319852023686' 'presentdestroyed']
 ['12' '270.0669910581042' 'presentdestroyed']
 ['9' '275.66282657713265' 'present']
 ['14' '282.40750275967855' 'present']
 ['13' '285.7270977586825' 'present']
 ['16' '286.73779380777927' 'present']
 ['5' '294.2412298605111' 'present']
 ['5' '303.9987452160362' 'present']
 ['15' '320.9473798453045' 'present']
 ['0' '333.3724484793474' 'marauded']
 ['6' '335.7417999503766' 'presentdestroyed']
 ['17' '337.3433000085093' 'presentdestroyed']
 ['6' '338.6708960629504' 'presentdestroyed']
 ['23' '340.20585117094333' 'presentdestroyed']
 ['9' '341.57787780851703' 'present']
 ['14' '344.8832260007081' 'present']
 ['18' '348.7782993841524' 'present']
 ['11' '356.67053472661775' 'present']]","[['F95' '2.8275549287376225' 'mated']
 ['F143' '70.72598902326867' 'mated']
 ['F5' '77.19341808174458' 'mated']
 ['F84' '92.14840013756022' 'absent']
 ['F20' '105.67724968467786' 'mated']
 ['F46' '113.11322590753369' 'absentdestroyed']
 ['F25' '114.68783899098361' 'absentdestroyed']
 ['F130' '128.21887235363573' 'mated']
 ['F170' '129.42758909209445' 'absent']
 ['F105' '136.95726824583988' 'absentdestroyed']
 ['F153' '174.5368397619601' 'mated']
 ['F201' '178.39300187046516' 'mated']
 ['F17' '182.5616858266492' 'destroyed']
 ['F113' '236.58271678114494' 'mated']
 ['F41' '281.5671960291801' 'mated']]",200.0,200.0,581.0,71.02596584189608,14.781505762863876,1405.0,238.69197408227723,51.114379073891634,291.0,48.88173553098332,10.379464565546806,8.0,0.7999999999999999,0.08000000000000002,95.0,0.910759154497935,0.009945130315500691
11,0.054,5,360.0040418363434,"[['21' '0.279279811440925' 'present']
 ['6' '7.527509340387898' 'present']
 ['6' '8.26873265078074' 'marauded']
 ['3' '10.935100460591753' 'presentdestroyed']
 ['9' '14.415557422772974' 'presentdestroyed']
 ['0' '18.77249902092364' 'present']
 ['6' '25.028631919110385' 'present']
 ['9' '25.888504054082876' 'present']
 ['12' '28.321733766697417' 'present']
 ['1' '29.781602998812115' 'present']
 ['18' '30.746075767455352' 'present']
 ['19' '40.456476469538806' 'present']
 ['15' '41.72856059752715' 'marauded']
 ['4' '45.363378490368234' 'presentdestroyed']
 ['19' '46.09358762267117' 'destroyed']
 ['4' '46.621484657340865' 'presentdestroyed']
 ['22' '48.98744335275918' 'presentdestroyed']
 ['22' '50.20865603584444' 'present']
 ['18' '58.849398488664775' 'present']
 ['18' '59.16804262102745' 'present']
 ['1' '64.6744515206863' 'marauded']
 ['10' '67.34007829159162' 'presentdestroyed']
 ['6' '67.37705108321059' 'presentdestroyed']
 ['0' '70.03057660878716' 'presentdestroyed']
 ['8' '77.94209689225185' 'marauded']
 ['1' '79.16861257612223' 'presentdestroyed']
 ['4' '89.61412177751419' 'present']
 ['9' '90.69446332214271' 'present']
 ['5' '108.31541780959775' 'present']
 ['10' '109.27632558434752' 'present']
 ['5' '116.17127724545124' 'marauded']
 ['13' '116.82742414586134' 'destroyed']
 ['17' '118.47258621554658' 'presentdestroyed']
 ['9' '120.01864752608772' 'presentdestroyed']
 ['4' '128.97906301863534' 'marauded']
 ['12' '133.17401421912123' 'destroyed']
 ['21' '135.12363679915524' 'presentdestroyed']
 ['14' '149.81439793282894' 'present']
 ['4' '154.13243572593728' 'present']
 ['1' '154.285806175299' 'present']
 ['9' '165.3848491657896' 'present']
 ['9' '166.26090020761362' 'present']
 ['4' '170.68987873851194' 'present']
 ['13' '172.3336851658726' 'present']
 ['19' '177.01888099717297' 'present']
 ['14' '182.80987960059792' 'present']
 ['18' '186.84724093820438' 'present']
 ['3' '187.31050801647714' 'present']
 ['9' '189.08270158734362' 'present']
 ['13' '194.730765307166' 'marauded']
 ['16' '205.71552310642767' 'present']
 ['13' '211.23577613377307' 'present']
 ['17' '211.53835132821982' 'present']
 ['17' '216.92237540113047' 'marauded']
 ['6' '225.17483783683008' 'present']
 ['4' '240.4085923073446' 'present']
 ['21' '246.85272673225685' 'marauded']
 ['12' '252.80324196206536' 'presentdestroyed']
 ['15' '258.1331257866828' 'present']
 ['4' '270.3592152101679' 'present']
 ['22' '274.7936258906189' 'present']
 ['6' '276.18658492083006' 'present']
 ['18' '282.0828697843745' 'present']
 ['19' '286.94381541529833' 'present']
 ['0' '288.07344233981416' 'present']
 ['14' '304.8386659977447' 'present']
 ['15' '315.26923975406197' 'present']
 ['23' '322.75128716246866' 'present']
 ['10' '325.4608214887284' 'marauded']
 ['2' '325.6144197151543' 'destroyed']
 ['17' '339.7854616270445' 'present']
 ['19' '344.10432465937515' 'present']
 ['23' '346.03521495687136' 'present']
 ['6' '347.112240076873' 'present']
 ['18' '358.46015349642704' 'present']]","[['F197' '71.34196571940701' 'destroyed']
 ['F29' '93.21180255039611' 'mated']
 ['F134' '104.70886245396017' 'mated']
 ['F138' '106.86498704178653' 'mated']
 ['F158' '124.21899518373105' 'mated']
 ['F14' '136.3760996604053' 'absentdestroyed']
 ['F44' '166.55889429852982' 'mated']
 ['F121' '177.3623140624337' 'absent']
 ['F75' '250.65443609996592' 'destroyed']]",200.0,300.0,562.0,71.67994919652297,15.710014699952117,1331.0,225.31902659980105,48.45596622032619,369.0,61.366928533659525,13.137302704336827,10.0,0.9999999999999999,0.10000000000000003,81.0,0.7396847760893075,0.007673182441700964
12,0.054,8,360.53858488000094,"[['11' '2.07132783039416' 'present']
 ['19' '4.846377681537747' 'marauded']
 ['21' '21.487096347211242' 'present']
 ['22' '22.34974332045491' 'present']
 ['3' '22.381832517174413' 'present']
 ['0' '27.89129323814375' 'present']
 ['22' '28.335784308221285' 'present']
 ['11' '32.56838126288537' 'present']
 ['6' '46.910377248383305' 'present']
 ['4' '47.65137517271757' 'present']
 ['17' '50.8479927469282' 'present']
 ['6' '51.700962443727036' 'present']
 ['3' '55.5340570500024' 'present']
 ['19' '59.50366131778268' 'present']
 ['19' '65.3761549545088' 'marauded']
 ['18' '66.98670204698703' 'presentdestroyed']
 ['22' '68.26255702644747' 'destroyed']
 ['19' '73.7471746345716' 'present']
 ['0' '74.13854405117448' 'present']
 ['23' '75.31185401693509' 'marauded']
 ['23' '76.56280575733041' 'presentdestroyed']
 ['19' '79.12317404732762' 'destroyed']
 ['18' '81.2660211541003' 'presentdestroyed']
 ['4' '89.60621850537906' 'present']
 ['10' '93.60914800565148' 'present']
 ['14' '94.52666525907' 'present']
 ['16' '98.55714323158789' 'present']
 ['9' '100.7242120472859' 'present']
 ['6' '102.38337858151564' 'present']
 ['14' '108.37442303735665' 'present']
 ['0' '115.53302237893462' 'present']
 ['16' '121.1278611908668' 'present']
 ['17' '123.84808235229829' 'present']
 ['2' '128.62352895909171' 'present']
 ['6' '132.16194536041192' 'present']
 ['23' '143.2331014864088' 'present']
 ['19' '143.7184624573163' 'marauded']
 ['1' '148.48068774900227' 'presentdestroyed']
 ['13' '149.91851879115734' 'destroyed']
 ['21' '156.5727592050653' 'present']
 ['5' '159.78749264287035' 'marauded']
 ['8' '176.21689191331657' 'present']
 ['22' '186.3145181438478' 'present']
 ['16' '192.21404577139035' 'present']
 ['8' '194.98597400663695' 'present']
 ['21' '197.68471362341336' 'marauded']
 ['22' '198.18740330554428' 'presentdestroyed']
 ['19' '198.66110087888572' 'presentdestroyed']
 ['1' '199.17274699890078' 'presentdestroyed']
 ['15' '200.21891315849845' 'presentdestroyed']
 ['18' '205.01700818350704' 'present']
 ['10' '206.8313710337002' 'marauded']
 ['19' '208.19067091996334' 'presentdestroyed']
 ['9' '208.93722339825686' 'presentdestroyed']
 ['6' '213.5087590973586' 'destroyed']
 ['0' '214.88164558813764' 'present']
 ['19' '218.13935605360678' 'present']
 ['18' '218.74870417613155' 'present']
 ['13' '219.89960399566624' 'present']
 ['5' '220.94757982650225' 'present']
 ['18' '221.61541532202344' 'marauded']
 ['10' '222.06445731227663' 'presentdestroyed']
 ['6' '223.02823407514776' 'presentdestroyed']
 ['23' '224.9956626773161' 'destroyed']
 ['15' '228.19917214962075' 'presentdestroyed']
 ['22' '244.41920846628534' 'present']
 ['13' '244.5352428434982' 'marauded']
 ['3' '252.31547972326055' 'present']
 ['22' '256.01780534414087' 'marauded']
 ['9' '258.37690474479376' 'presentdestroyed']
 ['19' '262.5396932343083' 'presentdestroyed']
 ['16' '264.8737630878157' 'present']
 ['0' '284.89417829756064' 'present']
 ['16' '313.1795861176418' 'present']
 ['14' '319.2709788505365' 'present']
 ['9' '332.32622913462876' 'present']
 ['14' '347.2377870697872' 'present']]","[['F100' '96.65327798275463' 'mated']
 ['F209' '98.08938474279127' 'mated']
 ['F66' '113.72551348925552' 'mated']
 ['F30' '115.71353636189303' 'mated']
 ['F102' '142.14697375978193' 'mated']
 ['F196' '150.99443985175287' 'absentdestroyed']
 ['F51' '173.91278015986268' 'absent']
 ['F97' '190.47673507631472' 'absent']
 ['F0' '206.35608457692928' 'mated']
 ['F128' '216.5675566295395' 'absent']
 ['F75' '250.65116245746043' 'destroyed']
 ['F47' '260.3430457656265' 'destroyed']
 ['F1' '273.1875713545398' 'mated']
 ['F186' '315.38955752417127' 'mated']]",300.0,0.0,563.0,69.89748494930596,14.469186126082901,1312.0,226.7595655593838,49.750144454630615,364.0,61.28209836529949,13.273031958908321,12.0,1.2,0.12000000000000005,95.0,0.9088779801058787,0.009880829903978062
13,0.054,9,360.08592672604516,"[['12' '0.0023148148148148147' 'present']
 ['1' '3.872641959887231' 'present']
 ['16' '11.624438705095644' 'present']
 ['17' '20.021084183900918' 'present']
 ['6' '25.096517243993222' 'present']
 ['1' '27.787030233395743' 'present']
 ['12' '31.198671173233' 'present']
 ['18' '42.02135785706564' 'present']
 ['12' '45.58419005874053' 'present']
 ['9' '54.246342595015875' 'present']
 ['9' '63.55050652004836' 'present']
 ['15' '72.56310386344232' 'marauded']
 ['1' '74.14967706424626' 'presentdestroyed']
 ['1' '77.82722272127313' 'presentdestroyed']
 ['17' '80.25132895801724' 'present']
 ['19' '84.22299911958612' 'present']
 ['2' '93.10540586934268' 'present']
 ['18' '97.00718560674608' 'marauded']
 ['8' '104.6771990876904' 'marauded']
 ['15' '105.35551024696026' 'presentdestroyed']
 ['10' '107.32871701318116' 'presentdestroyed']
 ['1' '110.07510932717909' 'presentdestroyed']
 ['0' '120.89532095946089' 'marauded']
 ['12' '133.16842576180093' 'present']
 ['14' '150.053332571231' 'present']
 ['6' '155.18655050913452' 'marauded']
 ['8' '157.6024244069009' 'presentdestroyed']
 ['17' '158.51852196290494' 'presentdestroyed']
 ['3' '163.6568109118099' 'marauded']
 ['3' '168.18355894739412' 'presentdestroyed']
 ['1' '176.28211319597244' 'present']
 ['15' '186.9354155176122' 'present']
 ['11' '189.63338900278538' 'present']
 ['5' '193.7016238469796' 'present']
 ['15' '193.9372939796968' 'present']
 ['10' '195.60060255843706' 'present']
 ['3' '197.39526032229168' 'present']
 ['22' '201.08151706718132' 'marauded']
 ['3' '206.97820476515298' 'presentdestroyed']
 ['3' '215.7874056903378' 'present']
 ['21' '216.1428504177731' 'present']
 ['8' '219.86390143571467' 'present']
 ['16' '220.27647063448592' 'present']
 ['14' '227.70530578842497' 'present']
 ['14' '231.47793964713787' 'present']
 ['8' '249.84825236111445' 'present']
 ['9' '258.3056461666718' 'present']
 ['21' '258.65156384907937' 'present']
 ['2' '275.57384249804363' 'marauded']
 ['11' '277.5496040617697' 'presentdestroyed']
 ['1' '288.90221481192765' 'present']
 ['3' '298.54416893000064' 'present']
 ['1' '304.5503670742286' 'present']
 ['9' '304.91240447142076' 'present']
 ['3' '307.4177641718805' 'marauded']
 ['0' '310.03867449221167' 'presentdestroyed']
 ['23' '312.2618306707926' 'presentdestroyed']
 ['17' '312.46458234769653' 'destroyed']
 ['8' '315.3561381376088' 'present']
 ['3' '318.5111663514933' 'marauded']
 ['14' '323.27625756530085' 'presentdestroyed']
 ['0' '325.9990487442594' 'destroyed']
 ['18' '345.1296026545978' 'present']
 ['15' '358.9192041888936' 'present']]","[['F27' '63.944133344039045' 'mated']
 ['F32' '73.33458682329326' 'destroyed']
 ['F84' '92.1516737800657' 'mated']
 ['F61' '95.47214871384458' 'mated']
 ['F138' '106.85981095850528' 'destroyed']
 ['F170' '129.43086273459994' 'absent']
 ['F14' '136.38127574368653' 'mated']
 ['F204' '140.47437617922722' 'mated']
 ['F2' '169.45777493420246' 'destroyed']
 ['F184' '174.9895113037663' 'absent']
 ['F97' '190.47442026149992' 'absent']
 ['F151' '205.70998710137894' 'destroyed']
 ['F62' '252.1187347884738' 'mated']
 ['F152' '262.71177890487013' 'mated']
 ['F50' '273.9003504121708' 'mated']
 ['F174' '274.4395495810097' 'mated']]",300.0,100.0,568.0,71.09292236243121,14.383344659261315,1339.0,226.2819518015744,48.66348538058607,380.0,61.13305995844548,12.489986574326483,8.0,0.7999999999999999,0.08000000000000002,73.0,0.7069790127337497,0.0079303840877915
14,0.054,9,360.0246139814915,"[['4' '15.372522844378027' 'present']
 ['1' '20.853949667762098' 'marauded']
 ['22' '28.207748325984753' 'present']
 ['13' '30.758201588014327' 'marauded']
 ['6' '31.70891340557088' 'presentdestroyed']
 ['2' '32.18186386808311' 'destroyed']
 ['9' '33.37780021325287' 'presentdestroyed']
 ['6' '40.10984260919514' 'present']
 ['1' '41.43451651511105' 'present']
 ['17' '49.37512018842865' 'present']
 ['13' '49.53938901249031' 'present']
 ['23' '54.496798737666' 'marauded']
 ['16' '59.705832742569726' 'destroyed']
 ['9' '65.26211493400204' 'present']
 ['3' '67.36733130427379' 'present']
 ['6' '67.84007240101548' 'marauded']
 ['10' '70.79226782088904' 'presentdestroyed']
 ['22' '86.37424257141429' 'present']
 ['4' '89.48105237566976' 'present']
 ['18' '106.22760096200324' 'present']
 ['10' '108.80920618289039' 'present']
 ['12' '118.71236424199161' 'present']
 ['12' '125.4453326456496' 'present']
 ['8' '129.55247482254515' 'present']
 ['18' '129.99655748025995' 'present']
 ['4' '132.32284200211592' 'present']
 ['23' '134.02299943844733' 'present']
 ['6' '134.62533944480418' 'present']
 ['10' '143.70108029341554' 'present']
 ['15' '144.00837106764257' 'present']
 ['23' '144.31298621593183' 'present']
 ['2' '148.68541005340327' 'present']
 ['18' '151.56576819856468' 'present']
 ['10' '155.6773756379382' 'present']
 ['3' '163.25740541204962' 'present']
 ['22' '169.68449429166927' 'marauded']
 ['13' '172.32619426777654' 'destroyed']
 ['11' '174.54008803095468' 'presentdestroyed']
 ['6' '181.98073114325456' 'present']
 ['13' '187.96057322995847' 'present']
 ['8' '188.13664515860467' 'present']
 ['17' '202.99104212002453' 'present']
 ['15' '206.24291457515642' 'present']
 ['9' '208.5945806570189' 'present']
 ['1' '217.015622073086' 'present']
 ['17' '221.24249756332878' 'present']
 ['2' '230.41005762568935' 'present']
 ['11' '245.4436998515097' 'marauded']
 ['10' '245.83343137767005' 'presentdestroyed']
 ['13' '247.28326190466723' 'presentdestroyed']
 ['13' '249.4777951598024' 'presentdestroyed']
 ['4' '250.5170714347425' 'presentdestroyed']
 ['18' '251.33218589307822' 'presentdestroyed']
 ['10' '256.1477383830952' 'present']
 ['1' '259.5419316458444' 'present']
 ['0' '261.6260436136684' 'present']
 ['0' '263.03269672047435' 'marauded']
 ['22' '266.0257993944449' 'presentdestroyed']
 ['5' '266.4130240284184' 'destroyed']
 ['13' '268.70952949607846' 'presentdestroyed']
 ['16' '282.673202919701' 'marauded']
 ['19' '283.6521021945664' 'presentdestroyed']
 ['6' '287.57212190215785' 'presentdestroyed']
 ['12' '291.70048532290986' 'present']
 ['11' '296.95102165132516' 'present']
 ['3' '299.1445886801754' 'present']
 ['18' '309.59564380314646' 'marauded']
 ['23' '309.9687210345771' 'presentdestroyed']
 ['17' '314.31705531482226' 'presentdestroyed']
 ['6' '314.8695749803119' 'destroyed']
 ['17' '319.4379487031959' 'present']
 ['21' '320.44636413054576' 'present']
 ['22' '322.9109854792601' 'present']
 ['4' '334.99146751732223' 'marauded']
 ['5' '335.82060496956433' 'presentdestroyed']
 ['12' '341.6557021418251' 'presentdestroyed']
 ['4' '347.9491271161655' 'present']
 ['9' '353.1231020481238' 'present']
 ['5' '354.6513389736734' 'present']
 ['16' '354.94128246916546' 'marauded']
 ['18' '355.55488809376646' 'destroyed']
 ['13' '358.6634779082834' 'presentdestroyed']]","[['F197' '71.32844345261773' 'absentdestroyed']
 ['F57' '112.29639304519723' 'absent']
 ['F46' '113.1155407223485' 'mated']
 ['F170' '129.4406684475108' 'mated']
 ['F181' '140.27983372922589' 'mated']
 ['F72' '147.30249336577583' 'mated']
 ['F77' '147.45766464036242' 'mated']
 ['F183' '173.49737752271355' 'destroyed']
 ['F51' '173.9174097894923' 'destroyed']
 ['F97' '190.48136470594434' 'mated']
 ['F59' '218.24742521556897' 'mated']
 ['F165' '224.1895813955263' 'mated']
 ['F176' '276.09746865078944' 'mated']
 ['F195' '284.1573582767844' 'destroyed']
 ['F63' '336.14233063081303' 'destroyed']]",300.0,200.0,572.0,67.84595883150475,13.081223533600253,1325.0,225.2599789207873,48.165252653295944,377.0,64.67498739963507,14.143493990667734,14.0,1.4000000000000001,0.14000000000000007,96.0,0.8702072427959577,0.008959190672153644
15,0.054,12,360.13824019092664,"[['5' '3.3292857765503903' 'marauded']
 ['4' '4.290596641993854' 'presentdestroyed']
 ['12' '15.472501208471163' 'present']
 ['14' '16.237288760768095' 'marauded']
 ['16' '18.334115453593824' 'presentdestroyed']
 ['22' '23.080062231748013' 'presentdestroyed']
 ['5' '28.620906534307554' 'present']
 ['16' '31.211869440862827' 'present']
 ['3' '46.12243341565586' 'marauded']
 ['19' '48.53110802352623' 'destroyed']
 ['8' '49.49971269467866' 'presentdestroyed']
 ['10' '78.13934566463169' 'present']
 ['16' '82.93977904407122' 'present']
 ['12' '87.82176298999086' 'marauded']
 ['0' '94.21722050703978' 'destroyed']
 ['17' '95.48965031886563' 'present']
 ['8' '97.1274322128567' 'present']
 ['11' '106.87824452430536' 'present']
 ['0' '112.71139474747218' 'present']
 ['8' '115.37678484323709' 'marauded']
 ['23' '118.56497741797186' 'presentdestroyed']
 ['3' '119.84119526721034' 'presentdestroyed']
 ['17' '121.5932355242001' 'presentdestroyed']
 ['22' '124.3151310300619' 'present']
 ['4' '129.08751274442207' 'present']
 ['21' '135.48458375365848' 'marauded']
 ['23' '135.7271183307171' 'presentdestroyed']
 ['12' '136.49002043891167' 'presentdestroyed']
 ['14' '139.6700494049562' 'presentdestroyed']
 ['11' '151.3581585960969' 'present']
 ['16' '151.9977750303698' 'present']
 ['9' '157.4056015119766' 'present']
 ['4' '158.17677266187496' 'present']
 ['3' '160.22735101547778' 'present']
 ['18' '176.79338406699367' 'present']
 ['16' '177.4535324989842' 'marauded']
 ['14' '177.53493488773327' 'destroyed']
 ['9' '177.63301604913818' 'presentdestroyed']
 ['19' '179.6618101071653' 'destroyed']
 ['3' '194.03066956986686' 'present']
 ['14' '198.9549616477264' 'present']
 ['18' '202.4572955100438' 'present']
 ['5' '209.20861245303968' 'present']
 ['22' '218.86521270368533' 'present']
 ['4' '219.97564309757442' 'present']
 ['14' '223.9184589735996' 'present']
 ['2' '230.39579309406858' 'present']
 ['2' '237.88103264056082' 'present']
 ['4' '240.30014258155788' 'marauded']
 ['9' '277.05009224389323' 'present']
 ['23' '281.4908115405929' 'present']
 ['19' '304.37576601065683' 'marauded']
 ['0' '304.508682481621' 'destroyed']
 ['17' '304.6215039381102' 'presentdestroyed']
 ['17' '305.38465816828773' 'presentdestroyed']
 ['14' '319.83296959925565' 'present']
 ['10' '327.25738706107825' 'marauded']
 ['0' '333.9974725672314' 'presentdestroyed']
 ['9' '334.9127113528871' 'destroyed']
 ['16' '359.29211961471384' 'marauded']]","[['F95' '2.824281286232129' 'absent']
 ['F32' '73.34987745124573' 'mated']
 ['F30' '115.71122154707822' 'destroyed']
 ['F185' '146.18190875455494' 'absent']
 ['F127' '157.6030226514129' 'mated']
 ['F103' '158.3394576062521' 'mated']
 ['F74' '158.4248567331065' 'mated']
 ['F97' '190.4697906318703' 'absent']
 ['F194' '216.38834897369685' 'mated']
 ['F117' '236.73742518816607' 'mated']
 ['F129' '247.73789040597762' 'mated']
 ['F34' '274.4505973676567' 'mated']
 ['F144' '285.18009373413173' 'mated']
 ['F73' '321.35014044196504' 'mated']
 ['F215' '355.43341061000194' 'mated']
 ['F154' '357.6492621531077' 'mated']]",300.0,300.0,583.0,69.80800116428082,13.283268728858284,1371.0,227.39727911684827,48.558581330456605,364.0,61.57028371661966,13.157409838598706,6.0,0.6,0.06000000000000001,73.0,0.6805111531369388,0.0070301783264746275
16,0.054,11,360.1412258620173,"[['17' '0.0023148148148148147' 'present']
 ['21' '2.54134309135572' 'present']
 ['8' '2.9737795131261375' 'marauded']
 ['6' '5.062094141157782' 'presentdestroyed']
 ['10' '14.015967535897774' 'present']
 ['2' '15.24559324306314' 'present']
 ['0' '19.15566579855324' 'present']
 ['11' '21.560960383076207' 'present']
 ['6' '26.523232426865306' 'present']
 ['2' '34.58586810469051' 'marauded']
 ['15' '36.766880094362946' 'presentdestroyed']
 ['15' '44.37962085042965' 'present']
 ['6' '48.11273538272602' 'marauded']
 ['21' '54.548305259019855' 'presentdestroyed']
 ['21' '56.87044290176075' 'present']
 ['10' '59.79944331637053' 'present']
 ['8' '60.70977208482548' 'present']
 ['18' '66.39744814757702' 'marauded']
 ['23' '79.8011231184146' 'present']
 ['10' '83.08856459261959' 'present']
 ['17' '88.58698818109826' 'present']
 ['14' '90.9563663132869' 'present']
 ['1' '99.67866125427346' 'marauded']
 ['17' '99.68830203270458' 'destroyed']
 ['21' '102.33595953470648' 'presentdestroyed']
 ['22' '102.94242496125801' 'presentdestroyed']
 ['15' '103.4466208503903' 'presentdestroyed']
 ['11' '107.871402914717' 'present']
 ['0' '117.61337016940233' 'present']
 ['12' '117.85610507909844' 'present']
 ['9' '120.24099587758454' 'present']
 ['3' '123.9347470058457' 'marauded']
 ['3' '124.19845652727993' 'presentdestroyed']
 ['3' '125.4558974283224' 'presentdestroyed']
 ['0' '143.70213816764215' 'present']
 ['3' '145.85469379469527' 'present']
 ['13' '150.4292241145472' 'present']
 ['4' '155.85630743880682' 'present']
 ['15' '156.09545023033957' 'present']
 ['5' '156.4133843788657' 'present']
 ['4' '160.44045005635266' 'present']
 ['10' '165.05461446886423' 'present']
 ['23' '178.32066727519438' 'marauded']
 ['19' '190.21098915623966' 'present']
 ['12' '194.5097053426545' 'marauded']
 ['3' '198.31176869351583' 'presentdestroyed']
 ['9' '207.5391450800497' 'present']
 ['10' '208.29727442461763' 'present']
 ['8' '209.24244974342102' 'present']
 ['13' '215.3170974960707' 'present']
 ['23' '219.33646313576497' 'present']
 ['10' '228.72498010053533' 'present']
 ['3' '261.7967555995735' 'present']
 ['22' '266.4533352965841' 'marauded']
 ['17' '278.27225075889146' 'present']
 ['3' '281.7702953584218' 'present']
 ['12' '289.76302192849215' 'present']
 ['4' '297.24645351741515' 'marauded']
 ['2' '299.5321676390214' 'presentdestroyed']
 ['4' '307.0734762562839' 'present']
 ['15' '314.7613219012341' 'present']
 ['0' '320.4528339254373' 'present']
 ['11' '321.46532057217354' 'present']
 ['4' '324.1623000953946' 'marauded']
 ['17' '326.8148810036691' 'destroyed']
 ['9' '327.3264508314655' 'presentdestroyed']
 ['19' '332.94274551884934' 'present']
 ['12' '343.8138748809131' 'present']
 ['0' '349.08481860875435' 'present']
 ['17' '355.85544211515776' 'present']
 ['8' '359.559871781952' 'present']]","[['F89' '62.27021110494692' 'mated']
 ['F143' '70.71532802494583' 'absentdestroyed']
 ['F54' '74.99482365512951' 'mated']
 ['F164' '82.41642202430918' 'mated']
 ['F11' '85.17742383182363' 'mated']
 ['F110' '132.2859252087062' 'mated']
 ['F163' '136.60336924512845' 'mated']
 ['F185' '146.1744178564589' 'absent']
 ['F183' '173.5025536059948' 'mated']
 ['F26' '177.84513913371683' 'mated']
 ['F12' '187.71072882052306' 'absent']
 ['F98' '206.1405540711936' 'absent']
 ['F172' '207.50825668056396' 'mated']
 ['F65' '234.38258222689876' 'mated']
 ['F119' '342.34224028339355' 'mated']]",400.0,0.0,561.0,70.82745893801952,14.908975587270318,1315.0,219.2532661521569,46.43930272873618,381.0,67.60497060892595,15.063992076931749,15.0,1.5000000000000002,0.15000000000000008,87.0,0.84732117112358,0.009516460905349798
17,0.054,10,360.14147130239314,"[['14' '8.378337516016753' 'present']
 ['21' '14.736144452877747' 'present']
 ['22' '19.448807952419447' 'present']
 ['3' '22.395699889361712' 'present']
 ['5' '24.36478754493234' 'present']
 ['0' '26.418198852790205' 'present']
 ['15' '27.989288045603995' 'marauded']
 ['23' '28.106799757300998' 'destroyed']
 ['11' '35.9700713709904' 'present']
 ['2' '37.192647396120506' 'marauded']
 ['22' '40.35151152857281' 'presentdestroyed']
 ['8' '56.46853275700015' 'present']
 ['22' '63.68341497755394' 'present']
 ['11' '63.93787799089068' 'present']
 ['22' '65.9876226816394' 'present']
 ['13' '71.2628348236648' 'marauded']
 ['4' '72.85260154956417' 'presentdestroyed']
 ['15' '80.95316214738003' 'present']
 ['22' '83.82714736858713' 'present']
 ['1' '84.54920595902075' 'present']
 ['1' '87.11177545953073' 'present']
 ['8' '92.86853061625095' 'present']
 ['23' '96.71827492146042' 'present']
 ['8' '105.00588749129699' 'marauded']
 ['2' '105.71519621017863' 'presentdestroyed']
 ['10' '109.25894065744919' 'destroyed']
 ['6' '122.53853387730722' 'present']
 ['9' '124.24666014248338' 'present']
 ['10' '132.30382099250443' 'present']
 ['21' '133.78622501699869' 'present']
 ['4' '141.44774466153146' 'present']
 ['23' '142.66262938778348' 'marauded']
 ['6' '144.62708593959866' 'presentdestroyed']
 ['16' '144.64403678449082' 'presentdestroyed']
 ['2' '146.5103374377362' 'presentdestroyed']
 ['16' '150.54851804921327' 'marauded']
 ['0' '156.1812961891812' 'presentdestroyed']
 ['5' '156.33876904499516' 'presentdestroyed']
 ['11' '178.872459950312' 'present']
 ['4' '184.2755373924528' 'marauded']
 ['6' '194.1840284274171' 'marauded']
 ['1' '202.49985169042262' 'present']
 ['15' '207.4859325474113' 'present']
 ['15' '215.95170514225651' 'present']
 ['16' '223.61836860687353' 'present']
 ['23' '249.2858557456811' 'present']
 ['16' '255.24357805634796' 'present']
 ['21' '256.61776855681734' 'present']
 ['10' '274.13432973796307' 'present']
 ['10' '279.24128640297664' 'present']
 ['0' '280.54603427107395' 'present']
 ['15' '280.9774761928485' 'present']
 ['2' '285.1651829324632' 'present']
 ['22' '291.82065099868913' 'marauded']
 ['23' '291.96155178650463' 'presentdestroyed']
 ['10' '296.9584076472793' 'destroyed']
 ['4' '316.5637070889654' 'present']
 ['23' '322.864421865281' 'present']
 ['12' '337.631854675352' 'present']
 ['4' '344.0628601033385' 'present']
 ['11' '344.2559089163368' 'marauded']
 ['0' '352.50041158284995' 'present']
 ['18' '355.94805270380255' 'present']]","[['F120' '61.436883675325646' 'mated']
 ['F94' '83.00272441128625' 'mated']
 ['F93' '103.20640640130044' 'mated']
 ['F185' '146.1767326712737' 'destroyed']
 ['F16' '159.9123053217687' 'mated']
 ['F58' '176.25348157226077' 'mated']
 ['F7' '183.44358023752338' 'mated']
 ['F3' '206.32518935393864' 'mated']
 ['F210' '213.1105666794148' 'mated']
 ['F48' '244.40622043764958' 'mated']
 ['F43' '246.65299455589027' 'absent']
 ['F75' '250.6609833849769' 'mated']
 ['F34' '274.44079165474585' 'absent']]",400.0,100.0,558.0,68.86215711563167,13.96687102712091,1362.0,228.23049904174843,48.74557044377254,361.0,61.33106074340238,13.21330649376364,8.0,0.7999999999999999,0.08000000000000002,82.0,0.7911720288470532,0.008616255144032928
18,0.054,11,359.9127861375167,"[['22' '5.6413146988384435' 'marauded']
 ['2' '8.428548259276749' 'presentdestroyed']
 ['10' '11.24278672693413' 'presentdestroyed']
 ['2' '31.8952871006742' 'marauded']
 ['12' '37.40581360392242' 'presentdestroyed']
 ['5' '43.038089177389864' 'present']
 ['3' '44.636834717597544' 'marauded']
 ['8' '55.62153449027077' 'present']
 ['8' '64.14090947041913' 'present']
 ['4' '71.38143629139819' 'present']
 ['6' '84.21380314760516' 'present']
 ['17' '90.29207724760116' 'present']
 ['14' '103.70475531474565' 'present']
 ['11' '104.6750504229136' 'present']
 ['11' '106.88573542240142' 'present']
 ['21' '107.01617376653888' 'marauded']
 ['11' '110.13605801390042' 'presentdestroyed']
 ['3' '110.99970942998755' 'presentdestroyed']
 ['16' '119.50956863901646' 'present']
 ['12' '122.17775575668463' 'marauded']
 ['2' '126.79677909195338' 'presentdestroyed']
 ['21' '135.01201697314173' 'marauded']
 ['22' '148.30638718229733' 'present']
 ['5' '148.68724153745273' 'present']
 ['15' '154.34847728596856' 'present']
 ['23' '160.00625895241447' 'present']
 ['21' '162.15327260800836' 'present']
 ['2' '162.37722362406035' 'marauded']
 ['8' '174.2748207123626' 'present']
 ['17' '175.46036407680498' 'present']
 ['12' '187.1741263870995' 'present']
 ['6' '188.7846848683985' 'present']
 ['16' '189.10570014654053' 'marauded']
 ['17' '205.28621447328115' 'present']
 ['2' '210.36766648660148' 'present']
 ['3' '211.26264015576268' 'present']
 ['21' '230.05501499604622' 'present']
 ['14' '235.04575281600108' 'marauded']
 ['9' '239.0626198843344' 'presentdestroyed']
 ['23' '249.61248089648478' 'present']
 ['21' '250.2266149026168' 'present']
 ['16' '252.4533084399022' 'present']
 ['9' '257.8117312068694' 'present']
 ['14' '259.6795083630423' 'present']
 ['16' '261.23954439566234' 'present']
 ['2' '261.8313816276405' 'marauded']
 ['11' '262.196268229766' 'presentdestroyed']
 ['11' '262.95825633554466' 'presentdestroyed']
 ['22' '265.33736196115007' 'presentdestroyed']
 ['19' '266.1979861461704' 'presentdestroyed']
 ['13' '270.8837077567726' 'present']
 ['14' '274.98095546071096' 'present']
 ['2' '281.0996806207131' 'present']
 ['3' '281.6685067100009' 'present']
 ['22' '287.9173479334605' 'present']
 ['9' '296.41213924746074' 'marauded']
 ['10' '298.7296913989542' 'presentdestroyed']
 ['15' '299.61215771490885' 'destroyed']
 ['8' '312.46635525419174' 'marauded']
 ['5' '312.8605047989767' 'presentdestroyed']
 ['9' '316.2102784099829' 'presentdestroyed']
 ['19' '316.81026155299253' 'presentdestroyed']
 ['23' '322.160179045935' 'marauded']
 ['2' '326.0008276309567' 'presentdestroyed']
 ['5' '355.30345764667607' 'present']]","[['F197' '71.35218380635695' 'mated']
 ['F190' '87.94839817599919' 'mated']
 ['F61' '95.46887507133908' 'absent']
 ['F57' '112.29870786001204' 'absentdestroyed']
 ['F103' '158.3361839637466' 'absent']
 ['F83' '179.9014423436786' 'mated']
 ['F178' '180.28617394837346' 'mated']
 ['F7' '183.44126542270857' 'absent']
 ['F98' '206.14518370082322' 'mated']
 ['F59' '218.24511040075416' 'absent']
 ['F167' '228.2044183947725' 'mated']
 ['F116' '253.80434428308254' 'mated']
 ['F60' '254.23682877267805' 'mated']
 ['F124' '261.1586980635155' 'mated']
 ['F171' '284.10384172105927' 'mated']
 ['F64' '343.11044444497185' 'mated']]",400.0,200.0,554.0,72.48201787291181,15.781165365708663,1193.0,206.17295921634812,44.93825335783207,467.0,79.46169481674107,17.49300377840895,13.0,1.3,0.13000000000000006,72.0,0.6811914213698267,0.007180212620027438
19,0.054,9,360.41934734090916,"[['2' '15.903227294312584' 'present']
 ['17' '19.73581362038682' 'present']
 ['15' '23.899472316509467' 'present']
 ['21' '24.270727007383048' 'present']
 ['1' '30.450166179340876' 'present']
 ['12' '35.2502608785841' 'present']
 ['1' '35.86530385191688' 'present']
 ['5' '43.89816597872521' 'present']
 ['2' '44.30332071424893' 'present']
 ['3' '62.79343112261545' 'present']
 ['6' '67.08538422884655' 'present']
 ['2' '84.53780583645649' 'present']
 ['2' '87.66968181317026' 'present']
 ['6' '89.64039367040091' 'marauded']
 ['14' '97.61322480632649' 'marauded']
 ['15' '102.0920383738556' 'destroyed']
 ['5' '105.6605018247865' 'presentdestroyed']
 ['16' '111.63091434752134' 'marauded']
 ['16' '122.94708477044115' 'marauded']
 ['18' '130.67355391159097' 'present']
 ['3' '135.643938810721' 'present']
 ['18' '148.13067702753048' 'present']
 ['3' '159.42397169905516' 'present']
 ['4' '162.10971607063902' 'present']
 ['2' '165.28496062014673' 'present']
 ['4' '168.82043403787804' 'present']
 ['21' '170.5435536199052' 'present']
 ['16' '170.97986237972935' 'present']
 ['10' '176.00803228614188' 'present']
 ['14' '177.54052334505357' 'present']
 ['13' '186.05351874204862' 'present']
 ['18' '188.81559277973125' 'present']
 ['13' '197.11546302085193' 'present']
 ['10' '206.0252182472618' 'present']
 ['18' '206.15277220334107' 'present']
 ['16' '210.56518786661627' 'present']
 ['17' '211.54952824286042' 'present']
 ['3' '226.8619049622566' 'marauded']
 ['11' '226.9147084188722' 'destroyed']
 ['0' '231.99619572878726' 'presentdestroyed']
 ['23' '237.09901992516276' 'marauded']
 ['14' '238.18442408634692' 'presentdestroyed']
 ['21' '245.33459783189508' 'present']
 ['17' '262.38502153396536' 'present']
 ['21' '269.1828226158565' 'marauded']
 ['12' '269.72178610053584' 'presentdestroyed']
 ['1' '274.31349662639093' 'presentdestroyed']
 ['11' '274.9297276262529' 'destroyed']
 ['5' '287.9124358831725' 'present']
 ['15' '288.509380196769' 'present']
 ['10' '293.1398925094349' 'present']
 ['12' '297.76643357898934' 'present']
 ['22' '299.7953868692486' 'present']
 ['16' '314.10552889762613' 'present']
 ['6' '314.57477818107054' 'present']
 ['15' '316.92646606297274' 'present']
 ['6' '346.67096970435074' 'present']
 ['0' '350.22762956310436' 'present']
 ['1' '351.3613608833378' 'present']
 ['5' '351.82845014240894' 'present']
 ['5' '354.3346313918945' 'present']
 ['12' '356.0390614715685' 'marauded']
 ['8' '358.80478208672764' 'presentdestroyed']]","[['F189' '6.534338442022945' 'mated']
 ['F52' '83.14158903034745' 'mated']
 ['F115' '84.44445272125517' 'mated']
 ['F45' '92.59612018644515' 'absentdestroyed']
 ['F96' '152.51196052002234' 'mated']
 ['F126' '159.94147564111088' 'mated']
 ['F173' '171.85930683477903' 'mated']
 ['F37' '216.09645228174182' 'mated']
 ['F18' '241.21106871099244' 'destroyed']
 ['F140' '247.5624110302626' 'mated']
 ['F62' '252.11355870519256' 'absent']
 ['F39' '258.88481582703685' 'absent']
 ['F53' '351.3995163203876' 'mated']]",400.0,300.0,575.0,68.40734667561401,13.542564530026972,1434.0,242.7515310331411,52.268758742251656,276.0,46.556414775521155,9.977438641242623,16.0,1.6000000000000003,0.1600000000000001,75.0,0.7063056953750337,0.007437414266117973
20,0.0,10,360.3287476639832,"[['10' '14.94711541390019' 'present']
 ['13' '39.3328249739371' 'present']
 ['0' '44.75253698172329' 'marauded']
 ['12' '47.8462805028596' 'presentdestroyed']
 ['10' '53.726869533549824' 'present']
 ['13' '56.70423358804287' 'present']
 ['13' '60.22825657187366' 'present']
 ['16' '65.565290512991' 'present']
 ['9' '67.49007970417644' 'present']
 ['18' '67.64338240107377' 'present']
 ['15' '77.96774894432014' 'present']
 ['22' '81.2929303264687' 'marauded']
 ['8' '97.13765029980664' 'present']
 ['15' '101.97988050830186' 'present']
 ['13' '114.41050746842758' 'present']
 ['18' '116.0078166647234' 'present']
 ['3' '123.45521925340638' 'present']
 ['11' '126.56816361897798' 'marauded']
 ['4' '126.57378685350389' 'destroyed']
 ['15' '128.35807984894902' 'presentdestroyed']
 ['12' '133.4441706151423' 'presentdestroyed']
 ['14' '138.67606316040275' 'present']
 ['11' '140.05756484371688' 'present']
 ['19' '141.53458452977475' 'present']
 ['6' '146.68083729289972' 'present']
 ['21' '149.7441003395054' 'present']
 ['9' '153.2477166184406' 'present']
 ['18' '153.63755757403794' 'marauded']
 ['18' '169.69508881210336' 'present']
 ['9' '172.2574565239819' 'present']
 ['1' '177.82940560144544' 'present']
 ['13' '178.88314123857128' 'present']
 ['21' '182.43523252103418' 'marauded']
 ['6' '183.66219127165402' 'presentdestroyed']
 ['23' '188.65437762634042' 'presentdestroyed']
 ['4' '189.29962283464704' 'presentdestroyed']
 ['22' '201.8214429054672' 'present']
 ['22' '203.02341805550486' 'marauded']
 ['21' '209.45011839282193' 'presentdestroyed']
 ['17' '211.8579668395675' 'present']
 ['15' '213.79066219425513' 'present']
 ['10' '217.21708817036034' 'present']
 ['1' '218.81169297967654' 'present']
 ['8' '232.16361196132524' 'present']
 ['4' '233.01876726869855' 'present']
 ['17' '233.7664244630704' 'marauded']
 ['1' '243.46464889565016' 'present']
 ['13' '247.4256623876528' 'present']
 ['14' '257.50089166760785' 'present']
 ['2' '270.341154318833' 'marauded']
 ['2' '275.16083014558876' 'presentdestroyed']
 ['17' '281.50571839578265' 'present']
 ['21' '283.5923412374051' 'present']
 ['17' '283.86442020786944' 'marauded']
 ['2' '283.8950686401568' 'destroyed']
 ['5' '289.30924139216876' 'destroyed']
 ['16' '296.72143735224086' 'marauded']
 ['10' '304.0706612739729' 'presentdestroyed']
 ['2' '304.80480726137665' 'present']
 ['3' '310.6990522400785' 'present']
 ['9' '314.2861694731634' 'present']
 ['21' '331.40018986041497' 'marauded']
 ['9' '335.2489741228274' 'presentdestroyed']
 ['15' '335.94304859157126' 'destroyed']
 ['6' '344.60683060378864' 'present']
 ['8' '346.85554356324116' 'marauded']]","[['F86' '32.72732477163263' 'mated']
 ['F135' '119.57397839627126' 'mated']
 ['F211' '135.72459258284695' 'mated']
 ['F161' '144.72752081772603' 'mated']
 ['F206' '146.1226540511129' 'mated']
 ['F141' '151.35127247157368' 'mated']
 ['F38' '154.50809086976804' 'absentdestroyed']
 ['F106' '166.70936841214458' 'mated']
 ['F6' '168.6243788155685' 'mated']
 ['F51' '173.92395707450328' 'absent']
 ['F162' '177.1144545254404' 'absent']
 ['F12' '187.72562228904206' 'destroyed']
 ['F65' '234.38026741208395' 'destroyed']
 ['F114' '248.7530611756738' 'mated']
 ['F69' '273.7906177220511' 'destroyed']
 ['F13' '275.7981573649451' 'destroyed']
 ['F70' '354.6693359395908' 'mated']]",500.0,0.0,564.0,69.58316957734063,14.662224775592424,1294.0,217.83680291503111,46.72172135247562,442.0,72.72994968587932,15.211065287848081,0.0,0.0,0.0,0.0,0.0,0.0
21,0.054,11,359.9199641894243,"[['5' '3.881495170177738' 'marauded']
 ['12' '4.520991009647331' 'destroyed']
 ['16' '17.81628148066162' 'present']
 ['1' '19.01030715509348' 'present']
 ['16' '26.30520063643521' 'marauded']
 ['11' '30.86332003340522' 'presentdestroyed']
 ['3' '36.43282117689812' 'present']
 ['22' '50.218290937835576' 'present']
 ['22' '50.93357861239582' 'present']
 ['0' '59.28580658933335' 'present']
 ['1' '63.09307272680409' 'present']
 ['1' '78.26382747532969' 'marauded']
 ['12' '82.67730614750434' 'presentdestroyed']
 ['2' '89.4989460238214' 'marauded']
 ['18' '94.63742110733642' 'presentdestroyed']
 ['9' '118.8296712082469' 'marauded']
 ['4' '124.27244810182971' 'presentdestroyed']
 ['10' '130.90383054404745' 'present']
 ['4' '136.7300466566762' 'present']
 ['10' '155.8750715841336' 'present']
 ['8' '162.99173367241042' 'present']
 ['4' '163.32905717634478' 'present']
 ['0' '166.7760196685499' 'present']
 ['17' '171.95216970558727' 'present']
 ['5' '172.75763313766396' 'present']
 ['15' '177.01074979521255' 'present']
 ['14' '182.81832932638466' 'present']
 ['22' '186.72213186436178' 'present']
 ['5' '191.14799107976228' 'present']
 ['3' '199.36994095556233' 'present']
 ['16' '206.35351305910189' 'present']
 ['5' '215.68454590709035' 'present']
 ['0' '216.99218171146705' 'present']
 ['1' '219.56561210434592' 'marauded']
 ['23' '221.1960132150513' 'presentdestroyed']
 ['22' '234.02152975271795' 'present']
 ['10' '247.795589822115' 'present']
 ['5' '249.4768924054382' 'present']
 ['1' '251.12767116344045' 'present']
 ['15' '265.5215884027704' 'present']
 ['9' '266.9976457790107' 'present']
 ['11' '273.8741886402728' 'present']
 ['8' '290.9061484278828' 'present']
 ['4' '294.0248387925304' 'present']
 ['16' '296.82702580956123' 'present']
 ['14' '306.3309552510485' 'marauded']
 ['12' '315.1401407643857' 'present']
 ['19' '321.624652310354' 'present']
 ['13' '328.24251747830874' 'present']
 ['13' '340.6604283372455' 'present']
 ['23' '341.5106926717726' 'marauded']
 ['2' '341.90832982981357' 'presentdestroyed']
 ['0' '343.8371623473451' 'destroyed']
 ['12' '347.20531132340545' 'presentdestroyed']
 ['10' '351.74095305059166' 'present']]","[['F45' '92.60861635690271' 'destroyed']
 ['F168' '99.06520635027042' 'mated']
 ['F68' '122.76380842071104' 'destroyed']
 ['F79' '141.49386042129842' 'mated']
 ['F101' '151.75065399978274' 'mated']
 ['F82' '168.7803671643987' 'mated']
 ['F121' '177.37066024594174' 'mated']
 ['F132' '191.4565746670453' 'mated']
 ['F205' '199.63730257547485' 'mated']
 ['F151' '205.71461673100856' 'absent']
 ['F128' '216.56238054625825' 'absent']
 ['F108' '231.18101054355262' 'mated']
 ['F111' '235.23605866138757' 'mated']
 ['F43' '246.65530937070508' 'mated']
 ['F47' '260.34822184890777' 'absent']
 ['F56' '276.5586475876941' 'mated']
 ['F119' '342.33896664088803' 'destroyed']]",500.0,100.0,569.0,70.52540749083826,14.378151250913643,1379.0,238.57002155262776,52.42104225654997,287.0,48.84795925998981,10.440209171154656,15.0,1.5000000000000002,0.15000000000000008,71.0,0.6351110074260023,0.006494341563786012
22,0.054,6,359.9657352537661,"[['3' '11.086537206458974' 'present']
 ['4' '16.937161021861346' 'present']
 ['16' '27.562202085658' 'present']
 ['19' '32.649518210772484' 'marauded']
 ['10' '38.83077557845811' 'presentdestroyed']
 ['10' '43.48038964727782' 'present']
 ['13' '60.238608738436156' 'present']
 ['9' '64.49758229254635' 'present']
 ['18' '80.33180662803218' 'present']
 ['23' '83.01969951858987' 'present']
 ['16' '86.1934239235475' 'present']
 ['11' '99.44487880682152' 'present']
 ['1' '105.53445637984541' 'present']
 ['2' '106.50430634205102' 'present']
 ['12' '107.61568698863782' 'present']
 ['16' '107.99895249892899' 'present']
 ['16' '111.0496543507271' 'present']
 ['5' '116.16092507888872' 'present']
 ['12' '117.53345313678781' 'present']
 ['5' '117.86640542791754' 'present']
 ['4' '125.01361233837977' 'marauded']
 ['19' '135.1056975989228' 'marauded']
 ['21' '135.59344585348427' 'presentdestroyed']
 ['2' '142.7134949446086' 'destroyed']
 ['1' '149.03603009620986' 'marauded']
 ['8' '149.74994743938746' 'presentdestroyed']
 ['5' '157.5792969185883' 'present']
 ['3' '159.31606842692005' 'marauded']
 ['10' '161.69358712162474' 'destroyed']
 ['18' '170.1741786995755' 'present']
 ['9' '184.97417672982326' 'present']
 ['21' '186.24275585116177' 'present']
 ['16' '189.68849392114495' 'marauded']
 ['21' '190.58058169485574' 'destroyed']
 ['2' '204.78381981640285' 'present']
 ['5' '204.89265413460924' 'present']
 ['17' '210.18285040374275' 'marauded']
 ['10' '219.76543375122662' 'present']
 ['10' '227.6319980196008' 'present']
 ['1' '243.47119618066114' 'present']
 ['23' '250.49140154861368' 'present']
 ['9' '254.0363455660707' 'present']
 ['17' '255.7506395154206' 'present']
 ['5' '265.1865381108407' 'present']
 ['11' '282.95782672879886' 'present']
 ['3' '284.27140480851995' 'present']
 ['2' '288.7213806385199' 'present']
 ['10' '288.8363256104648' 'present']
 ['12' '291.68930840826926' 'present']
 ['9' '293.10570516843006' 'present']
 ['1' '305.18278693556096' 'present']
 ['9' '305.5785767149743' 'marauded']
 ['10' '306.47501372332783' 'presentdestroyed']
 ['10' '314.6749711183692' 'present']
 ['14' '319.8399140437001' 'present']
 ['2' '325.9938831865122' 'present']
 ['13' '328.0106838918524' 'present']
 ['13' '342.8240394199278' 'marauded']
 ['19' '350.7755569042622' 'marauded']
 ['17' '356.91684564421183' 'presentdestroyed']]","[['F24' '106.80483326778463' 'mated']
 ['F130' '128.21192790919127' 'destroyed']
 ['F170' '129.43603881788118' 'absentdestroyed']
 ['F72' '147.2978637361462' 'absent']
 ['F184' '174.98433522048506' 'absent']
 ['F198' '184.98969588969376' 'mated']
 ['F203' '226.94531618294715' 'mated']
 ['F15' '229.07773711311611' 'mated']
 ['F118' '231.61284231182282' 'mated']
 ['F155' '235.78574414666014' 'mated']
 ['F117' '236.73224910488483' 'absent']
 ['F63' '336.1377010011834' 'absent']]",500.0,200.0,571.0,71.70807208132075,15.678273638657672,1315.0,225.21039515122973,48.484898716688924,346.0,60.92489231972999,13.584853649380165,15.0,1.5000000000000002,0.15000000000000008,75.0,0.7205010551562954,0.007780349794238685
23,0.054,4,360.25910941960046,"[['8' '2.9618297963201923' 'present']
 ['13' '3.111512983770569' 'present']
 ['1' '7.012225279548905' 'present']
 ['0' '7.440413471680172' 'present']
 ['14' '10.235542183215033' 'marauded']
 ['18' '13.402838802340163' 'presentdestroyed']
 ['13' '15.537111463101573' 'presentdestroyed']
 ['18' '15.7321893350851' 'presentdestroyed']
 ['12' '20.22999582818163' 'present']
 ['0' '28.32847376409895' 'present']
 ['9' '30.910905776295476' 'marauded']
 ['13' '38.249049004651376' 'presentdestroyed']
 ['1' '41.79192447940558' 'marauded']
 ['2' '52.2449529713672' 'present']
 ['11' '62.47007149586145' 'marauded']
 ['16' '78.03411379253656' 'present']
 ['14' '90.52667127231571' 'present']
 ['10' '93.59665183519391' 'present']
 ['12' '95.4046737278565' 'present']
 ['2' '97.03239312636416' 'marauded']
 ['16' '107.80653619978226' 'present']
 ['14' '121.32365514043074' 'present']
 ['8' '135.21564326110766' 'present']
 ['19' '138.12270630111854' 'present']
 ['21' '138.20023035607932' 'present']
 ['14' '139.05102214610176' 'present']
 ['15' '145.81168390658968' 'present']
 ['1' '147.14776375447568' 'marauded']
 ['21' '158.47801833979503' 'present']
 ['14' '164.19298453100689' 'marauded']
 ['8' '171.93631515626612' 'present']
 ['22' '173.98533224375106' 'present']
 ['1' '186.95249537551894' 'present']
 ['9' '190.13007009575003' 'present']
 ['9' '194.2220868807791' 'present']
 ['14' '194.97764020260252' 'present']
 ['0' '201.77405194056468' 'present']
 ['14' '202.85894791612714' 'present']
 ['17' '208.66721234747783' 'present']
 ['9' '209.8919610414919' 'marauded']
 ['18' '212.6809311776787' 'presentdestroyed']
 ['6' '214.027652470797' 'presentdestroyed']
 ['19' '219.48620717428287' 'present']
 ['8' '219.49566763367162' 'present']
 ['14' '225.13389370307303' 'present']
 ['0' '228.3124890656482' 'marauded']
 ['0' '245.57056764970784' 'present']
 ['0' '248.98747410018353' 'present']
 ['0' '253.68584042019086' 'present']
 ['3' '262.8951703472803' 'present']
 ['19' '267.57731550629114' 'present']
 ['12' '267.6611397683487' 'marauded']
 ['12' '268.78304839132255' 'presentdestroyed']
 ['4' '275.2692010666313' 'present']
 ['14' '281.55657851402646' 'present']
 ['15' '282.8314397581894' 'present']
 ['15' '284.6923175988838' 'present']
 ['11' '290.89459516435403' 'present']
 ['6' '294.6479054685336' 'present']
 ['4' '296.3545161345373' 'present']
 ['0' '298.54890611606584' 'present']
 ['3' '298.93120121386426' 'marauded']
 ['19' '299.2702513335818' 'presentdestroyed']
 ['12' '305.1120653017334' 'presentdestroyed']
 ['3' '312.50047258847223' 'present']
 ['16' '313.95406362638056' 'present']
 ['8' '325.7407610187384' 'marauded']
 ['3' '326.01386987866226' 'presentdestroyed']
 ['14' '329.4960418498872' 'presentdestroyed']
 ['13' '342.363476215001' 'present']
 ['13' '344.10281956796564' 'present']
 ['2' '344.63220780190755' 'present']
 ['10' '345.81239572831856' 'present']
 ['21' '349.79977191135936' 'marauded']
 ['12' '353.3015585051491' 'destroyed']
 ['16' '355.98755128932777' 'presentdestroyed']
 ['17' '356.2561845744023' 'presentdestroyed']
 ['16' '357.5770881065817' 'present']]","[['F44' '166.55194985408536' 'destroyed']
 ['F8' '207.19460322615282' 'mated']
 ['F157' '208.97450993984882' 'mated']
 ['F128' '216.55775091662863' 'destroyed']
 ['F123' '225.7186194434101' 'mated']
 ['F15' '229.0754222983013' 'destroyed']
 ['F21' '238.0211428494436' 'mated']
 ['F69' '273.7929325368659' 'destroyed']
 ['F154' '357.6446325234781' 'absent']]",500.0,300.0,556.0,72.73862811493751,15.926154894786283,1219.0,206.74111844535258,44.798570222156094,458.0,79.13152537251318,17.221511746282797,11.0,1.0999999999999999,0.11000000000000004,52.0,0.5079440650348648,0.005508401920438959
