id,probability_maraud,successful_mating,next_foraging_time,mar_attempts,mate_attempts,x_pos,y_pos,foraging_events,foraging_hrs,foraging_sqhrs,staying_events,staying_hrs,staying_sqhrs,repairing_events,repairing_hrs,repairing_sqhrs,marauding_events,marauding_hrs,marauding_sqhrs,traveling_events,traveling_hrs,traveling_sqhrs
0,0.054,7,359.9945986278283,"[['6' '2.5548123957011435' 'marauded']
 ['6' '18.753027975968376' 'marauded']
 ['2' '24.424087631450586' 'presentdestroyed']
 ['3' '27.379770791389898' 'present']
 ['6' '29.77736337449552' 'present']
 ['1' '30.63168233312924' 'present']
 ['6' '33.274999317936064' 'marauded']
 ['6' '52.77664959089875' 'present']
 ['6' '53.14815767096284' 'present']
 ['6' '53.19445396725913' 'present']
 ['2' '64.73377472431694' 'present']
 ['3' '83.8149861401192' 'present']
 ['3' '97.46010538685807' 'present']
 ['6' '98.54570394780302' 'present']
 ['3' '98.8805048364223' 'present']
 ['1' '102.55587441335346' 'present']
 ['6' '105.70189416065665' 'present']
 ['2' '112.32352481880915' 'marauded']
 ['1' '114.30919324439724' 'destroyed']
 ['1' '115.79831206057541' 'presentdestroyed']
 ['1' '122.09442205733957' 'present']
 ['3' '126.39815644597756' 'marauded']
 ['6' '126.96653342454734' 'presentdestroyed']
 ['1' '128.80446823712654' 'presentdestroyed']
 ['1' '128.9317286861266' 'presentdestroyed']
 ['3' '133.0119827176854' 'presentdestroyed']
 ['1' '133.36690456050118' 'presentdestroyed']
 ['2' '134.03660910968568' 'present']
 ['1' '139.95382675766763' 'present']
 ['3' '141.07464273591583' 'marauded']
 ['6' '145.3683167145086' 'presentdestroyed']
 ['3' '148.47487905759874' 'presentdestroyed']
 ['6' '152.76974266612214' 'marauded']
 ['1' '156.13334278749497' 'presentdestroyed']
 ['2' '156.9935510821597' 'presentdestroyed']
 ['3' '163.6242634219691' 'present']
 ['3' '165.22698903165343' 'present']
 ['3' '167.88307399607345' 'present']
 ['6' '170.22289513113083' 'present']
 ['3' '190.76173225590003' 'present']
 ['1' '194.4867824164276' 'present']
 ['6' '201.54355389863164' 'present']
 ['3' '211.06239027319455' 'present']
 ['4' '211.3283212563822' 'present']
 ['2' '211.80998732024486' 'present']
 ['2' '221.77845552685955' 'marauded']
 ['1' '230.18303913217713' 'present']
 ['3' '233.46892632952748' 'present']
 ['2' '242.14275909946235' 'present']
 ['1' '243.2131052640361' 'marauded']
 ['6' '246.43627178171815' 'presentdestroyed']
 ['3' '248.83895208370336' 'presentdestroyed']
 ['6' '249.1588819820843' 'destroyed']
 ['3' '250.63096614944715' 'present']
 ['6' '250.8506836193045' 'present']
 ['2' '253.3963790380354' 'present']
 ['6' '264.5237710071599' 'present']
 ['4' '266.937036065386' 'present']
 ['6' '270.22226977249187' 'present']
 ['6' '271.0502027172935' 'present']
 ['6' '280.9676938020001' 'present']
 ['1' '306.0032927260889' 'present']
 ['6' '315.9207717199416' 'marauded']
 ['3' '319.0919246354278' 'presentdestroyed']
 ['6' '320.87427651009193' 'destroyed']
 ['1' '321.61797421319045' 'presentdestroyed']
 ['3' '322.3787001943042' 'presentdestroyed']
 ['1' '325.1661261588811' 'present']
 ['2' '336.92825188099414' 'present']
 ['1' '338.6302091602859' 'marauded']
 ['6' '347.73976321552976' 'present']
 ['2' '349.016301530726' 'present']
 ['2' '350.61477233673264' 'present']
 ['6' '351.1721854218567' 'present']
 ['1' '357.5956140353458' 'present']]","[['F9' '82.29822515518187' 'absent']
 ['F47' '82.8852414507568' 'absent']
 ['F76' '85.68444563771072' 'absent']
 ['F74' '98.84820403024695' 'mated']
 ['F72' '109.4503624990293' 'absent']
 ['F68' '113.17654869977004' 'destroyed']
 ['F58' '132.985761084012' 'destroyed']
 ['F30' '136.84195886525464' 'mated']
 ['F58' '145.06479380536325' 'absentdestroyed']
 ['F17' '156.7849815288925' 'destroyed']
 ['F79' '175.5323210576048' 'absent']
 ['F32' '180.80206188042905' 'mated']
 ['F40' '184.46595679073926' 'absent']
 ['F21' '195.92510642955722' 'mated']
 ['F11' '217.2516666968433' 'mated']
 ['F37' '228.76224668808464' 'destroyed']
 ['F27' '274.8170311558358' 'mated']
 ['F3' '291.40548642608485' 'mated']]",0.0,0.0,570.0,70.74140557725823,14.581135634218318,1309.0,216.3735534560882,45.04764339024354,390.0,67.31743043497387,14.606217036776792,15.0,1.5000000000000002,0.15000000000000008,89.0,4.2162531394382174,0.20147462277091874
1,0.054,8,360.57605595548523,"[['2' '10.32813899898587' 'present']
 ['0' '14.232411235428215' 'present']
 ['4' '32.115746532904346' 'present']
 ['4' '57.290230286943114' 'present']
 ['4' '58.30806764952043' 'marauded']
 ['2' '60.509655883988664' 'presentdestroyed']
 ['0' '62.96137162145633' 'presentdestroyed']
 ['4' '66.55728349895338' 'marauded']
 ['4' '78.99563450925882' 'marauded']
 ['0' '81.00835931262938' 'presentdestroyed']
 ['4' '90.0665176107407' 'present']
 ['4' '95.45932557724258' 'present']
 ['6' '101.011306607003' 'present']
 ['0' '107.58218202877856' 'present']
 ['5' '116.33071330061735' 'present']
 ['4' '131.95115532056616' 'present']
 ['4' '150.7268598275855' 'present']
 ['0' '150.9009728158295' 'present']
 ['0' '163.0963791531574' 'present']
 ['4' '170.99321991970768' 'marauded']
 ['4' '179.7109900351672' 'present']
 ['4' '182.5689444737302' 'marauded']
 ['2' '183.61067400808446' 'presentdestroyed']
 ['4' '187.7452746524616' 'presentdestroyed']
 ['2' '190.68863247325146' 'present']
 ['4' '197.60097684524212' 'present']
 ['2' '198.11217392831009' 'present']
 ['0' '201.3718492987816' 'present']
 ['2' '207.39353025958158' 'present']
 ['6' '209.84579602406475' 'marauded']
 ['2' '231.43351690266647' 'present']
 ['0' '236.30631806061814' 'present']
 ['2' '241.30569851615252' 'present']
 ['2' '251.3971059965051' 'present']
 ['0' '260.60885075517115' 'present']
 ['0' '262.434945026672' 'marauded']
 ['2' '280.71791665581924' 'marauded']
 ['4' '291.955049095102' 'present']
 ['0' '292.1944403853997' 'present']
 ['0' '310.61090523644435' 'marauded']
 ['4' '313.9259828800249' 'presentdestroyed']
 ['0' '315.0439714405893' 'presentdestroyed']
 ['4' '320.55914255110247' 'present']
 ['4' '320.63085526266633' 'present']
 ['4' '327.0850234561599' 'present']
 ['4' '327.51190647523754' 'present']
 ['0' '329.3301755965052' 'present']
 ['4' '329.84210754166514' 'present']
 ['0' '332.2724559745594' 'present']
 ['0' '352.41996699668147' 'present']
 ['0' '352.46626329297777' 'present']
 ['4' '357.81637101773947' 'present']]","[['F18' '78.08511306276421' 'mated']
 ['F80' '85.37901139561949' 'destroyed']
 ['F43' '100.84109099808015' 'absent']
 ['F43' '100.88738729437645' 'mated']
 ['F72' '109.51980694347375' 'mated']
 ['F68' '113.19969684791819' 'mated']
 ['F58' '133.0416456572151' 'absent']
 ['F51' '158.58943230017732' 'mated']
 ['F49' '200.76589211121797' 'mated']
 ['F12' '213.09192979822254' 'destroyed']
 ['F75' '230.165351342711' 'absent']
 ['F60' '236.08095126155942' 'mated']
 ['F22' '237.48256155795423' 'mated']
 ['F52' '251.6379899233175' 'absent']
 ['F44' '276.73741892770056' 'absent']
 ['F55' '283.42021324011137' 'destroyed']]",0.0,1000.0,579.0,67.5589464851295,13.049714430441886,1380.0,231.56401535209812,48.99673947124733,320.0,55.064889999306544,11.918453701183097,13.0,1.3,0.13000000000000006,98.0,4.671272913732026,0.2250514403292177
2,0.054,14,360.42614681214707,"[['5' '21.30923353237316' 'present']
 ['5' '21.917994449327296' 'present']
 ['1' '25.570963153617978' 'present']
 ['1' '26.616287505289886' 'present']
 ['3' '31.937228830335854' 'present']
 ['3' '44.44729172832928' 'present']
 ['0' '45.2207906731944' 'present']
 ['5' '47.195714933335935' 'present']
 ['1' '57.04548202255116' 'present']
 ['0' '65.19480885197629' 'present']
 ['5' '66.34795516524512' 'present']
 ['6' '84.94607513775541' 'marauded']
 ['1' '90.93051353832277' 'presentdestroyed']
 ['5' '99.37006878423189' 'marauded']
 ['5' '99.51636508052819' 'presentdestroyed']
 ['5' '102.7559057569242' 'destroyed']
 ['0' '102.96729199828118' 'presentdestroyed']
 ['0' '106.97456911958572' 'present']
 ['1' '109.28026200854524' 'present']
 ['0' '111.9794840248264' 'present']
 ['5' '112.00544313530767' 'present']
 ['1' '112.86204265315492' 'marauded']
 ['5' '113.56607960339961' 'presentdestroyed']
 ['1' '114.06015089194133' 'presentdestroyed']
 ['1' '114.26289694810093' 'presentdestroyed']
 ['5' '114.39523141979998' 'presentdestroyed']
 ['0' '122.30166008254346' 'marauded']
 ['1' '130.99896274406234' 'present']
 ['5' '138.23826551753808' 'marauded']
 ['1' '138.5211999005458' 'presentdestroyed']
 ['6' '144.32498814377632' 'destroyed']
 ['1' '151.77737693462979' 'present']
 ['0' '168.8758723718693' 'marauded']
 ['5' '173.21508063271386' 'presentdestroyed']
 ['0' '183.46695205782848' 'present']
 ['1' '190.4657599554955' 'present']
 ['0' '195.82900467501344' 'present']
 ['1' '195.98974613519917' 'present']
 ['1' '196.03604243149547' 'present']
 ['1' '203.81198756068594' 'present']
 ['1' '206.2242237893294' 'present']
 ['0' '210.55419920245268' 'present']
 ['6' '216.67144339367707' 'present']
 ['0' '231.43051044700317' 'marauded']
 ['0' '233.67952086794963' 'presentdestroyed']
 ['0' '241.75225820405169' 'present']
 ['1' '245.6905295797886' 'present']
 ['0' '253.30010371237537' 'present']
 ['0' '254.6775375505973' 'present']
 ['0' '258.7761426105981' 'present']
 ['5' '268.5027233306113' 'present']
 ['0' '272.1604482732234' 'present']
 ['5' '283.021924356363' 'present']
 ['0' '290.0377597920916' 'present']
 ['1' '294.04604140668476' 'present']
 ['1' '299.1114534013321' 'present']
 ['0' '312.8932522204885' 'present']
 ['0' '314.1423979590389' 'present']
 ['1' '322.620595434681' 'present']
 ['1' '338.4839128639896' 'marauded']
 ['1' '347.2685001023277' 'present']
 ['1' '347.91066017057875' 'present']
 ['5' '348.332015330212' 'present']
 ['1' '358.77817747592746' 'present']]","[['F48' '8.592837702593922' 'mated']
 ['F39' '45.8454676709135' 'mated']
 ['F9' '82.32137330333002' 'absent']
 ['F47' '82.90838959890495' 'mated']
 ['F80' '85.40215954376764' 'destroyed']
 ['F4' '93.62095530102933' 'mated']
 ['F1' '130.8989672408577' 'mated']
 ['F64' '132.52599524833' 'mated']
 ['F25' '135.73666389932774' 'mated']
 ['F41' '147.90739367674973' 'mated']
 ['F17' '156.80812967704065' 'mated']
 ['F40' '184.4891049388874' 'mated']
 ['F11' '217.18222225239884' 'absent']
 ['F11' '217.22851854869515' 'absent']
 ['F54' '224.60599656234004' 'mated']
 ['F60' '236.05780311341127' 'destroyed']
 ['F62' '236.20151461610752' 'destroyed']
 ['F22' '237.45941340980607' 'destroyed']
 ['F5' '252.02345862408805' 'mated']
 ['F44' '276.7605670758487' 'mated']
 ['F67' '311.82287948547497' 'mated']]",0.0,2000.0,594.0,69.8550934927035,13.336531055721967,1418.0,236.82555587400134,49.91383634188174,289.0,48.91971842300608,10.586342792926427,11.0,1.0999999999999999,0.11000000000000004,71.0,3.344566698477744,0.1586076817558298
3,0.054,4,360.73974631780294,"[['5' '1.4943267813779488' 'present']
 ['0' '11.53115911285943' 'present']
 ['5' '18.199444100484428' 'present']
 ['6' '21.117225031515677' 'present']
 ['5' '37.185491030154594' 'present']
 ['0' '51.55936111405633' 'present']
 ['0' '51.9160638512515' 'present']
 ['0' '52.64496373623905' 'present']
 ['6' '54.068411699991834' 'present']
 ['5' '54.761032320617424' 'present']
 ['4' '59.23212105157102' 'present']
 ['5' '60.9408696946186' 'present']
 ['0' '61.56285209954838' 'marauded']
 ['0' '62.30056181745723' 'presentdestroyed']
 ['4' '68.02651579719704' 'destroyed']
 ['5' '75.16820620097106' 'marauded']
 ['4' '76.42712750760843' 'presentdestroyed']
 ['0' '80.44334558364667' 'presentdestroyed']
 ['0' '84.15056695441992' 'marauded']
 ['0' '86.81596876446551' 'destroyed']
 ['0' '87.27346679881236' 'presentdestroyed']
 ['6' '87.3928676220964' 'destroyed']
 ['6' '89.77494978468705' 'presentdestroyed']
 ['5' '102.23691714358257' 'present']
 ['0' '103.26389514819166' 'present']
 ['0' '105.19381368547137' 'marauded']
 ['6' '111.17111558160703' 'presentdestroyed']
 ['4' '114.82872228413707' 'marauded']
 ['1' '119.2033458007807' 'presentdestroyed']
 ['0' '121.41114390655636' 'destroyed']
 ['5' '145.70532620967882' 'present']
 ['6' '156.4199941487444' 'present']
 ['4' '165.57989500541737' 'present']
 ['4' '174.02451035267038' 'present']
 ['0' '174.6841117180731' 'present']
 ['0' '180.70105745040348' 'present']
 ['0' '193.72113173720166' 'present']
 ['0' '194.60538061676658' 'marauded']
 ['6' '197.76870907379669' 'presentdestroyed']
 ['0' '203.10277221376174' 'present']
 ['0' '204.10768090099205' 'present']
 ['4' '208.31635441192375' 'present']
 ['6' '211.20159211613873' 'marauded']
 ['0' '211.4800189180483' 'presentdestroyed']
 ['6' '213.75588527444148' 'presentdestroyed']
 ['6' '216.25337238983244' 'destroyed']
 ['6' '228.22896858722652' 'present']
 ['6' '233.93343311853002' 'present']
 ['0' '238.39464652846735' 'present']
 ['5' '241.76217314629352' 'present']
 ['6' '241.82367760197903' 'present']
 ['6' '254.9392399979656' 'marauded']
 ['0' '256.9616572823874' 'presentdestroyed']
 ['0' '264.16973542629177' 'present']
 ['0' '268.32997543579864' 'marauded']
 ['6' '285.15690680479923' 'present']
 ['6' '286.2145151658292' 'present']
 ['4' '289.8311256289544' 'marauded']
 ['5' '293.55960504503037' 'presentdestroyed']
 ['4' '296.98831759266477' 'destroyed']
 ['6' '301.9854280625139' 'present']
 ['5' '303.8447958713117' 'present']
 ['0' '309.25264954159337' 'marauded']
 ['4' '312.973715085922' 'presentdestroyed']
 ['6' '319.68835965534805' 'present']
 ['4' '327.1313197524562' 'present']
 ['5' '327.5066522785445' 'present']
 ['0' '331.36893859145346' 'marauded']
 ['5' '332.50131335856554' 'presentdestroyed']
 ['0' '332.5235986081524' 'presentdestroyed']
 ['4' '336.42612048816414' 'destroyed']
 ['4' '340.5803055575547' 'present']
 ['4' '342.1764373896066' 'present']
 ['5' '342.3443370881188' 'present']
 ['5' '343.9828733751486' 'present']
 ['6' '347.8738390708239' 'present']
 ['0' '356.8210941688475' 'marauded']]","[['F9' '82.36766959962632' 'destroyed']
 ['F76' '85.70759378585888' 'destroyed']
 ['F19' '90.92390953824854' 'destroyed']
 ['F19' '90.97020583454484' 'destroyed']
 ['F66' '98.25619479543619' 'mated']
 ['F20' '109.13111119030737' 'absentdestroyed']
 ['F72' '109.47351064717745' 'destroyed']
 ['F7' '134.12158141314126' 'mated']
 ['F31' '179.53051423515112' 'absent']
 ['F2' '194.22526499029055' 'mated']
 ['F6' '240.58367352611032' 'absent']
 ['F53' '290.24402551113377' 'destroyed']
 ['F3' '291.3823382779367' 'destroyed']
 ['F45' '300.1557398183016' 'mated']
 ['F23' '337.9560963061569' 'absentdestroyed']]",1000.0,0.0,573.0,68.97990149631158,15.409824127682537,1222.0,211.15686958723583,45.963255100102586,454.0,75.83283639449512,15.934042238889663,9.0,0.8999999999999999,0.09000000000000002,70.0,3.2982704021814477,0.15646433470507534
4,0.054,12,359.9977092172173,"[['1' '0.33194368163661125' 'marauded']
 ['3' '4.568447407962029' 'presentdestroyed']
 ['3' '4.614743704258325' 'presentdestroyed']
 ['5' '5.772259805781622' 'presentdestroyed']
 ['5' '5.901220449452193' 'presentdestroyed']
 ['1' '7.829291981959202' 'marauded']
 ['1' '8.499302891050538' 'presentdestroyed']
 ['1' '10.415911210029837' 'destroyed']
 ['5' '15.924993378485583' 'marauded']
 ['1' '16.22109494227278' 'presentdestroyed']
 ['5' '18.422414522476412' 'presentdestroyed']
 ['5' '20.520348680617285' 'presentdestroyed']
 ['3' '21.049094662964755' 'presentdestroyed']
 ['5' '25.849979407057745' 'present']
 ['1' '31.555669462208325' 'present']
 ['0' '53.23796350930165' 'present']
 ['1' '54.330622471656795' 'present']
 ['5' '60.78248475715048' 'present']
 ['1' '65.93516120592945' 'present']
 ['3' '94.4331706611324' 'present']
 ['3' '95.81566216627432' 'present']
 ['3' '101.59464503974819' 'present']
 ['1' '103.06777880219983' 'present']
 ['6' '103.869541520415' 'marauded']
 ['3' '104.01626449079342' 'presentdestroyed']
 ['1' '107.50090469063782' 'presentdestroyed']
 ['3' '114.0578993558195' 'present']
 ['5' '117.27958660509205' 'present']
 ['5' '121.65447377562342' 'present']
 ['5' '123.60877721610133' 'marauded']
 ['3' '125.28950536446325' 'presentdestroyed']
 ['1' '125.70135042255153' 'presentdestroyed']
 ['5' '142.32403768245356' 'marauded']
 ['1' '143.98034106791363' 'presentdestroyed']
 ['1' '151.5865004873781' 'marauded']
 ['2' '155.9976333091398' 'presentdestroyed']
 ['3' '160.24482458885822' 'present']
 ['5' '180.9612433520116' 'present']
 ['3' '184.36391296323575' 'present']
 ['3' '186.35846771975548' 'present']
 ['2' '189.19726059341673' 'present']
 ['5' '193.78667765201772' 'present']
 ['5' '194.54311021547014' 'present']
 ['1' '206.00794290803563' 'present']
 ['5' '207.36666264224493' 'present']
 ['3' '220.26602260308215' 'marauded']
 ['1' '235.27401050864398' 'present']
 ['5' '245.26749290253346' 'present']
 ['1' '247.9347634232108' 'marauded']
 ['1' '248.19282886591327' 'presentdestroyed']
 ['1' '248.75092811954923' 'presentdestroyed']
 ['1' '248.79722441584553' 'presentdestroyed']
 ['1' '249.14187002627133' 'presentdestroyed']
 ['5' '255.71333816034175' 'present']
 ['3' '263.93212921555227' 'present']
 ['3' '268.3334822142896' 'present']
 ['5' '302.11633147660984' 'present']
 ['5' '304.78219376165663' 'present']
 ['1' '309.18990800027996' 'present']
 ['5' '321.53661064281226' 'present']
 ['1' '329.0509255329868' 'present']
 ['3' '329.1221644683027' 'present']
 ['1' '330.04717648336833' 'present']
 ['1' '339.83974584524435' 'present']
 ['5' '342.7919221482054' 'present']
 ['1' '350.0378034369212' 'present']
 ['3' '356.3985413153846' 'present']]","[['F50' '62.00498360804962' 'mated']
 ['F76' '85.73074193400703' 'mated']
 ['F19' '90.94705768639669' 'absent']
 ['F19' '90.993353982693' 'mated']
 ['F9' '94.41396589592263' 'mated']
 ['F24' '101.9984705760464' 'mated']
 ['F72' '109.4966587953256' 'destroyed']
 ['F26' '168.75049794592812' 'mated']
 ['F31' '179.55366238329927' 'mated']
 ['F14' '202.37105067663322' 'mated']
 ['F69' '224.87890333176136' 'destroyed']
 ['F75' '230.18849949085916' 'absent']
 ['F6' '240.60682167425847' 'mated']
 ['F55' '283.4433613882595' 'mated']
 ['F65' '299.59028382808475' 'mated']
 ['F46' '319.16221373635096' 'mated']
 ['F23' '337.93294815800874' 'absent']]",1000.0,1000.0,570.0,70.82488065931283,15.148710429895813,1356.0,229.6010504236637,49.158938073690756,318.0,54.69669919039295,11.957405507171643,14.0,1.4000000000000001,0.14000000000000007,79.0,3.753290176475252,0.18004115226337428
5,0.054,7,360.15001928755004,"[['2' '1.5305537936542224' 'present']
 ['0' '11.997486958872688' 'present']
 ['2' '26.288430212085625' 'marauded']
 ['1' '26.832144180997613' 'destroyed']
 ['3' '29.469143827876575' 'presentdestroyed']
 ['4' '34.606696278207004' 'present']
 ['4' '37.263775243034495' 'present']
 ['4' '37.75610939269267' 'present']
 ['3' '38.264503996071895' 'marauded']
 ['3' '43.03677426683092' 'presentdestroyed']
 ['3' '46.370143036806596' 'present']
 ['3' '51.35325255701991' 'present']
 ['3' '58.5498021143939' 'present']
 ['3' '71.82218284879832' 'present']
 ['2' '77.15756685746099' 'present']
 ['2' '77.27019921442746' 'present']
 ['2' '79.06321851027751' 'marauded']
 ['4' '87.02154925193604' 'present']
 ['2' '94.30131299693468' 'present']
 ['1' '106.04678935048355' 'present']
 ['4' '119.55135891008385' 'present']
 ['3' '131.87158975802302' 'present']
 ['2' '147.15199428580075' 'present']
 ['2' '153.89658071981742' 'present']
 ['2' '154.8301038745659' 'marauded']
 ['4' '160.76597748140276' 'destroyed']
 ['3' '162.62491412426283' 'marauded']
 ['4' '164.0345199809251' 'presentdestroyed']
 ['4' '166.69201615384605' 'presentdestroyed']
 ['4' '170.94692362341138' 'present']
 ['0' '174.24602422634717' 'present']
 ['4' '176.6798770123588' 'present']
 ['3' '182.67068583700961' 'marauded']
 ['4' '193.6193647159522' 'present']
 ['2' '198.06587763201378' 'present']
 ['2' '199.99977712408622' 'present']
 ['4' '216.59826113417284' 'marauded']
 ['1' '240.72400073361058' 'present']
 ['4' '244.1333643580626' 'present']
 ['1' '248.13694429271018' 'present']
 ['2' '249.10210060848635' 'present']
 ['2' '251.02776528545434' 'present']
 ['3' '252.93758208786855' 'present']
 ['2' '253.59575909273295' 'present']
 ['2' '259.02682816778076' 'marauded']
 ['4' '265.96847339060076' 'presentdestroyed']
 ['2' '283.6849708627276' 'marauded']
 ['4' '295.1138429183579' 'present']
 ['2' '296.88878260531214' 'present']
 ['2' '299.6757374017617' 'present']
 ['4' '308.0318829753548' 'present']
 ['4' '309.9430493372405' 'present']
 ['2' '325.34599187743044' 'present']
 ['3' '325.87804684883776' 'present']
 ['3' '326.7047595018473' 'present']
 ['2' '331.15107779894754' 'present']
 ['4' '340.42295694575387' 'present']
 ['3' '347.70997044120753' 'present']
 ['3' '348.4278237228336' 'present']]","[['F9' '82.34452145147817' 'destroyed']
 ['F9' '82.39081774777448' 'destroyed']
 ['F80' '85.42530769191579' 'destroyed']
 ['F73' '117.61141976477373' 'mated']
 ['F33' '124.53463174741204' 'mated']
 ['F36' '131.13749151633664' 'mated']
 ['F13' '148.02204514077252' 'mated']
 ['F71' '150.09750034890746' 'mated']
 ['F11' '217.205370400547' 'destroyed']
 ['F75' '230.2116476390073' 'mated']
 ['F62' '236.22466276425567' 'mated']
 ['F53' '290.2671736592819' 'destroyed']
 ['F23' '337.97924445430505' 'absent']]",1000.0,2000.0,575.0,70.12713950027056,13.560743354279182,1360.0,230.1831151716013,48.93967317458435,337.0,55.18842134557124,11.365249675790894,11.0,1.0999999999999999,0.11000000000000004,76.0,3.5760481799592254,0.16932441700960202
6,0.054,10,360.02009415986004,"[['3' '0.6807769378579205' 'present']
 ['3' '8.613926129465046' 'marauded']
 ['3' '9.852135254554232' 'presentdestroyed']
 ['0' '17.213180726597777' 'present']
 ['5' '18.255328673687508' 'present']
 ['3' '28.70053898986158' 'present']
 ['3' '44.77014660740487' 'marauded']
 ['0' '46.929848667927594' 'presentdestroyed']
 ['0' '46.976144964223884' 'presentdestroyed']
 ['2' '52.50505799274992' 'present']
 ['5' '54.816916893820505' 'marauded']
 ['0' '55.01496134388356' 'presentdestroyed']
 ['3' '61.5675616776199' 'presentdestroyed']
 ['0' '70.9875344345816' 'present']
 ['0' '72.27966935681938' 'present']
 ['0' '76.74375173969257' 'marauded']
 ['0' '80.5891268341762' 'presentdestroyed']
 ['0' '85.47065773075346' 'present']
 ['0' '89.81001338923294' 'present']
 ['3' '103.21620199369308' 'present']
 ['3' '105.07565629443097' 'present']
 ['3' '133.05827901398172' 'present']
 ['3' '170.20497183053263' 'marauded']
 ['3' '174.90925155209788' 'destroyed']
 ['3' '188.98747787344183' 'present']
 ['0' '190.19421178285478' 'marauded']
 ['0' '191.48712124887544' 'presentdestroyed']
 ['0' '199.33307237631334' 'present']
 ['0' '211.96029583760725' 'present']
 ['3' '219.60194529290396' 'present']
 ['0' '233.63322457165333' 'present']
 ['0' '239.08034583047586' 'present']
 ['1' '250.58189205925896' 'present']
 ['3' '253.55268912520572' 'present']
 ['0' '257.0079535786837' 'present']
 ['3' '282.38674422271373' 'present']
 ['4' '287.13980236274404' 'marauded']
 ['0' '297.20862881050954' 'present']
 ['3' '325.83175055254145' 'present']
 ['4' '329.7862229684621' 'present']
 ['3' '342.5310990337372' 'present']
 ['0' '351.8217451606884' 'present']]","[['F15' '6.69994682610979' 'mated']
 ['F35' '40.65719686021662' 'absent']
 ['F47' '82.86209330260864' 'destroyed']
 ['F16' '84.84862301588063' 'mated']
 ['F80' '85.4716039882121' 'mated']
 ['F66' '98.23304664728803' 'absent']
 ['F28' '104.15861808223967' 'mated']
 ['F20' '109.15425933845552' 'mated']
 ['F57' '121.59847663572452' 'mated']
 ['F58' '132.96261293586386' 'absent']
 ['F58' '133.00890923216016' 'absent']
 ['F30' '136.8188107171065' 'absent']
 ['F58' '145.0879419535114' 'mated']
 ['F38' '164.72446365057806' 'absent']
 ['F34' '168.6571691352994' 'mated']
 ['F79' '175.50917290945665' 'destroyed']
 ['F79' '175.55546920575296' 'destroyed']
 ['F37' '228.7853948362328' 'mated']
 ['F3' '291.35919012978854' 'absentdestroyed']
 ['F42' '301.9418815372171' 'mated']]",2000.0,0.0,566.0,71.05211343362615,14.990344164347169,1439.0,239.45166158441273,50.66649694241963,267.0,42.87047719329164,8.937629864399511,18.0,1.8000000000000005,0.1800000000000001,102.0,4.837281545103644,0.23148148148148098
7,0.0,9,359.99684445591566,"[['6' '1.4382718900323375' 'present']
 ['1' '4.557841360234761' 'present']
 ['6' '4.834497059168646' 'present']
 ['4' '7.3666881924813605' 'marauded']
 ['6' '8.41663808433177' 'presentdestroyed']
 ['6' '8.631360031245036' 'presentdestroyed']
 ['1' '12.386921888482064' 'presentdestroyed']
 ['1' '15.522182950361408' 'present']
 ['1' '21.76832351187916' 'present']
 ['4' '27.188705441936996' 'present']
 ['1' '43.82499759111629' 'present']
 ['1' '45.2071132778614' 'present']
 ['1' '49.317588278137734' 'present']
 ['4' '65.32213677390108' 'present']
 ['6' '65.69322616797376' 'present']
 ['4' '82.7066669750288' 'present']
 ['4' '95.58411215326954' 'marauded']
 ['6' '96.2057402783344' 'presentdestroyed']
 ['6' '97.3827738027645' 'presentdestroyed']
 ['1' '105.99090477728046' 'present']
 ['6' '106.39442537668742' 'present']
 ['1' '109.32655830484154' 'present']
 ['1' '111.63932231700436' 'present']
 ['6' '111.70429015200975' 'present']
 ['1' '116.62103606658715' 'marauded']
 ['4' '132.1245266221309' 'marauded']
 ['6' '141.37315101592773' 'present']
 ['6' '160.09997067132417' 'marauded']
 ['6' '161.87967734227544' 'presentdestroyed']
 ['6' '164.80019848082472' 'presentdestroyed']
 ['6' '165.48546975450714' 'presentdestroyed']
 ['4' '166.24640467973242' 'destroyed']
 ['4' '172.18739219212998' 'present']
 ['4' '177.78954415346755' 'present']
 ['4' '180.05647607944223' 'marauded']
 ['4' '196.72957445152224' 'marauded']
 ['4' '198.2714098221476' 'presentdestroyed']
 ['6' '203.77315524022342' 'presentdestroyed']
 ['6' '213.43611477982463' 'marauded']
 ['0' '216.4963850183571' 'presentdestroyed']
 ['6' '218.91528529059096' 'presentdestroyed']
 ['1' '228.75782068638483' 'present']
 ['6' '230.3439055809671' 'marauded']
 ['6' '240.5400601644749' 'present']
 ['1' '241.6782667526169' 'marauded']
 ['1' '248.0810597195071' 'presentdestroyed']
 ['6' '251.4004246980088' 'present']
 ['6' '255.8220465429394' 'marauded']
 ['1' '256.3609474317186' 'presentdestroyed']
 ['1' '259.21457677750624' 'presentdestroyed']
 ['6' '260.03549987356774' 'presentdestroyed']
 ['4' '264.11391886484483' 'present']
 ['6' '267.7620733386446' 'present']
 ['6' '269.48377304497114' 'marauded']
 ['6' '272.3802061820267' 'presentdestroyed']
 ['1' '274.05311458708235' 'presentdestroyed']
 ['4' '274.5186395149583' 'presentdestroyed']
 ['1' '276.29334241980183' 'presentdestroyed']
 ['4' '291.168758320866' 'present']
 ['4' '292.2132501112483' 'present']
 ['1' '298.32595603951677' 'present']
 ['1' '321.66427050948676' 'marauded']
 ['1' '324.4587614848832' 'presentdestroyed']
 ['4' '324.87519281718005' 'presentdestroyed']
 ['4' '327.9993887965052' 'presentdestroyed']
 ['1' '333.9554599521147' 'marauded']
 ['6' '334.02280735428604' 'destroyed']
 ['1' '334.10175624841105' 'presentdestroyed']
 ['4' '340.18458199245174' 'presentdestroyed']
 ['4' '343.0569397827598' 'present']
 ['1' '355.33070309859914' 'marauded']]","[['F43' '100.8642391462283' 'destroyed']
 ['F38' '164.7476117987262' 'destroyed']
 ['F26' '168.72734979777997' 'absent']
 ['F63' '190.97994121395965' 'mated']
 ['F70' '192.06105684007596' 'mated']
 ['F8' '195.67253068445373' 'mated']
 ['F49' '200.7427439630698' 'destroyed']
 ['F69' '224.90205147990952' 'mated']
 ['F52' '251.66113807146564' 'mated']
 ['F59' '281.37422374183285' 'mated']
 ['F55' '283.3970650919632' 'absent']
 ['F78' '284.22462983894604' 'mated']
 ['F53' '290.3134699555782' 'mated']
 ['F77' '315.60847388083914' 'mated']]",2000.0,1000.0,564.0,74.71286226728466,16.027652599571482,1156.0,196.26699368087137,41.185760286981896,531.0,89.2647169357164,19.360604639006922,0.0,0.0,0.0,0.0,0.0,0.0
8,0.0,10,360.30246930422356,"[['6' '0.023148148148148147' 'present']
 ['5' '3.8466079433685745' 'present']
 ['5' '12.866142063528855' 'present']
 ['5' '20.166346793736725' 'present']
 ['1' '20.89121698853699' 'present']
 ['2' '24.37779133515429' 'present']
 ['5' '26.274504328026378' 'present']
 ['2' '33.238419745314644' 'present']
 ['2' '35.91337190884725' 'present']
 ['2' '37.85633904086848' 'present']
 ['6' '39.02647038156289' 'present']
 ['2' '41.03981934455075' 'present']
 ['2' '41.579152480341314' 'present']
 ['2' '42.99786017346585' 'marauded']
 ['6' '52.27008268682943' 'present']
 ['2' '60.46335958769237' 'present']
 ['2' '64.68747842802064' 'present']
 ['5' '66.39425146154143' 'present']
 ['2' '68.10043546590241' 'present']
 ['5' '70.79880562537528' 'present']
 ['5' '73.78202175597646' 'present']
 ['0' '85.17607792318483' 'present']
 ['6' '88.29760230284269' 'present']
 ['3' '97.99084920731276' 'present']
 ['6' '109.40829128525864' 'marauded']
 ['5' '117.9098466780282' 'present']
 ['6' '119.84153990334632' 'present']
 ['6' '132.67783771216935' 'present']
 ['6' '133.00952525775122' 'present']
 ['6' '133.16207721997972' 'present']
 ['2' '133.6529819007535' 'present']
 ['6' '136.62780550557073' 'marauded']
 ['6' '138.4369574534994' 'presentdestroyed']
 ['2' '148.09720533702648' 'marauded']
 ['6' '152.48064564741105' 'destroyed']
 ['2' '166.9973150310683' 'present']
 ['2' '167.73168371548053' 'present']
 ['2' '176.96424858824926' 'present']
 ['2' '179.0628157861128' 'present']
 ['2' '189.25314516661982' 'present']
 ['5' '192.27844348583858' 'present']
 ['5' '194.67547080081465' 'marauded']
 ['2' '197.84995556449513' 'destroyed']
 ['5' '201.49196254666336' 'destroyed']
 ['6' '201.58985019492795' 'presentdestroyed']
 ['6' '205.0451388352852' 'present']
 ['4' '208.8984800044447' 'present']
 ['5' '216.2779368365803' 'present']
 ['2' '219.01706734486646' 'present']
 ['2' '222.17063795648798' 'present']
 ['2' '222.8706997991264' 'present']
 ['6' '229.4524481292134' 'present']
 ['6' '236.15970766684634' 'present']
 ['6' '240.9489271353618' 'present']
 ['6' '253.692663916258' 'marauded']
 ['6' '262.38058672764777' 'present']
 ['6' '272.3339098857304' 'present']
 ['2' '277.526614566537' 'present']
 ['2' '286.4226180953268' 'present']
 ['2' '292.2876974862593' 'present']
 ['6' '297.36185793502943' 'present']
 ['5' '302.9438580025321' 'marauded']
 ['5' '303.2354899898724' 'presentdestroyed']
 ['6' '306.45489973778416' 'presentdestroyed']
 ['2' '312.3093610110045' 'marauded']
 ['6' '314.4446918990989' 'presentdestroyed']
 ['6' '314.79794135343263' 'presentdestroyed']
 ['6' '316.54844938037485' 'presentdestroyed']
 ['5' '317.38687641290176' 'presentdestroyed']
 ['5' '318.4016008075827' 'presentdestroyed']
 ['5' '327.36035598224817' 'marauded']
 ['5' '328.8417134760327' 'presentdestroyed']
 ['2' '333.4858760866596' 'presentdestroyed']
 ['5' '341.612842024877' 'marauded']
 ['5' '342.8382184445017' 'presentdestroyed']
 ['6' '343.18489318628156' 'presentdestroyed']
 ['5' '348.64726858658287' 'presentdestroyed']
 ['5' '359.0625253792383' 'present']]","[['F29' '22.314717131790385' 'mated']
 ['F35' '40.68034500836477' 'mated']
 ['F47' '82.83894515446049' 'absent']
 ['F80' '85.44845584006394' 'absent']
 ['F72' '109.41762607397436' 'absentdestroyed']
 ['F58' '132.9394647877157' 'absent']
 ['F56' '146.17932927544007' 'mated']
 ['F0' '157.85632289748298' 'mated']
 ['F38' '164.77075994687436' 'mated']
 ['F79' '175.5786173539011' 'mated']
 ['F49' '200.71959581492166' 'destroyed']
 ['F12' '213.12466622327747' 'mated']
 ['F61' '251.40811189811222' 'mated']
 ['F53' '290.2903218074301' 'absent']
 ['F10' '301.6470714075931' 'mated']
 ['F23' '338.0023926024532' 'mated']]",2000.0,2000.0,567.0,72.07397681750595,15.387017072594608,1342.0,226.76206281871106,48.252222946391,366.0,61.188446175011904,12.91717089733563,0.0,0.0,0.0,0.0,0.0,0.0
