id,probability_maraud,successful_mating,next_foraging_time,mar_attempts,mate_attempts,x_pos,y_pos,foraging_events,foraging_hrs,foraging_sqhrs,staying_events,staying_hrs,staying_sqhrs,repairing_events,repairing_hrs,repairing_sqhrs,marauding_events,marauding_hrs,marauding_sqhrs,traveling_events,traveling_hrs,traveling_sqhrs
0,0.054,7,359.85674995486846,"[['1' '0.025880416406247567' 'present']
 ['16' '10.65232986211259' 'present']
 ['3' '13.985576281532007' 'present']
 ['21' '16.449724396409838' 'present']
 ['21' '17.25002593153318' 'present']
 ['19' '18.297727388029767' 'present']
 ['21' '23.197538950776117' 'marauded']
 ['3' '23.898446618914484' 'presentdestroyed']
 ['21' '25.45085250430303' 'destroyed']
 ['3' '26.982036729355062' 'presentdestroyed']
 ['3' '31.138372693429293' 'marauded']
 ['16' '32.05509858028696' 'presentdestroyed']
 ['21' '32.09062268512858' 'presentdestroyed']
 ['16' '41.19628408934376' 'present']
 ['3' '56.69222473167317' 'present']
 ['16' '59.90948781311755' 'present']
 ['21' '70.29952959756127' 'marauded']
 ['16' '74.11309488853968' 'presentdestroyed']
 ['21' '74.26878627706743' 'presentdestroyed']
 ['21' '88.01623540874797' 'present']
 ['14' '91.02572897448901' 'present']
 ['3' '91.39880721600943' 'marauded']
 ['21' '95.41402819840327' 'presentdestroyed']
 ['3' '97.31094532948164' 'presentdestroyed']
 ['3' '99.33791698804778' 'present']
 ['3' '99.69058144139721' 'present']
 ['21' '102.94790357923715' 'present']
 ['21' '106.29376800778675' 'present']
 ['21' '120.37283181952822' 'present']
 ['16' '122.00334840221066' 'present']
 ['21' '123.70298352870331' 'present']
 ['3' '125.06531137400114' 'present']
 ['21' '125.51545237364937' 'marauded']
 ['3' '142.30591892570644' 'marauded']
 ['14' '142.35473904268' 'destroyed']
 ['3' '144.00245048222237' 'presentdestroyed']
 ['3' '144.02559863037052' 'presentdestroyed']
 ['19' '145.5783605192354' 'presentdestroyed']
 ['19' '147.16445228613867' 'presentdestroyed']
 ['3' '150.97579637391752' 'present']
 ['3' '155.8454519091555' 'present']
 ['3' '157.22624018735974' 'present']
 ['16' '159.26420751615234' 'present']
 ['3' '165.12449389644982' 'present']
 ['21' '165.62100345987997' 'marauded']
 ['16' '178.47935773947373' 'present']
 ['21' '196.97373307141325' 'present']
 ['14' '204.40235729211028' 'marauded']
 ['19' '230.06499860506713' 'present']
 ['3' '233.3306360381768' 'marauded']
 ['3' '240.96735947751287' 'present']
 ['21' '241.1357137425454' 'marauded']
 ['3' '241.2270535487095' 'presentdestroyed']
 ['3' '243.02566574167327' 'presentdestroyed']
 ['21' '246.1894039543409' 'presentdestroyed']
 ['21' '246.94747005457472' 'presentdestroyed']
 ['21' '247.8118625208531' 'presentdestroyed']
 ['16' '253.63778626695637' 'marauded']
 ['21' '257.2697763698758' 'presentdestroyed']
 ['14' '258.65827555102493' 'destroyed']
 ['14' '261.899402658086' 'present']
 ['3' '263.0549561530525' 'present']
 ['14' '264.27772101018337' 'present']
 ['3' '277.12225730908835' 'present']
 ['3' '278.9038912581015' 'present']
 ['3' '280.67390714356554' 'present']
 ['19' '285.9748758728579' 'present']
 ['3' '288.3598619552235' 'present']
 ['21' '300.8132079115278' 'present']
 ['21' '300.83635605967595' 'present']
 ['1' '310.10253078658883' 'marauded']
 ['3' '321.45854508471297' 'present']
 ['3' '323.8318286226717' 'present']
 ['3' '329.50188275844147' 'present']
 ['3' '346.27939974953404' 'marauded']
 ['16' '348.9218837882524' 'presentdestroyed']
 ['21' '354.28530988507674' 'present']]","[['F185' '102.2496111924439' 'absent']
 ['F135' '111.38114751180788' 'mated']
 ['F29' '111.92085180926823' 'absent']
 ['F157' '157.73936838532734' 'mated']
 ['F60' '162.22159607403543' 'mated']
 ['F95' '162.61529460262346' 'mated']
 ['F150' '176.59277931818121' 'mated']
 ['F204' '191.30873699155958' 'mated']
 ['F187' '201.89864907347643' 'mated']
 ['F79' '209.9894474189715' 'destroyed']
 ['F43' '236.2663797950634' 'destroyed']
 ['F209' '237.47416113434383' 'destroyed']
 ['F18' '246.76963834668982' 'absentdestroyed']]",0.0,0.0,564.0,68.3548156283741,13.725570952029997,1224.0,209.6260881212501,45.34887476537553,482.0,79.5615188627696,17.029600254582483,11.0,1.0999999999999999,0.11000000000000004,60.0,1.5194672760367463,0.042331104252400505
1,0.054,8,360.0541201096403,"[['20' '1.222143697617217' 'present']
 ['12' '1.583930644649797' 'present']
 ['20' '3.3621477026372197' 'present']
 ['12' '3.7327832907712972' 'present']
 ['20' '6.707036758396243' 'present']
 ['12' '7.481534523340547' 'present']
 ['21' '8.099822613021734' 'present']
 ['12' '9.857338112368446' 'present']
 ['5' '10.31331914397188' 'present']
 ['20' '32.1915542120701' 'present']
 ['12' '32.64496352766583' 'present']
 ['12' '41.28336370811962' 'present']
 ['20' '43.56864823122342' 'present']
 ['3' '44.95009431264362' 'present']
 ['2' '57.05315977183088' 'present']
 ['15' '58.07128439063551' 'marauded']
 ['2' '73.9553786841849' 'present']
 ['20' '76.61891032491489' 'present']
 ['20' '85.98596818844509' 'present']
 ['6' '91.38208433910427' 'present']
 ['9' '94.80712008533565' 'marauded']
 ['20' '95.85987457386177' 'presentdestroyed']
 ['20' '96.58846010809741' 'presentdestroyed']
 ['3' '103.36329097641757' 'present']
 ['2' '113.88070731961048' 'present']
 ['5' '117.81170366217837' 'marauded']
 ['2' '123.53054932977845' 'presentdestroyed']
 ['12' '126.91733537497109' 'present']
 ['20' '127.26198359869663' 'present']
 ['20' '127.28513174684478' 'present']
 ['20' '131.65340407956018' 'present']
 ['9' '137.62930625371624' 'present']
 ['20' '142.76589871569993' 'present']
 ['0' '162.50234403281428' 'present']
 ['12' '170.5983138216093' 'present']
 ['12' '184.78558507663251' 'present']
 ['20' '196.87450536446755' 'present']
 ['2' '200.1312717235721' 'present']
 ['2' '203.50982125546838' 'present']
 ['2' '209.10906033480038' 'marauded']
 ['2' '210.75883263214925' 'presentdestroyed']
 ['20' '215.01861860424782' 'presentdestroyed']
 ['15' '232.0240182429402' 'present']
 ['20' '232.76293876940716' 'marauded']
 ['2' '233.01029009768993' 'presentdestroyed']
 ['20' '234.5177075362352' 'presentdestroyed']
 ['20' '243.27510773125502' 'present']
 ['12' '248.24815228648177' 'marauded']
 ['12' '259.8833156567822' 'present']
 ['21' '261.66695787712064' 'present']
 ['20' '265.4631349347795' 'present']
 ['2' '268.9830362383834' 'present']
 ['7' '269.44338040417773' 'marauded']
 ['7' '274.1589156695271' 'presentdestroyed']
 ['2' '274.87435400241594' 'destroyed']
 ['21' '278.1267674938511' 'marauded']
 ['2' '278.75661561243885' 'destroyed']
 ['12' '301.1645506445184' 'present']
 ['7' '306.64899533756966' 'present']
 ['7' '308.631763137127' 'present']
 ['20' '332.0727494994607' 'present']
 ['2' '332.2401509380088' 'present']
 ['2' '333.7642014183794' 'present']
 ['15' '333.9760494729414' 'present']
 ['2' '336.88698706916466' 'present']
 ['20' '336.8894107432056' 'present']
 ['7' '339.62675366661034' 'present']
 ['2' '344.6401865400782' 'present']
 ['12' '350.6682397811914' 'present']
 ['20' '353.37070213285295' 'present']
 ['2' '358.033086619739' 'present']]","[['F78' '60.43232549872255' 'destroyed']
 ['F130' '109.25772262489042' 'mated']
 ['F212' '139.87474440540777' 'mated']
 ['F124' '148.29376140850252' 'mated']
 ['F26' '166.02504931580216' 'mated']
 ['F16' '173.66404842664838' 'mated']
 ['F191' '205.48291329928475' 'mated']
 ['F23' '216.37115745460108' 'absent']
 ['F43' '236.22686343438778' 'destroyed']
 ['F35' '261.1530491911377' 'mated']
 ['F167' '320.32005908667617' 'mated']]",0.0,500.0,560.0,67.84442059561576,13.541135407538158,1440.0,240.50592868572457,51.7287972716796,288.0,48.73497758028088,10.735908033476639,9.0,0.8999999999999999,0.09000000000000002,77.0,2.31666284315071,0.07823216735253771
2,0.054,8,360.1006154964234,"[['1' '1.7822253151418888' 'marauded']
 ['10' '14.592235674079825' 'present']
 ['1' '15.553875003804464' 'present']
 ['1' '24.546011272841454' 'present']
 ['1' '31.834956320080686' 'present']
 ['1' '36.126046320536894' 'present']
 ['1' '36.70683229400281' 'marauded']
 ['8' '40.777188485915055' 'presentdestroyed']
 ['1' '47.461871054677836' 'present']
 ['1' '78.83704029126488' 'present']
 ['8' '83.71223501607518' 'marauded']
 ['8' '85.22912892554069' 'presentdestroyed']
 ['1' '87.63261179600153' 'presentdestroyed']
 ['21' '87.74270016050708' 'presentdestroyed']
 ['1' '91.22477835064626' 'present']
 ['10' '94.95240889135964' 'marauded']
 ['10' '95.08514531641457' 'presentdestroyed']
 ['10' '98.38918970850564' 'presentdestroyed']
 ['1' '102.0881009031198' 'presentdestroyed']
 ['1' '104.26380920308294' 'present']
 ['21' '115.10053465277817' 'present']
 ['10' '123.97099929181468' 'present']
 ['1' '126.78672944744149' 'present']
 ['14' '130.62382527259135' 'marauded']
 ['8' '137.05494211182062' 'presentdestroyed']
 ['1' '139.1736848255124' 'present']
 ['8' '141.069016445202' 'marauded']
 ['8' '151.53641440783116' 'present']
 ['10' '153.28139174581256' 'marauded']
 ['1' '170.05679095778967' 'present']
 ['1' '179.3381201041689' 'present']
 ['21' '180.13029526075863' 'present']
 ['1' '182.45697824019376' 'present']
 ['5' '190.7841353032061' 'marauded']
 ['5' '194.00493026877538' 'presentdestroyed']
 ['10' '212.27235494674946' 'present']
 ['10' '213.68356189115522' 'marauded']
 ['14' '215.54013529545097' 'presentdestroyed']
 ['14' '216.15855059237813' 'presentdestroyed']
 ['10' '221.16329029483262' 'present']
 ['21' '222.96518853258064' 'present']
 ['1' '223.71912951625413' 'present']
 ['1' '226.91091543000763' 'present']
 ['8' '231.13607504516594' 'present']
 ['14' '235.67662410009254' 'marauded']
 ['1' '242.79634682748855' 'present']
 ['21' '253.6283454844429' 'present']
 ['8' '276.97914175275287' 'present']
 ['10' '281.30729099893756' 'present']
 ['10' '281.5829928613303' 'present']
 ['1' '289.93137958987484' 'present']
 ['8' '294.27469332882237' 'present']
 ['8' '295.3008375455676' 'present']
 ['5' '296.0952976178134' 'present']
 ['10' '298.7291840114915' 'marauded']
 ['1' '300.6782187299393' 'destroyed']
 ['10' '310.6720620821323' 'present']
 ['5' '322.366162022523' 'marauded']
 ['1' '323.7552040094891' 'presentdestroyed']
 ['21' '326.75628350845983' 'destroyed']
 ['10' '345.44053711074804' 'present']
 ['1' '348.1655315840812' 'present']
 ['10' '348.7710365604299' 'marauded']
 ['5' '350.0128238502662' 'presentdestroyed']
 ['1' '351.7282274222582' 'presentdestroyed']]","[['F147' '45.784509510496875' 'mated']
 ['F33' '112.65525784839612' 'mated']
 ['F4' '144.5187251166401' 'destroyed']
 ['F157' '157.70663196027243' 'absentdestroyed']
 ['F17' '172.95883126146666' 'mated']
 ['F125' '179.51334139687654' 'mated']
 ['F120' '185.15657937002683' 'mated']
 ['F54' '192.24157376082906' 'destroyed']
 ['F71' '207.38302373854648' 'mated']
 ['F64' '208.74001605776752' 'mated']
 ['F86' '209.64803730146397' 'absent']
 ['F23' '216.38273152867515' 'destroyed']
 ['F43' '236.23843750846186' 'destroyed']
 ['F178' '242.38555630500798' '']
 ['F178' '242.4182927300629' '']
 ['F81' '248.98486391733184' 'mated']]",0.0,1000.0,569.0,69.74405209110758,14.294276862035593,1201.0,208.0449128856866,44.633459598420856,476.0,79.63090530819643,17.084802301811482,9.0,0.8999999999999999,0.09000000000000002,57.0,1.7263486485552813,0.056798696844993134
3,0.054,4,359.94821874652814,"[['16' '9.926273977822866' 'present']
 ['0' '10.544655486334646' 'present']
 ['16' '11.701662635388898' 'present']
 ['14' '14.239494067504767' 'present']
 ['7' '26.104480196732734' 'present']
 ['7' '32.18930276355803' 'present']
 ['1' '32.919426954284496' 'present']
 ['0' '40.13968431612041' 'present']
 ['16' '40.582018233510034' 'present']
 ['0' '42.08471613109613' 'present']
 ['16' '49.206623403644535' 'present']
 ['16' '49.918764157559686' 'present']
 ['7' '53.39284605096422' 'present']
 ['0' '53.41354860107895' 'present']
 ['7' '66.94784311649425' 'marauded']
 ['14' '67.68367959672526' 'presentdestroyed']
 ['0' '68.94922756261495' 'presentdestroyed']
 ['0' '82.77107135348052' 'marauded']
 ['19' '86.44252597252523' 'presentdestroyed']
 ['0' '86.62098352040087' 'destroyed']
 ['7' '87.71915953924292' 'destroyed']
 ['6' '104.92903734470698' 'marauded']
 ['16' '107.87937156219655' 'presentdestroyed']
 ['19' '110.85682595401339' 'presentdestroyed']
 ['16' '112.41163095376143' 'present']
 ['0' '120.24626685577752' 'present']
 ['1' '129.80838913233544' 'present']
 ['7' '138.6121222729528' 'present']
 ['14' '142.56548897161898' 'present']
 ['14' '147.42541070632515' 'present']
 ['16' '157.0217978389368' 'present']
 ['7' '165.5538544657875' 'marauded']
 ['0' '178.1170953350301' 'present']
 ['7' '179.05456537751934' 'marauded']
 ['7' '182.878196398707' 'destroyed']
 ['7' '193.69277371919088' 'present']
 ['0' '195.09772774015553' 'marauded']
 ['6' '200.67282537758956' 'destroyed']
 ['16' '202.03684392020477' 'destroyed']
 ['16' '232.42319780079657' 'present']
 ['0' '248.5065120649951' 'present']
 ['7' '251.4937569114008' 'present']
 ['7' '262.813120699411' 'present']
 ['12' '263.4984181215983' 'present']
 ['7' '263.6168988517117' 'present']
 ['7' '264.14634722000113' 'marauded']
 ['1' '264.21700745304474' 'presentdestroyed']
 ['16' '266.43786443203953' 'presentdestroyed']
 ['16' '269.75585215152466' 'destroyed']
 ['14' '288.31739774666846' 'present']
 ['0' '289.05021863387867' 'present']
 ['0' '305.10891200905644' 'marauded']
 ['7' '305.53601977913905' 'presentdestroyed']
 ['7' '306.1845353404551' 'presentdestroyed']
 ['16' '306.91119290021123' 'presentdestroyed']
 ['7' '314.69167523401086' 'present']
 ['14' '320.1984006782697' 'present']
 ['7' '320.7549818710656' 'present']
 ['7' '334.0823754154357' 'present']
 ['14' '336.805566145506' 'present']
 ['7' '338.2876826883371' 'marauded']
 ['16' '345.0314574040807' 'presentdestroyed']
 ['7' '347.1138170098837' 'present']
 ['7' '348.64414649016453' 'marauded']
 ['7' '352.1482920118774' 'presentdestroyed']
 ['14' '358.82584164447394' 'present']]","[['F56' '81.7822479028174' 'mated']
 ['F135' '111.3695734377338' 'destroyed']
 ['F198' '136.25287989850796' 'absent']
 ['F123' '146.05481854678575' 'mated']
 ['F7' '172.70907460491716' 'destroyed']
 ['F140' '194.8617744051345' 'mated']
 ['F188' '196.57538213508556' 'destroyed']
 ['F79' '209.97787334489743' 'absent']
 ['F97' '346.8841946291169' 'mated']]",0.0,1500.0,568.0,69.06418067620083,13.546992178952504,1326.0,226.35913793312216,48.9342186843987,362.0,61.04885656984947,13.151196449275348,14.0,1.4000000000000001,0.14000000000000007,81.0,2.1577130424906583,0.061085390946502005
4,0.0,8,359.9844434088789,"[['2' '0.01636821252746638' 'present']
 ['10' '5.699849658166013' 'present']
 ['20' '7.243897644550276' 'present']
 ['0' '8.94466240107586' 'present']
 ['10' '9.156892733217774' 'present']
 ['10' '10.41990980442852' 'present']
 ['20' '43.440705944621875' 'marauded']
 ['10' '56.183456068647004' 'marauded']
 ['10' '69.94576875808353' 'marauded']
 ['21' '73.90423333086267' 'presentdestroyed']
 ['20' '82.81326204612041' 'present']
 ['10' '87.01805818981016' 'present']
 ['2' '107.72932927356857' 'present']
 ['0' '114.37884257983985' 'present']
 ['10' '120.07282500713205' 'marauded']
 ['10' '131.17673234360814' 'present']
 ['0' '162.73075738496053' 'present']
 ['10' '173.3619650039612' 'marauded']
 ['0' '187.77247376537417' 'marauded']
 ['0' '192.13681816774067' 'presentdestroyed']
 ['10' '197.23514984331507' 'present']
 ['0' '201.58230048755394' 'present']
 ['20' '204.4763342016134' 'present']
 ['20' '208.22720389936896' 'present']
 ['10' '211.86597033117533' 'present']
 ['0' '223.01365561869648' 'present']
 ['10' '224.81591750663952' 'present']
 ['2' '229.82297135514642' 'present']
 ['2' '234.8259970985669' 'marauded']
 ['10' '241.32514821060326' 'presentdestroyed']
 ['10' '242.35038064186037' 'present']
 ['2' '247.4625570721623' 'present']
 ['20' '265.4351926481779' 'present']
 ['10' '278.9742585072567' 'marauded']
 ['10' '282.37115362637707' 'presentdestroyed']
 ['10' '290.6037822791961' 'present']
 ['20' '313.2998748657599' 'present']
 ['10' '313.32688180590054' 'present']
 ['10' '321.05821638529835' 'present']
 ['20' '324.42317433767846' 'present']
 ['20' '335.5781603859582' 'present']
 ['10' '355.44472195035644' 'present']]","[['F138' '54.16646293826187' 'mated']
 ['F185' '102.26118526651797' 'mated']
 ['F29' '111.9324258833423' 'mated']
 ['F119' '131.1754416912103' 'mated']
 ['F141' '161.37501328972036' 'mated']
 ['F60' '162.21002199996136' 'absent']
 ['F54' '192.2252055483016' 'destroyed']
 ['F86' '209.66440551399143' 'absent']
 ['F179' '210.99199351014542' 'mated']
 ['F197' '284.62606690268035' 'destroyed']
 ['F149' '292.929127196768' 'mated']
 ['F183' '313.5300720325456' 'mated']]",500.0,0.0,563.0,67.54012750922067,13.360573768995353,1462.0,243.68670694954153,52.116089295871625,301.0,48.90290490395357,10.178051989806226,0.0,0.0,0.0,0.0,0.0,0.0
5,0.054,9,360.7542588007576,"[['15' '0.7306873486659765' 'present']
 ['20' '6.799149434457044' 'present']
 ['21' '7.1415505788947495' 'present']
 ['21' '12.492844966583393' 'marauded']
 ['15' '27.128467074983828' 'marauded']
 ['2' '27.977169890502118' 'presentdestroyed']
 ['12' '28.185116464985335' 'presentdestroyed']
 ['20' '28.69392899236072' 'presentdestroyed']
 ['8' '29.582092085097297' 'presentdestroyed']
 ['20' '38.59295586045269' 'present']
 ['15' '44.56574373189078' 'present']
 ['12' '48.413150763857466' 'marauded']
 ['21' '49.48031932341186' 'presentdestroyed']
 ['15' '55.889160817442345' 'present']
 ['14' '56.22274341045355' 'present']
 ['15' '60.87504624581232' 'present']
 ['14' '68.10288823738024' 'present']
 ['20' '84.17567362784798' 'present']
 ['14' '103.97572673561281' 'present']
 ['10' '104.21832918604008' 'marauded']
 ['1' '105.21962835927619' 'presentdestroyed']
 ['20' '108.04156727996508' 'presentdestroyed']
 ['2' '116.4784520211426' 'present']
 ['15' '120.1714287326702' 'present']
 ['8' '133.15583113510962' 'present']
 ['20' '170.07773257063897' 'present']
 ['14' '172.86192103847304' 'present']
 ['20' '182.39977390170085' 'marauded']
 ['21' '190.7636880681955' 'present']
 ['20' '200.9512552885971' 'present']
 ['20' '205.29617582363718' 'marauded']
 ['14' '214.05933782209473' 'present']
 ['20' '215.3834326959331' 'present']
 ['14' '217.44586414403236' 'present']
 ['21' '223.94712637452812' 'present']
 ['21' '232.16354907054526' 'present']
 ['15' '233.48391864361005' 'present']
 ['12' '236.72350600814895' 'present']
 ['21' '237.77051962714236' 'present']
 ['20' '247.40257691887763' 'present']
 ['20' '261.72215300885506' 'present']
 ['15' '263.8084533731928' 'present']
 ['21' '266.90966427709657' 'present']
 ['21' '278.87105902269485' 'present']
 ['20' '293.97922525866085' 'present']
 ['15' '299.4576227772242' 'present']
 ['21' '302.46956208077836' 'present']
 ['21' '304.58591498620837' 'present']
 ['15' '312.8378514620171' 'present']
 ['14' '319.0757905848327' 'present']
 ['20' '323.18007824043934' 'present']
 ['2' '331.64017297363876' 'marauded']
 ['21' '343.7922140262513' 'present']
 ['20' '349.48520829580684' 'present']]","[['F61' '58.249854692936594' 'absent']
 ['F69' '76.99253966829397' 'mated']
 ['F113' '96.62380119304787' 'mated']
 ['F176' '158.07956752296525' 'mated']
 ['F48' '160.50268165672165' 'absent']
 ['F118' '169.13689780995549' 'absent']
 ['F174' '185.8334719815617' 'destroyed']
 ['F158' '186.0326403483904' 'destroyed']
 ['F13' '188.32947274510752' 'destroyed']
 ['F91' '203.04104681336293' 'mated']
 ['F86' '209.63166908893652' 'destroyed']
 ['F201' '238.2644544432769' 'mated']
 ['F178' '242.40192451753543' 'absent']
 ['F178' '242.43466094259034' 'absent']
 ['F155' '251.12908281596594' 'absent']
 ['F131' '254.86560720392012' 'mated']
 ['F109' '273.2746692161745' 'mated']
 ['F37' '302.04517912008976' 'mated']
 ['F210' '305.32708064787937' 'mated']
 ['F145' '312.3078000757409' 'absent']
 ['F121' '336.049459704175' 'destroyed']]",500.0,500.0,573.0,68.56595918427308,13.378067466262209,1466.0,245.06271014967902,52.47090962703905,265.0,42.761555760131955,8.978168381335935,15.0,1.5000000000000002,0.15000000000000008,89.0,2.3748010888154445,0.06644375857338815
6,0.054,4,360.1412264323342,"[['16' '9.23774685653364' 'marauded']
 ['12' '31.298514234309508' 'present']
 ['3' '31.53143989211126' 'present']
 ['12' '50.389551900177395' 'present']
 ['14' '81.09663533940757' 'marauded']
 ['19' '95.16512653521634' 'present']
 ['16' '127.14950900389591' 'present']
 ['19' '158.810737578392' 'present']
 ['16' '161.2968243430049' 'present']
 ['12' '167.8077103281808' 'marauded']
 ['12' '184.75557550325735' 'present']
 ['3' '214.7316960606512' 'present']
 ['3' '261.9668016151856' 'present']
 ['19' '283.03338083355385' 'present']
 ['12' '319.15844623850387' 'present']
 ['3' '325.0116380159746' 'present']
 ['16' '330.663164567167' 'present']
 ['16' '334.64573162764424' 'present']
 ['19' '347.286072047826' 'present']
 ['12' '356.1240040463411' 'marauded']]","[['F38' '146.23162534689953' 'mated']
 ['F55' '302.41631117441887' 'mated']
 ['F68' '310.7916638965778' 'mated']
 ['F146' '312.09510071957493' 'mated']]",500.0,1000.0,577.0,74.4874575829882,16.65315492361233,1573.0,259.51858468255426,54.23460499561639,123.0,21.569514252437248,4.593575337568788,16.0,1.6000000000000003,0.1600000000000001,92.0,2.8969167618637073,0.09752229080932778
7,0.054,6,360.086363144435,"[['0' '5.588137263408199' 'present']
 ['3' '30.88703460236043' 'present']
 ['3' '32.292052459322804' 'present']
 ['3' '54.75314999072056' 'marauded']
 ['3' '59.52203573475574' 'presentdestroyed']
 ['15' '59.831973579114695' 'presentdestroyed']
 ['1' '65.24221686256298' 'present']
 ['1' '67.44534426160948' 'present']
 ['15' '68.94508602733734' 'present']
 ['15' '72.53680596457322' 'present']
 ['3' '74.77275330290604' 'marauded']
 ['3' '77.46237181218504' 'presentdestroyed']
 ['14' '80.59282843117396' 'presentdestroyed']
 ['1' '87.5978895737793' 'present']
 ['19' '89.83059458605477' 'present']
 ['15' '104.8043403135553' 'present']
 ['3' '121.71748403000991' 'present']
 ['15' '124.11468241526674' 'present']
 ['3' '140.61496792009996' 'present']
 ['15' '143.84670392364586' 'present']
 ['19' '145.55041823263386' 'present']
 ['3' '150.16754190984142' 'present']
 ['3' '158.9969037089982' 'present']
 ['19' '179.35713647057474' 'present']
 ['1' '195.1668368413996' 'marauded']
 ['15' '206.8198020675817' 'marauded']
 ['19' '215.96495926098802' 'marauded']
 ['19' '218.77400587577418' 'presentdestroyed']
 ['3' '224.5632295426221' 'present']
 ['19' '226.96527470881892' 'marauded']
 ['3' '248.5465776135283' 'present']
 ['1' '268.8519425894534' 'present']
 ['15' '277.32703839351103' 'present']
 ['15' '278.9183225747402' 'present']
 ['19' '290.85171826123195' 'present']
 ['15' '313.8046782341542' 'present']
 ['19' '323.02558077750297' 'present']
 ['3' '336.5626301731832' 'present']
 ['15' '341.5186311837445' 'present']
 ['19' '354.78520199902164' 'present']]","[['F85' '16.52432268554243' 'mated']
 ['F69' '76.94822916916496' 'destroyed']
 ['F58' '83.6065363025562' 'mated']
 ['F137' '86.1064551906267' 'mated']
 ['F66' '207.61236659336444' 'destroyed']
 ['F171' '283.22255996950963' 'mated']
 ['F107' '307.524437242764' 'mated']
 ['F31' '308.4830535986662' 'mated']]",500.0,1500.0,561.0,71.67028598279528,14.817634559639412,1453.0,247.55637597808956,52.75835948413951,225.0,36.34174275691004,7.721275690619029,18.0,1.8000000000000005,0.1800000000000001,87.0,2.6948022165411953,0.09216392318244172
8,0.054,12,360.0666235951294,"[['12' '7.160476936434668' 'marauded']
 ['2' '18.94546215463282' 'present']
 ['9' '29.943237405762723' 'present']
 ['5' '43.84938849512809' 'marauded']
 ['2' '46.30460695113998' 'presentdestroyed']
 ['2' '47.67085740085806' 'presentdestroyed']
 ['12' '50.41749418677894' 'presentdestroyed']
 ['12' '52.24255136941056' 'present']
 ['16' '55.65685198519187' 'present']
 ['16' '60.27126021465536' 'marauded']
 ['12' '61.458521502092076' 'presentdestroyed']
 ['16' '71.05059473340407' 'present']
 ['9' '74.2368111969745' 'present']
 ['2' '81.25291116463116' 'present']
 ['20' '82.14390375535987' 'present']
 ['12' '82.21906242537247' 'present']
 ['9' '85.74378584069254' 'marauded']
 ['16' '97.15448073195019' 'present']
 ['20' '114.93835067104813' 'marauded']
 ['2' '117.0918616676527' 'presentdestroyed']
 ['9' '143.84641060019285' 'present']
 ['16' '152.90571663493785' 'marauded']
 ['12' '158.4524499319894' 'presentdestroyed']
 ['12' '162.6876198230928' 'present']
 ['2' '163.53016214626612' 'marauded']
 ['16' '168.03689519767903' 'presentdestroyed']
 ['9' '170.27316156790928' 'presentdestroyed']
 ['9' '177.90166951075076' 'marauded']
 ['9' '180.1783077931403' 'destroyed']
 ['16' '185.86385938733497' 'presentdestroyed']
 ['12' '198.13371749246096' 'present']
 ['2' '200.15441987172025' 'present']
 ['2' '213.0504265613863' 'present']
 ['12' '217.9815627898527' 'present']
 ['12' '229.2229784432073' 'present']
 ['2' '249.9427427751408' 'marauded']
 ['12' '256.3310472565456' 'presentdestroyed']
 ['2' '271.2404822935012' 'present']
 ['12' '286.4576500770519' 'present']
 ['16' '288.6261061745765' 'present']
 ['2' '289.6832169775967' 'present']
 ['12' '293.5202433700041' 'present']
 ['16' '297.60301064743265' 'present']
 ['12' '301.14140249637023' 'present']
 ['9' '316.64986080374587' 'present']
 ['15' '332.72585173699866' 'present']
 ['16' '334.08068809747317' 'present']
 ['9' '343.55646024987533' 'present']
 ['12' '343.7879465611833' 'present']
 ['2' '346.1691956896174' 'present']
 ['12' '351.21761794044943' 'marauded']]","[['F112' '4.637077313500877' 'mated']
 ['F62' '56.80363933228086' 'mated']
 ['F159' '58.259375109574805' 'mated']
 ['F78' '60.4554736468707' 'absentdestroyed']
 ['F104' '103.01372199653167' 'mated']
 ['F118' '169.1764141706311' 'destroyed']
 ['F53' '173.60783139805164' 'mated']
 ['F125' '179.50176732280246' 'destroyed']
 ['F96' '182.3827209281066' 'destroyed']
 ['F120' '185.14500529595276' 'destroyed']
 ['F177' '185.53062118989322' 'destroyed']
 ['F40' '191.7308075394266' 'mated']
 ['F173' '201.1803856193024' 'mated']
 ['F151' '208.94052980388224' 'mated']
 ['F161' '210.18459810808582' 'mated']
 ['F23' '216.39430560274923' 'mated']
 ['F57' '222.0812024025733' 'absent']
 ['F47' '241.26156961016608' 'absent']
 ['F209' '249.5320315047142' 'mated']
 ['F163' '254.87304076017767' 'absentdestroyed']
 ['F59' '264.0044984709919' 'mated']
 ['F49' '352.9441454111619' 'destroyed']]",1000.0,0.0,557.0,70.06780901405216,15.211755235947122,1334.0,224.4614329394149,47.974634348602514,375.0,61.5564796772397,12.972899436634943,19.0,1.9000000000000006,0.1900000000000001,84.0,2.1878186693366253,0.06001371742112475
9,0.054,9,360.1790735738563,"[['21' '1.2691371163122624' 'marauded']
 ['21' '1.9391719378362502' 'destroyed']
 ['21' '5.367342443165521' 'destroyed']
 ['19' '17.208658854720444' 'present']
 ['0' '17.87951633615195' 'marauded']
 ['15' '18.051526829781753' 'presentdestroyed']
 ['19' '19.616935439082575' 'presentdestroyed']
 ['21' '20.814402379837983' 'destroyed']
 ['8' '38.47160891857073' 'marauded']
 ['1' '46.43973853467595' 'present']
 ['15' '49.7736101629851' 'present']
 ['8' '55.91272096209162' 'present']
 ['21' '57.44941717234816' 'present']
 ['8' '58.48768429816222' 'marauded']
 ['21' '64.24532182030929' 'destroyed']
 ['21' '67.03725153368549' 'marauded']
 ['19' '75.01931654461322' 'present']
 ['21' '75.98576613868315' 'marauded']
 ['19' '96.24779455980963' 'present']
 ['20' '129.5973626970793' 'present']
 ['21' '134.0747028542239' 'present']
 ['8' '141.7608918871716' 'present']
 ['15' '142.61836462067726' 'present']
 ['15' '144.19977959953368' 'present']
 ['8' '145.85856968444074' 'present']
 ['21' '155.14576150236206' 'marauded']
 ['21' '171.33749537223056' 'present']
 ['19' '173.29929772308557' 'present']
 ['21' '188.9679740191787' 'marauded']
 ['6' '189.56651498207924' 'presentdestroyed']
 ['21' '193.39692735323115' 'presentdestroyed']
 ['8' '198.96235097646394' 'marauded']
 ['21' '205.96558444663336' 'presentdestroyed']
 ['8' '209.58942286969753' 'present']
 ['8' '217.21430523842037' 'present']
 ['19' '218.8019481623757' 'present']
 ['8' '227.4763322080362' 'marauded']
 ['19' '227.48582243129593' 'destroyed']
 ['21' '235.23198323775716' 'present']
 ['21' '235.25513138590532' 'present']
 ['21' '257.47642945881574' 'present']
 ['8' '268.5612033063153' 'present']
 ['8' '274.3186555472935' 'present']
 ['15' '277.028964977415' 'marauded']
 ['8' '277.8896729126699' 'presentdestroyed']
 ['21' '284.66185677883465' 'present']
 ['8' '294.2515451806742' 'present']
 ['21' '299.27525217591244' 'marauded']
 ['21' '309.25034351190163' 'present']
 ['19' '322.9976384909014' 'present']
 ['21' '324.5722829610867' 'present']
 ['15' '332.80319368112197' 'present']
 ['8' '348.3300706182327' 'marauded']
 ['15' '348.5610651348499' 'presentdestroyed']]","[['F112' '4.625503239426803' 'destroyed']
 ['F21' '150.78417251089616' 'mated']
 ['F106' '179.01916125444316' 'mated']
 ['F177' '185.5421952639673' 'absent']
 ['F24' '186.2492221072701' 'mated']
 ['F194' '194.18036257342303' 'destroyed']
 ['F128' '207.8882238097068' 'absent']
 ['F108' '211.4892840300947' 'mated']
 ['F57' '222.09277647664737' 'mated']
 ['F209' '237.49730928249198' 'absent']
 ['F209' '237.52045743064014' 'absent']
 ['F200' '239.2923596499987' 'mated']
 ['F87' '246.7358651249878' 'mated']
 ['F211' '258.4320595986381' 'mated']
 ['F114' '308.19468288468465' 'mated']
 ['F98' '318.9900184454295' 'absent']]",1000.0,500.0,560.0,75.54559654534755,17.465320855596758,1194.0,202.23296494252514,43.31325399712837,466.0,79.39265147714738,16.90534810258573,12.0,1.2,0.12000000000000005,69.0,1.7184274994791613,0.045546124828532195
10,0.054,16,359.8446171174622,"[['15' '1.3383755862792936' 'present']
 ['12' '6.041145674114992' 'present']
 ['15' '13.836352392296313' 'present']
 ['12' '39.341599120791265' 'present']
 ['12' '61.794032058436606' 'present']
 ['12' '78.18258472280262' 'present']
 ['15' '116.75466957308356' 'present']
 ['12' '120.95315063020476' 'present']
 ['15' '124.1378305634149' 'present']
 ['6' '140.08133391266628' 'present']
 ['12' '173.33538247686744' 'present']
 ['2' '200.18236215832178' 'present']
 ['15' '210.26449615656682' 'present']
 ['12' '251.84962526283508' 'present']
 ['12' '269.6781310807329' 'present']
 ['15' '275.50749074651617' 'present']
 ['12' '283.3104309945109' 'present']
 ['6' '301.15728839835776' 'marauded']
 ['2' '307.18975623297524' 'presentdestroyed']
 ['12' '322.20311649494516' 'present']
 ['21' '325.1802697728992' 'present']
 ['15' '333.3873866276655' 'present']
 ['2' '347.0962967552648' 'present']
 ['15' '358.06602129209637' 'present']]","[['F206' '26.185061138206116' 'mated']
 ['F136' '58.60777638984274' 'absent']
 ['F169' '75.08903077148277' 'mated']
 ['F110' '122.95364311027105' 'mated']
 ['F36' '139.22917472289458' 'mated']
 ['F4' '144.53509332916755' 'absent']
 ['F0' '144.83238040290811' 'mated']
 ['F74' '147.37060196007135' 'mated']
 ['F142' '150.45229494475788' 'mated']
 ['F141' '161.33070279059137' 'absent']
 ['F141' '161.36343921564628' 'absent']
 ['F93' '168.0600387174084' 'mated']
 ['F2' '176.55775542415833' 'mated']
 ['F12' '180.25618252773683' 'absent']
 ['F90' '181.2015957996686' 'mated']
 ['F174' '185.85935239796794' 'mated']
 ['F115' '198.71500147179864' 'mated']
 ['F91' '203.0151663969567' 'absent']
 ['F51' '205.2912467133509' 'absent']
 ['F86' '209.6759795880655' 'mated']
 ['F203' '244.09564917087846' 'mated']
 ['F184' '266.43285466383946' 'absent']
 ['F89' '286.9326243169166' 'mated']
 ['F164' '292.3557452640438' 'mated']]",1000.0,1000.0,563.0,69.48575075949522,13.898414585195878,1642.0,279.9776798530931,60.56003692306667,33.0,6.014315596925062,1.4019902369730244,21.0,2.1000000000000005,0.21000000000000013,90.0,2.441462588994918,0.07073045267489704
11,0.0,8,360.44341583536385,"[['20' '2.0704726181186364' 'present']
 ['20' '22.202005544446102' 'present']
 ['8' '25.090649607541476' 'present']
 ['8' '33.3731317612339' 'present']
 ['8' '36.82713094570227' 'present']
 ['5' '37.84210633368333' 'present']
 ['20' '38.96157855904581' 'present']
 ['8' '42.746737032818295' 'present']
 ['5' '59.200548257578035' 'present']
 ['19' '65.8223818574251' 'present']
 ['8' '70.10895911540929' 'present']
 ['5' '72.19270765707202' 'present']
 ['2' '73.0666001888552' 'present']
 ['5' '75.22899101670689' 'present']
 ['19' '90.91767360543518' 'present']
 ['19' '91.97027502350107' 'marauded']
 ['8' '111.75944077777297' 'marauded']
 ['5' '119.12878349532865' 'present']
 ['5' '125.65901586643183' 'present']
 ['5' '126.46954134823751' 'present']
 ['19' '128.89641583798198' 'marauded']
 ['5' '130.5153290662454' 'destroyed']
 ['19' '134.23983150095356' 'presentdestroyed']
 ['5' '138.42663595079696' 'present']
 ['5' '145.86050549725815' 'present']
 ['8' '145.9144542576438' 'present']
 ['5' '156.07737085471524' 'present']
 ['9' '171.14239518717815' 'present']
 ['20' '179.64279135366462' 'present']
 ['8' '189.4400890907577' 'marauded']
 ['8' '192.89828965414455' 'presentdestroyed']
 ['8' '197.7496606195327' 'marauded']
 ['5' '199.27128249935058' 'destroyed']
 ['8' '225.30917170706067' 'present']
 ['19' '228.42332774505553' 'present']
 ['5' '233.16280077920618' 'marauded']
 ['8' '234.48258300144028' 'presentdestroyed']
 ['8' '236.05040524121722' 'presentdestroyed']
 ['8' '241.232249989669' 'marauded']
 ['8' '242.1480170401613' 'presentdestroyed']
 ['8' '242.3063981304663' 'presentdestroyed']
 ['19' '246.2554954957705' 'presentdestroyed']
 ['5' '246.95834044681533' 'presentdestroyed']
 ['5' '250.8050149906634' 'present']
 ['5' '255.07456395584' 'present']
 ['8' '278.76265407358414' 'marauded']
 ['5' '282.9848287462312' 'presentdestroyed']
 ['19' '287.62128399606183' 'present']
 ['21' '302.43483985855613' 'present']
 ['5' '316.3149836915385' 'present']
 ['5' '319.94656113831724' 'marauded']
 ['20' '325.0052729333499' 'destroyed']
 ['20' '325.03800935840485' 'presentdestroyed']
 ['5' '341.4671014870474' 'marauded']
 ['20' '355.52308226786215' 'present']]","[['F160' '81.51907618941004' 'mated']
 ['F132' '129.1297060086181' 'destroyed']
 ['F20' '137.94483877731983' 'mated']
 ['F186' '139.88038310849169' 'mated']
 ['F48' '160.51425573079572' 'mated']
 ['F195' '227.88422092356657' 'mated']
 ['F201' '238.2528803692028' 'destroyed']
 ['F25' '240.955600672775' 'mated']
 ['F155' '251.09436059374372' 'absent']
 ['F155' '251.14065689004002' 'absent']
 ['F63' '300.0421687412525' 'mated']
 ['F77' '300.85685904707043' 'mated']]",1000.0,1500.0,569.0,67.52727876358318,13.124790516490252,1363.0,231.25055025333086,49.51743751423239,376.0,61.243360672138174,12.872056193800871,0.0,0.0,0.0,0.0,0.0,0.0
12,0.054,5,360.4025542006539,"[['6' '3.327708568151817' 'present']
 ['10' '18.87874115154497' 'marauded']
 ['10' '19.910625003458158' 'presentdestroyed']
 ['8' '23.563291438301945' 'destroyed']
 ['1' '27.493734842401636' 'present']
 ['10' '34.13000655282135' 'present']
 ['10' '52.831059672716805' 'marauded']
 ['6' '61.42421362303376' 'present']
 ['21' '62.43472815228563' 'present']
 ['10' '66.28267015228566' 'marauded']
 ['10' '70.39906901062122' 'presentdestroyed']
 ['1' '79.29368332899675' 'present']
 ['8' '82.72024966989791' 'marauded']
 ['8' '85.25227707368884' 'presentdestroyed']
 ['6' '91.85855814610873' 'present']
 ['8' '98.92039125752837' 'present']
 ['8' '104.06702140324178' 'marauded']
 ['6' '104.88952098403136' 'presentdestroyed']
 ['16' '111.99853681141643' 'present']
 ['6' '112.65910213987401' 'present']
 ['8' '113.46887537160174' 'marauded']
 ['8' '129.00630421667813' 'present']
 ['10' '136.71658406193458' 'marauded']
 ['8' '139.13313538638243' 'destroyed']
 ['1' '144.2044716369775' 'marauded']
 ['1' '144.62501715026275' 'presentdestroyed']
 ['8' '148.45197627219778' 'presentdestroyed']
 ['6' '149.11439695457932' 'presentdestroyed']
 ['10' '155.76056266249986' 'present']
 ['8' '176.33307711646353' 'marauded']
 ['1' '179.17307183532768' 'presentdestroyed']
 ['10' '182.91443424080754' 'presentdestroyed']
 ['1' '185.18581276916348' 'marauded']
 ['6' '187.31786864931018' 'destroyed']
 ['10' '187.57760486932963' 'presentdestroyed']
 ['10' '187.9156137494472' 'presentdestroyed']
 ['6' '192.87900572140697' 'destroyed']
 ['6' '199.20698669446006' 'marauded']
 ['10' '200.0515598738251' 'destroyed']
 ['8' '209.56627472154938' 'present']
 ['6' '213.55600163854814' 'present']
 ['8' '217.03943221966682' 'present']
 ['6' '220.59949057198187' 'present']
 ['1' '221.21733142988637' 'present']
 ['6' '221.75965359540007' 'marauded']
 ['6' '225.9420774697918' 'presentdestroyed']
 ['8' '235.3978724215414' 'present']
 ['6' '240.26164449424184' 'marauded']
 ['8' '243.6304572539327' 'presentdestroyed']
 ['6' '249.32242654322982' 'present']
 ['10' '256.96697589032726' 'present']
 ['10' '256.9901240384754' 'present']
 ['10' '259.214436399268' 'present']
 ['6' '259.2199154323134' 'present']
 ['1' '261.64271645665957' 'present']
 ['2' '263.713370690758' 'present']
 ['1' '264.27678744898793' 'present']
 ['2' '273.74614297952627' 'present']
 ['16' '273.9418902667692' 'marauded']
 ['8' '280.8987058869388' 'destroyed']
 ['10' '282.9669682892765' 'present']
 ['2' '285.6256345599906' 'present']
 ['10' '291.9725149560373' 'present']
 ['2' '293.5130772009835' 'marauded']
 ['6' '298.9167567262932' 'presentdestroyed']
 ['1' '307.0878056125496' 'present']
 ['2' '309.2580679619845' 'marauded']
 ['10' '314.7211531283063' 'destroyed']
 ['5' '314.97674282875874' 'destroyed']
 ['10' '316.11355425039727' 'presentdestroyed']
 ['1' '316.95502664394155' 'presentdestroyed']
 ['5' '317.0270908349407' 'presentdestroyed']
 ['1' '323.1550461736741' 'marauded']
 ['16' '329.1772429429874' 'destroyed']
 ['8' '337.67175344798' 'present']
 ['10' '347.9211273129653' 'present']
 ['10' '350.4045243303029' 'present']
 ['1' '350.98300873522214' 'present']
 ['1' '355.14712194188274' 'present']]","[['F62' '56.79206525820678' 'destroyed']
 ['F61' '58.23348648040913' 'destroyed']
 ['F159' '58.24780103550073' 'destroyed']
 ['F78' '60.443899572796624' 'absent']
 ['F135' '111.34369302132755' 'destroyed']
 ['F118' '169.18798824470517' 'mated']
 ['F12' '180.24460845366275' 'destroyed']
 ['F40' '191.71923346535252' 'absentdestroyed']
 ['F51' '205.30282078742496' 'destroyed']
 ['F191' '205.47133922521067' 'destroyed']
 ['F23' '216.359583380527' 'absent']
 ['F181' '253.13221681434538' 'mated']
 ['F163' '254.88461483425175' 'mated']
 ['F72' '260.9094016963767' 'mated']
 ['F184' '266.44442873791354' 'absent']
 ['F205' '267.1126310847889' 'mated']]",1500.0,0.0,574.0,69.36472376479684,14.078684759048423,1101.0,185.2756298385163,39.52917363500266,624.0,103.24461758928881,21.640162308380546,6.0,0.6,0.06000000000000001,58.0,1.5954029483355503,0.04715363511659805
13,0.0,8,359.8292002743399,"[['16' '10.60804111330375' 'present']
 ['10' '31.95970122427331' 'present']
 ['12' '38.813170997702926' 'present']
 ['16' '75.89159913938663' 'present']
 ['16' '80.26952418976342' 'present']
 ['5' '83.23076162906838' 'marauded']
 ['16' '126.94099132750898' 'present']
 ['12' '154.4140990183167' 'present']
 ['6' '162.9068333026574' 'present']
 ['16' '167.04809802282531' 'marauded']
 ['16' '173.01717252270842' 'destroyed']
 ['16' '202.01369577205662' 'present']
 ['5' '203.3853037210174' 'present']
 ['5' '229.06738606395132' 'present']
 ['9' '323.56408936267167' 'marauded']
 ['16' '335.2230312543161' 'present']
 ['5' '351.8598146473907' 'present']
 ['9' '358.3537886519568' 'present']]","[['F3' '35.121150463571496' 'mated']
 ['F132' '129.14128008269216' 'mated']
 ['F8' '141.83278303731032' 'mated']
 ['F148' '156.06221247113746' 'mated']
 ['F118' '169.15326602248294' 'absentdestroyed']
 ['F32' '233.92728038776087' 'absent']
 ['F102' '286.57826043908807' 'mated']
 ['F192' '301.08118635719944' 'mated']
 ['F121' '336.06582791670246' 'mated']
 ['F49' '352.96729355931006' 'mated']]",1500.0,500.0,573.0,70.7364614306766,14.192115588127907,1604.0,270.7469823917038,57.970643482235474,108.0,18.5382882796679,4.053067955583078,0.0,0.0,0.0,0.0,0.0,0.0
14,0.054,11,360.38966512953743,"[['16' '0.8694427024501278' 'present']
 ['3' '19.27862661215268' 'marauded']
 ['3' '20.812046202157916' 'presentdestroyed']
 ['15' '27.55273073762677' 'marauded']
 ['7' '34.336488494656514' 'presentdestroyed']
 ['19' '48.574945716647825' 'present']
 ['2' '50.60902525535681' 'present']
 ['7' '69.75200231687336' 'marauded']
 ['19' '70.27104583505103' 'presentdestroyed']
 ['16' '72.07166224514037' 'presentdestroyed']
 ['1' '86.46084654945038' 'present']
 ['3' '113.5350237740506' 'marauded']
 ['2' '116.00202266560218' 'presentdestroyed']
 ['16' '116.43625295441707' 'presentdestroyed']
 ['19' '120.64634758854086' 'marauded']
 ['16' '127.17745129049746' 'presentdestroyed']
 ['16' '131.05643988720155' 'present']
 ['7' '131.90046085045077' 'marauded']
 ['0' '137.64592086624' 'presentdestroyed']
 ['5' '146.081420549863' 'present']
 ['7' '152.45301196544816' 'marauded']
 ['16' '155.51672236430684' 'presentdestroyed']
 ['0' '176.39323055145186' 'present']
 ['16' '180.42478989503516' 'present']
 ['7' '192.68128015685608' 'marauded']
 ['5' '194.0899578438082' 'destroyed']
 ['16' '196.04684068046416' 'presentdestroyed']
 ['5' '198.39253479071428' 'presentdestroyed']
 ['19' '203.58502853327866' 'present']
 ['16' '204.54854043122322' 'marauded']
 ['15' '208.65888636397653' 'presentdestroyed']
 ['19' '215.35786644952955' 'present']
 ['1' '216.41154403103457' 'present']
 ['5' '221.8351383577262' 'marauded']
 ['5' '226.66361227753058' 'presentdestroyed']
 ['19' '239.9395550027955' 'present']
 ['2' '245.32141356421158' 'marauded']
 ['0' '262.6443198513014' 'present']
 ['19' '265.83065070431064' 'marauded']
 ['5' '282.34589651924364' 'present']
 ['15' '287.9006981090538' 'present']
 ['15' '290.25622643141276' 'present']
 ['3' '296.0604254969976' 'marauded']
 ['19' '298.1231238581595' 'presentdestroyed']
 ['3' '316.69018009910724' 'present']
 ['3' '316.7229165241622' 'present']
 ['3' '325.21699954902607' 'present']
 ['5' '327.3090050311364' 'present']
 ['16' '338.57951150692634' 'marauded']
 ['15' '341.49068889714295' 'presentdestroyed']
 ['16' '351.5217008930554' 'present']
 ['3' '357.03661838696047' 'present']]","[['F139' '27.464976729521894' 'mated']
 ['F69' '76.9761714557665' '']
 ['F162' '120.60691679854752' '']
 ['F92' '130.9170371614104' 'mated']
 ['F157' '157.72300017279989' 'destroyed']
 ['F176' '158.0631993104378' 'destroyed']
 ['F10' '183.7631801491512' 'mated']
 ['F54' '192.2579419733565' 'mated']
 ['F5' '201.68307222034412' 'mated']
 ['F214' '203.77976722102636' 'mated']
 ['F52' '223.97064795902597' 'destroyed']
 ['F193' '230.6617792650438' 'mated']
 ['F153' '242.04682418766689' 'mated']
 ['F39' '259.622471195167' 'mated']
 ['F134' '264.34735383271453' 'mated']
 ['F129' '275.10557390942773' 'mated']
 ['F97' '346.8678264165894' 'destroyed']]",1500.0,1000.0,565.0,74.57876144764535,16.41885921257327,1140.0,197.23067479081658,42.88266856560635,523.0,85.60978711647222,17.66367943375117,7.0,0.7,0.07,56.0,1.892943824557886,0.06483624828532239
15,0.054,9,360.2521287711275,"[['5' '0.37614121652738536' 'present']
 ['7' '5.24549135319465' 'marauded']
 ['19' '16.62066362964515' 'present']
 ['9' '27.631818902739838' 'marauded']
 ['1' '28.42875199926357' 'presentdestroyed']
 ['1' '32.845672253556586' 'presentdestroyed']
 ['9' '33.924818994210085' 'presentdestroyed']
 ['7' '34.96090120802664' 'presentdestroyed']
 ['1' '40.220068244398696' 'present']
 ['7' '41.20075288454061' 'present']
 ['19' '46.920814295508315' 'present']
 ['10' '47.82890222241608' 'present']
 ['19' '50.57169483285369' 'present']
 ['10' '52.80791152456865' 'present']
 ['19' '57.501566684579466' 'present']
 ['16' '65.92488091252527' 'present']
 ['10' '70.37592086247307' 'present']
 ['10' '75.32293035676248' 'present']
 ['16' '75.76845099123848' 'marauded']
 ['20' '77.84633586330557' 'presentdestroyed']
 ['5' '81.55859348904077' 'presentdestroyed']
 ['20' '82.75276856975681' 'presentdestroyed']
 ['7' '83.74354015264679' 'present']
 ['7' '85.28996002902355' 'present']
 ['5' '85.88161695722539' 'present']
 ['5' '87.1048646481852' 'present']
 ['9' '88.62305392067937' 'present']
 ['5' '89.95952127796441' 'present']
 ['19' '95.40424705449533' 'marauded']
 ['7' '101.20861410289487' 'presentdestroyed']
 ['19' '103.064957199306' 'present']
 ['7' '103.98997323804272' 'present']
 ['20' '105.71064554868839' 'marauded']
 ['20' '106.09612037507421' 'presentdestroyed']
 ['7' '114.44560755794173' 'present']
 ['16' '116.46419524101861' 'present']
 ['16' '117.35505410609042' 'present']
 ['16' '118.54639029997307' 'present']
 ['10' '124.76220692445489' 'present']
 ['7' '127.55891740343652' 'marauded']
 ['20' '127.84149227659125' 'destroyed']
 ['5' '128.81945046320513' 'presentdestroyed']
 ['9' '134.41098702684442' 'presentdestroyed']
 ['9' '134.5343622793111' 'presentdestroyed']
 ['9' '135.2060592863851' 'present']
 ['7' '135.39368909026203' 'present']
 ['1' '137.18877255699536' 'present']
 ['10' '143.0407693239508' 'present']
 ['20' '145.23755869404286' 'present']
 ['7' '149.04114734156138' 'present']
 ['20' '152.02975575465382' 'present']
 ['19' '154.94611835695522' 'marauded']
 ['7' '155.17735382940586' 'presentdestroyed']
 ['7' '158.95283020963063' 'presentdestroyed']
 ['16' '161.1438568248063' 'destroyed']
 ['9' '163.64717799370624' 'marauded']
 ['5' '164.28669516635432' 'presentdestroyed']
 ['10' '167.4912848649285' 'presentdestroyed']
 ['7' '168.9418073894866' 'presentdestroyed']
 ['9' '169.05067178541182' 'presentdestroyed']
 ['7' '170.03977495731147' 'presentdestroyed']
 ['9' '175.821324153795' 'present']
 ['7' '177.6412026543886' 'present']
 ['16' '178.99519620501366' 'marauded']
 ['16' '180.39684760843363' 'presentdestroyed']
 ['1' '183.60584304181938' 'presentdestroyed']
 ['10' '185.25385354343152' 'destroyed']
 ['10' '193.76558478172257' 'present']
 ['10' '196.56931490661773' 'marauded']
 ['10' '199.769199521549' 'presentdestroyed']
 ['20' '205.87197099997917' 'present']
 ['20' '210.70021851754717' 'marauded']
 ['1' '216.69124976758854' 'presentdestroyed']
 ['5' '221.96308064432773' 'present']
 ['21' '227.36383143910282' 'present']
 ['10' '230.62470137026523' 'present']
 ['10' '236.51965975772555' 'present']
 ['10' '236.93113544251946' 'marauded']
 ['10' '240.3237463882626' 'destroyed']
 ['7' '244.4488028101443' 'marauded']
 ['9' '245.37672307090187' 'presentdestroyed']
 ['16' '246.97475615589354' 'presentdestroyed']
 ['7' '248.97127387043594' 'destroyed']
 ['9' '249.1497720186583' 'presentdestroyed']
 ['7' '252.05035059548393' 'present']
 ['5' '253.87475611747413' 'present']
 ['9' '254.30282592071586' 'marauded']
 ['5' '257.9859460813995' 'presentdestroyed']
 ['10' '262.7664347139865' 'present']
 ['5' '263.62550417771973' 'present']
 ['10' '264.6738348875802' 'present']
 ['1' '268.89145895012905' 'present']
 ['16' '269.07981562659404' 'present']
 ['7' '269.5781026264' 'present']
 ['20' '275.07315332748203' 'present']
 ['19' '276.07394893790655' 'present']
 ['16' '276.4519114952238' 'present']
 ['10' '279.0974066554049' 'marauded']
 ['5' '280.2702193005587' 'presentdestroyed']
 ['20' '284.84271929580206' 'destroyed']
 ['9' '290.03651488811096' 'present']
 ['10' '292.72012797905825' 'present']
 ['10' '292.7432761272064' 'present']
 ['5' '293.2982500643413' 'present']
 ['7' '296.6116814221628' 'present']
 ['5' '302.8457424836619' 'marauded']
 ['20' '305.630111187376' 'presentdestroyed']
 ['14' '307.5121626951742' 'presentdestroyed']
 ['20' '311.4481575914208' 'present']
 ['5' '313.0165648738522' 'present']
 ['7' '314.2821754125033' 'marauded']
 ['20' '315.84830324442225' 'presentdestroyed']
 ['16' '317.1569208300657' 'presentdestroyed']
 ['21' '322.4648406762567' 'present']
 ['5' '328.2084892389327' 'present']
 ['20' '333.1841041647411' 'present']
 ['7' '346.1191945798989' 'present']
 ['10' '348.2156982899977' 'present']
 ['5' '355.99527055599685' 'present']
 ['9' '356.73338361032364' 'present']
 ['20' '358.81746158454735' 'marauded']]","[['F27' '39.326712309288126' 'mated']
 ['F61' '58.26142876701067' 'mated']
 ['F69' '76.95980324323904' 'absentdestroyed']
 ['F156' '84.58140291632535' 'mated']
 ['F113' '96.61222711897379' 'destroyed']
 ['F208' '138.31462527284708' 'mated']
 ['F99' '143.84564403673207' 'absent']
 ['F4' '144.54666740324163' 'mated']
 ['F0' '144.82080632883404' 'absent']
 ['F133' '145.0284627721011' 'mated']
 ['F141' '161.3191287165173' 'destroyed']
 ['F106' '179.0075871803691' 'absentdestroyed']
 ['F90' '181.19002172559453' 'destroyed']
 ['F158' '186.04421442246448' 'mated']
 ['F22' '218.74437556385348' 'mated']
 ['F200' '239.28078557592463' 'destroyed']
 ['F87' '246.72429105091373' 'destroyed']
 ['F155' '251.11750874189187' 'destroyed']
 ['F34' '258.4236045213264' 'destroyed']
 ['F35' '261.13668097861023' '']
 ['F171' '283.21098589543556' 'absentdestroyed']
 ['F89' '286.9210502428425' 'destroyed']
 ['F145' '312.31937414981496' 'mated']
 ['F167' '320.296910938528' 'destroyed']]",1500.0,1500.0,566.0,70.5929421693655,14.739508436510521,1086.0,182.32403423308253,38.9023161136655,607.0,104.14428114737035,22.300102983809378,13.0,1.3,0.13000000000000006,65.0,1.6671738988769471,0.0455461248285322
16,0.054,15,360.39628210224225,"[['6' '1.2900095375088971' 'marauded']
 ['14' '5.8698856483737165' 'destroyed']
 ['6' '7.340189314983255' 'presentdestroyed']
 ['14' '7.988651431760275' 'presentdestroyed']
 ['0' '12.861598673146064' 'marauded']
 ['6' '22.727537129120368' 'marauded']
 ['6' '22.850685277268514' 'destroyed']
 ['8' '24.06621115264881' 'presentdestroyed']
 ['3' '24.820924230186318' 'presentdestroyed']
 ['10' '28.625080587971198' 'presentdestroyed']
 ['8' '39.8514803764992' 'present']
 ['0' '42.54273742468808' 'present']
 ['3' '49.8198798524845' 'present']
 ['3' '50.70569774117224' 'present']
 ['3' '53.62632667895174' 'present']
 ['6' '55.849733418095525' 'present']
 ['6' '56.80961184229594' 'present']
 ['0' '58.42200055535547' 'present']
 ['6' '62.47808093784595' 'present']
 ['6' '63.90134153375782' 'present']
 ['14' '67.3536461944467' 'present']
 ['3' '82.71946836988946' 'marauded']
 ['14' '87.4210503422381' 'destroyed']
 ['6' '88.85971548022624' 'presentdestroyed']
 ['14' '90.72396262427455' 'present']
 ['8' '96.19062997174987' 'present']
 ['12' '101.403635336822' 'present']
 ['21' '110.97877021535481' 'present']
 ['6' '117.92113928209885' 'present']
 ['0' '124.15080967339092' 'present']
 ['6' '133.46344814530013' 'marauded']
 ['3' '139.00841342519334' 'presentdestroyed']
 ['3' '141.7618167641759' 'marauded']
 ['8' '145.88651197104227' 'destroyed']
 ['3' '157.2493883355079' 'present']
 ['3' '164.78540548743365' 'present']
 ['12' '183.69044513502536' 'present']
 ['0' '186.18170815278626' 'present']
 ['21' '188.13312295132778' 'marauded']
 ['0' '200.1612029004549' 'present']
 ['12' '207.55910727696016' 'present']
 ['6' '208.14403294096945' 'present']
 ['3' '209.38389163876656' 'present']
 ['3' '212.6429479892441' 'marauded']
 ['3' '215.31069573624563' 'destroyed']
 ['8' '215.3410223803718' 'destroyed']
 ['3' '217.9871456892688' 'presentdestroyed']
 ['6' '219.0964135971176' 'presentdestroyed']
 ['6' '220.544015851749' 'presentdestroyed']
 ['15' '221.61221821371953' 'present']
 ['6' '226.7087620096799' 'present']
 ['0' '227.7289622424001' 'present']
 ['6' '237.25713349315004' 'present']
 ['6' '244.67263795711096' 'present']
 ['7' '245.50874665947023' 'present']
 ['6' '251.1475972376547' 'present']
 ['3' '254.46758218268522' 'marauded']
 ['12' '257.9670819554965' 'destroyed']
 ['3' '259.6599141825476' 'presentdestroyed']
 ['7' '267.67582675812156' 'present']
 ['6' '270.80641351097466' 'present']
 ['8' '273.64669791382005' 'present']
 ['3' '275.72504098642486' 'present']
 ['6' '277.0300978982938' 'marauded']
 ['6' '285.5060008045544' 'present']
 ['6' '289.3619776492304' 'marauded']
 ['6' '290.65595557803823' 'destroyed']
 ['12' '291.39319124454437' 'presentdestroyed']
 ['12' '292.91955618244924' 'destroyed']
 ['8' '298.4397039722052' 'marauded']
 ['8' '301.464750595664' 'presentdestroyed']
 ['6' '302.6090235947799' 'presentdestroyed']
 ['3' '324.4555107772014' 'present']
 ['14' '326.21627149827094' 'present']
 ['14' '327.3661352792062' 'present']
 ['6' '330.9037054444019' 'present']
 ['6' '335.71537110680026' 'present']
 ['0' '337.17329122546016' 'present']
 ['0' '342.3326467853093' 'present']
 ['6' '349.43244841647635' 'present']
 ['6' '354.00087225629204' 'marauded']
 ['15' '354.3168057836662' 'presentdestroyed']
 ['15' '355.54198913324774' 'presentdestroyed']]","[['F206' '26.161912990057967' 'destroyed']
 ['F94' '57.32039838477557' 'mated']
 ['F136' '58.630924537990886' 'mated']
 ['F103' '76.82644110617314' 'mated']
 ['F42' '104.88983927678039' 'mated']
 ['F19' '112.51840077173226' 'mated']
 ['F189' '116.1357407177455' 'mated']
 ['F162' '120.62328501107498' 'mated']
 ['F198' '136.24130582443388' 'destroyed']
 ['F38' '146.22005127282546' 'destroyed']
 ['F207' '174.36610580737894' 'mated']
 ['F96' '182.39908914063406' 'mated']
 ['F120' '185.1286370834253' 'absent']
 ['F51' '205.31918899995242' 'mated']
 ['F79' '210.00102149304558' 'mated']
 ['F22' '218.7328014897794' 'destroyed']
 ['F43' '236.27795386913746' 'mated']
 ['F134' '264.33098562018705' 'absent']
 ['F184' '266.460796950441' 'mated']
 ['F190' '269.509848216751' 'mated']
 ['F46' '330.40301642287096' 'mated']]",2000.0,0.0,579.0,72.51868683780086,14.687621010942038,1204.0,205.80692954895545,45.01952227349199,453.0,78.7759577676934,16.839370594572944,11.0,1.0999999999999999,0.11000000000000004,75.0,2.012526053170237,0.056262860082304494
17,0.0,6,360.1519350825846,"[['5' '48.29064024851902' 'present']
 ['1' '54.11218093242361' 'present']
 ['5' '102.94322246395969' 'present']
 ['5' '128.25807303090804' 'marauded']
 ['7' '130.33997249283206' 'presentdestroyed']
 ['14' '214.27925635292624' 'present']
 ['5' '257.78360860193425' 'present']
 ['5' '277.8049114381913' 'marauded']
 ['5' '319.04440834816813' 'present']
 ['5' '326.20058572501046' 'present']]","[['F198' '136.2787603149142' 'mated']
 ['F99' '143.86879218488022' 'mated']
 ['F168' '182.4560687316037' 'mated']
 ['F88' '186.30955392770267' 'mated']
 ['F13' '188.34584095763498' 'mated']
 ['F165' '271.42284621787195' 'mated']]",2000.0,500.0,555.0,67.75275642584693,13.613714779184903,1656.0,280.0092160894414,60.51001795045925,77.0,12.294364296479856,2.533831927935878,0.0,0.0,0.0,0.0,0.0,0.0
18,0.0,15,360.1234435654662,"[['10' '7.113200511852461' 'marauded']
 ['10' '16.19510038102895' 'present']
 ['8' '42.36675857602804' 'present']
 ['8' '70.39265176093701' 'marauded']
 ['8' '74.86917275533706' 'presentdestroyed']
 ['2' '76.32330779941306' 'destroyed']
 ['8' '200.7205137200735' 'present']
 ['14' '240.65903248726343' 'present']
 ['15' '276.8204324915303' 'present']
 ['8' '281.63178187636595' 'present']
 ['8' '296.41941387205634' 'present']
 ['20' '310.69742228725806' 'present']
 ['8' '315.4442101741923' 'present']]","[['F213' '46.460929807385384' 'mated']
 ['F78' '60.46704772094478' 'mated']
 ['F30' '118.86314010498552' 'absent']
 ['F8' '141.82120896323624' 'absent']
 ['F45' '159.4904358835715' 'mated']
 ['F152' '164.23553042091254' 'mated']
 ['F118' '169.16484009655701' 'absent']
 ['F105' '181.72786432324992' 'absent']
 ['F105' '181.75101247139807' 'mated']
 ['F111' '181.97624232784585' 'mated']
 ['F180' '198.86326045369822' 'mated']
 ['F75' '205.66545620037363' 'mated']
 ['F196' '226.14565995805566' 'mated']
 ['F126' '231.49883325305933' 'mated']
 ['F32' '233.93885446183495' 'mated']
 ['F172' '280.8237958751352' 'mated']
 ['F166' '283.46031120798494' 'mated']
 ['F197' '284.6540091892819' 'mated']
 ['F82' '320.2268855511178' 'absent']
 ['F15' '326.0963095488334' 'mated']
 ['F49' '352.955719485236' 'absent']]",2000.0,1000.0,573.0,71.19922966675222,14.855745168748516,1645.0,276.60396944098073,59.16152083698957,83.0,12.253633532039089,2.5509223643830383,0.0,0.0,0.0,0.0,0.0,0.0
19,0.054,19,360.72607242674326,"[['20' '3.979198934644' 'present']
 ['14' '11.030576762093373' 'present']
 ['0' '12.08399831162589' 'present']
 ['9' '12.36085781274775' 'present']
 ['9' '12.384005960895898' 'present']
 ['9' '14.65513764328275' 'present']
 ['6' '18.03652064188316' 'present']
 ['6' '27.270786359934522' 'marauded']
 ['20' '30.837219288100865' 'presentdestroyed']
 ['6' '34.604664585331754' 'present']
 ['15' '38.167112620415196' 'marauded']
 ['7' '41.37290594577507' 'presentdestroyed']
 ['7' '42.9378894688343' 'presentdestroyed']
 ['2' '45.88233134885009' 'present']
 ['9' '49.53683866929062' 'present']
 ['9' '49.55998681743877' 'present']
 ['9' '56.45927314977512' 'present']
 ['7' '68.20115545615552' 'present']
 ['0' '68.87438042392714' 'present']
 ['6' '70.08605207047313' 'present']
 ['6' '71.94187007109012' 'present']
 ['20' '77.32534935595517' 'marauded']
 ['0' '78.93427764670228' 'presentdestroyed']
 ['7' '89.97564814351783' 'present']
 ['14' '90.58808492020775' 'present']
 ['3' '93.31512475484827' 'present']
 ['20' '102.18949579991384' 'present']
 ['7' '103.31422811185983' 'present']
 ['14' '104.69312621833471' 'present']
 ['0' '106.9209121033784' 'present']
 ['0' '111.8332118133558' 'marauded']
 ['9' '116.4040952488096' 'destroyed']
 ['3' '116.45409547437337' 'destroyed']
 ['6' '117.16941492524062' 'destroyed']
 ['0' '120.40406846375392' 'present']
 ['7' '122.36829790653313' 'present']
 ['15' '124.16097871156305' 'present']
 ['3' '125.88248415928742' 'present']
 ['7' '127.94243034006053' 'present']
 ['6' '135.49351087054728' 'present']
 ['0' '137.49483043149033' 'present']
 ['6' '147.32371496540745' 'present']
 ['15' '147.3559241182961' 'present']
 ['6' '148.7988345363632' 'present']
 ['14' '150.19585632407504' 'present']
 ['14' '161.5306166913362' 'present']
 ['0' '163.78266660474065' 'marauded']
 ['6' '164.45063266542314' 'presentdestroyed']
 ['15' '186.4266901394069' 'marauded']
 ['6' '192.1769157553124' 'presentdestroyed']
 ['0' '198.08619549863113' 'present']
 ['3' '204.61239076804884' 'present']
 ['6' '207.1531594123763' 'present']
 ['9' '214.81853936127143' 'present']
 ['14' '230.07271543681105' 'marauded']
 ['6' '230.31419380304715' 'presentdestroyed']
 ['7' '247.62552350375068' 'present']
 ['9' '249.39471854797023' 'marauded']
 ['6' '250.70027148414064' 'presentdestroyed']
 ['9' '254.0200068973165' 'destroyed']
 ['6' '260.62251322368473' 'present']
 ['0' '261.9838181748287' 'present']
 ['3' '275.5931489822574' 'present']
 ['14' '281.9741283155934' 'present']
 ['6' '293.4005490630255' 'present']
 ['9' '296.5453014454842' 'present']
 ['7' '301.11209349823935' 'present']
 ['7' '301.1448299232943' 'marauded']
 ['20' '310.86389512733734' 'present']
 ['15' '313.68153008600603' 'marauded']
 ['3' '316.0190865463626' 'presentdestroyed']
 ['14' '318.2988100949527' 'presentdestroyed']
 ['9' '319.16170327030187' 'presentdestroyed']
 ['20' '323.2084088399507' 'present']
 ['15' '325.78039544507186' 'present']
 ['14' '327.1001203395474' 'present']
 ['6' '329.63108042663987' 'present']
 ['9' '333.55173707515246' 'present']
 ['9' '335.7326851315464' 'marauded']
 ['6' '335.7433133934018' 'destroyed']
 ['9' '337.23838481902027' 'presentdestroyed']
 ['6' '339.3240435093761' 'destroyed']
 ['0' '341.7949233933029' 'destroyed']
 ['3' '347.64580646778904' 'present']
 ['14' '347.7370259651539' 'present']
 ['6' '355.3085910960039' 'marauded']]","[['F160' '81.50750211533597' 'destroyed']
 ['F84' '87.05601443807763' 'mated']
 ['F50' '98.7178278519532' 'mated']
 ['F80' '103.02596613356835' 'mated']
 ['F11' '107.44989724666337' 'mated']
 ['F29' '111.90927773519415' 'destroyed']
 ['F76' '129.0693197340155' 'mated']
 ['F73' '140.1933344555806' 'mated']
 ['F7' '172.72544281744462' 'mated']
 ['F177' '185.55376933804138' 'mated']
 ['F194' '194.1919366474971' 'mated']
 ['F188' '196.59175034761302' 'mated']
 ['F66' '207.6287348058919' 'mated']
 ['F100' '207.7762886128295' 'mated']
 ['F28' '211.41805927462997' 'mated']
 ['F52' '223.98701617155342' 'mated']
 ['F193' '230.64541105251635' 'destroyed']
 ['F209' '237.46258706026975' 'destroyed']
 ['F209' '237.50888335656606' 'destroyed']
 ['F201' '238.24130629512874' '']
 ['F18' '246.7812124207639' 'mated']
 ['F155' '251.1059346678178' 'destroyed']
 ['F34' '258.45154680792797' 'mated']
 ['F175' '262.82989911479956' 'mated']
 ['F155' '263.1522309641141' 'mated']
 ['F122' '268.46946670184315' 'mated']
 ['F55' '302.3999429618914' 'destroyed']
 ['F98' '318.9784443713554' 'destroyed']
 ['F167' '320.28533686445394' 'destroyed']]",2000.0,1500.0,567.0,70.84054174906431,15.883132382279246,1244.0,215.68146980883844,46.969025446202956,432.0,71.04726601370925,15.00878307705195,9.0,0.8999999999999999,0.09000000000000002,57.0,1.606940605591975,0.04715363511659808
20,0.054,5,359.9105064550644,"[['5' '11.100267276352266' 'marauded']
 ['19' '19.588993152481034' 'present']
 ['21' '20.77968015761576' 'present']
 ['5' '40.58328366131902' 'present']
 ['5' '47.52917252441448' 'present']
 ['15' '53.56219362897683' 'marauded']
 ['5' '57.11854738228739' 'presentdestroyed']
 ['5' '62.48631813249049' 'present']
 ['15' '65.0983943885549' 'marauded']
 ['1' '70.17507255850103' 'presentdestroyed']
 ['15' '73.43406628564708' 'present']
 ['5' '85.45708013795179' 'present']
 ['21' '86.80411747653052' 'marauded']
 ['21' '87.29304549691021' 'destroyed']
 ['5' '92.68098410648103' 'presentdestroyed']
 ['1' '103.29732669174172' 'present']
 ['15' '115.49491090227623' 'marauded']
 ['1' '126.76358129929334' 'present']
 ['5' '131.97617846989436' 'present']
 ['1' '141.3686042278466' 'present']
 ['1' '146.0954208780684' 'present']
 ['1' '171.5252554383035' 'marauded']
 ['1' '185.45174312083142' 'present']
 ['5' '197.1481021137631' 'present']
 ['1' '200.9742837401654' 'present']
 ['8' '201.54817359257984' 'present']
 ['19' '217.61596234037225' 'marauded']
 ['15' '221.01705534474013' 'presentdestroyed']
 ['5' '230.95756799080104' 'present']
 ['21' '232.02714110880692' 'present']
 ['1' '245.53393415984706' 'present']
 ['19' '245.597630127331' 'present']
 ['15' '254.19476892656598' 'marauded']
 ['19' '264.19882266155196' 'present']
 ['1' '264.9582401861232' 'present']
 ['1' '265.0452315058046' 'present']
 ['21' '266.04526020797545' 'marauded']
 ['15' '276.2500337771839' 'marauded']
 ['21' '293.95612561223584' 'present']
 ['5' '295.34308322902166' 'present']
 ['5' '296.7139142728538' 'present']
 ['5' '305.1537254731319' 'present']
 ['21' '308.3353893120079' 'present']
 ['1' '334.9809895901301' 'present']
 ['15' '350.4814302682292' 'present']
 ['15' '358.0428731439482' 'present']]","[['F117' '152.087079650723' 'mated']
 ['F83' '194.14301516863813' 'mated']
 ['F86' '209.62009501486244' 'absent']
 ['F70' '213.86418006241718' 'mated']
 ['F34' '258.4351785954005' 'destroyed']
 ['F167' '320.3084850126021' 'absent']
 ['F199' '324.304534645016' 'mated']
 ['F116' '356.1948535683369' 'mated']]",2500.0,0.0,569.0,68.70689835963142,14.069206834386295,1322.0,226.91450997656975,49.30478089544756,359.0,61.19096248922,13.01286936311897,10.0,0.9999999999999999,0.10000000000000003,81.0,2.2302955173543495,0.06537208504801091
21,0.054,7,359.7748214965197,"[['1' '22.590368039143506' 'present']
 ['5' '37.8666057367215' 'marauded']
 ['5' '39.040711872744076' 'presentdestroyed']
 ['12' '44.97462990885098' 'destroyed']
 ['9' '49.513690521142465' 'present']
 ['0' '52.11596546126525' 'present']
 ['16' '64.26130686214555' 'present']
 ['20' '64.69340566309938' 'present']
 ['5' '75.34784635319389' 'present']
 ['5' '76.68097340647633' 'marauded']
 ['0' '79.38285123512208' 'presentdestroyed']
 ['0' '81.34749473955054' 'destroyed']
 ['2' '81.49519750638818' 'presentdestroyed']
 ['5' '82.19191888557499' 'destroyed']
 ['9' '84.75539673368453' 'present']
 ['0' '89.53616364285867' 'present']
 ['9' '96.14886332778823' 'present']
 ['9' '108.5504372171202' 'present']
 ['7' '110.77477788679248' 'present']
 ['2' '118.1052895355635' 'present']
 ['5' '132.52727289797727' 'present']
 ['0' '137.51797857963848' 'marauded']
 ['0' '138.28204309394192' 'presentdestroyed']
 ['1' '157.0742077658975' 'present']
 ['5' '161.20070410554874' 'present']
 ['0' '161.6646983878474' 'present']
 ['0' '164.97739231782623' 'present']
 ['20' '171.34085023847652' 'marauded']
 ['7' '173.72530310034597' 'presentdestroyed']
 ['15' '176.29479608990997' 'presentdestroyed']
 ['0' '182.86534924001782' 'present']
 ['0' '199.91688771168106' 'present']
 ['2' '207.0711887248723' 'marauded']
 ['1' '207.69902179761863' 'presentdestroyed']
 ['19' '213.94981970784278' 'destroyed']
 ['5' '220.41859921990473' 'present']
 ['0' '225.0587246682502' 'present']
 ['0' '249.3233800478346' 'present']
 ['9' '255.8215865822095' 'present']
 ['2' '258.8409165161216' 'present']
 ['5' '262.34481134040766' 'present']
 ['9' '262.9162624961558' 'present']
 ['0' '285.14731785140737' 'marauded']
 ['5' '286.6161191831329' 'destroyed']
 ['16' '309.986691292885' 'marauded']
 ['9' '310.06817667913924' 'destroyed']
 ['2' '310.8379429301357' 'presentdestroyed']
 ['5' '312.99341672570404' 'presentdestroyed']
 ['1' '329.6332758865528' 'marauded']
 ['9' '337.2152366708721' 'destroyed']
 ['0' '345.9456999987214' 'marauded']]","[['F215' '58.833930515376494' 'mated']
 ['F202' '166.2672964560437' 'mated']
 ['F12' '180.27933067588498' 'mated']
 ['F65' '182.54671832703073' 'mated']
 ['F14' '185.98215527457887' 'mated']
 ['F115' '198.6918533236505' 'absent']
 ['F179' '210.96611309373918' 'destroyed']
 ['F43' '236.2548057209893' 'absent']
 ['F178' '242.44623501666442' 'mated']
 ['F98' '319.00159251950356' 'mated']
 ['F121' '336.0378856301009' 'destroyed']]",2500.0,500.0,575.0,74.63807949188694,17.060463200093952,1349.0,226.61658676787624,48.06053706549727,336.0,54.79535035128272,11.330629443339376,16.0,1.6000000000000003,0.1600000000000001,81.0,2.365589937655972,0.07716049382716048
22,0.0,11,360.03190337179694,"[['9' '12.10604581704692' 'present']
 ['14' '13.031207427931898' 'present']
 ['6' '23.013031909541034' 'present']
 ['6' '23.315272114793775' 'present']
 ['6' '23.531656182502545' 'marauded']
 ['6' '29.174852023624513' 'presentdestroyed']
 ['6' '29.469045154121698' 'presentdestroyed']
 ['7' '38.44387955209806' 'present']
 ['9' '50.25710352883298' 'marauded']
 ['6' '60.57402208071171' 'present']
 ['14' '64.36552300423747' 'present']
 ['14' '65.12132205614299' 'present']
 ['14' '86.34820373934876' 'present']
 ['9' '87.65096049844657' 'present']
 ['14' '91.52015361205602' 'marauded']
 ['14' '98.40545326127017' 'present']
 ['9' '109.9401908192275' 'marauded']
 ['9' '120.74990981329832' 'marauded']
 ['6' '121.06579517528714' 'presentdestroyed']
 ['9' '139.7151269841737' 'present']
 ['9' '143.36814731296792' 'present']
 ['9' '146.75170883651603' 'present']
 ['6' '153.4182667325444' 'present']
 ['6' '175.98978588418512' 'present']
 ['7' '177.26706357470152' 'marauded']
 ['9' '181.82208183832657' 'presentdestroyed']
 ['14' '184.05915071980252' 'present']
 ['9' '184.55013761664324' 'present']
 ['6' '191.42150308655312' 'present']
 ['6' '197.08162256153668' 'present']
 ['9' '209.76686227399506' 'present']
 ['9' '224.91755257681294' 'present']
 ['6' '225.87660461968198' 'present']
 ['6' '225.9093410447369' 'present']
 ['6' '249.62382335796622' 'marauded']
 ['14' '265.5314764972882' 'marauded']
 ['6' '275.7754251931606' 'present']
 ['9' '287.1710548266' 'present']
 ['9' '287.9156557922096' 'present']
 ['6' '296.6553189114381' 'marauded']
 ['6' '305.7096803201432' 'present']
 ['9' '310.0913248272874' 'present']
 ['6' '318.6821901019715' 'present']
 ['7' '321.97068263114494' 'present']
 ['6' '323.3741163388607' 'present']
 ['6' '324.48332510415514' 'present']
 ['9' '333.96283659100754' 'present']
 ['9' '340.98889837491845' 'present']
 ['9' '343.2378290503915' 'present']
 ['14' '348.13461674387463' 'present']]","[['F112' '4.613929165352729' 'absent']
 ['F67' '75.58158937164839' 'mated']
 ['F127' '136.88858348335495' 'mated']
 ['F101' '145.93695720489276' 'mated']
 ['F44' '163.98268674793508' 'mated']
 ['F143' '171.22280043163434' 'mated']
 ['F6' '203.7907867293153' 'mated']
 ['F128' '207.89979788378088' 'mated']
 ['F9' '223.7764392984354' 'mated']
 ['F170' '230.63682333671417' 'mated']
 ['F144' '260.5859199133244' 'mated']
 ['F165' '271.4112721437979' 'destroyed']
 ['F197' '284.6376409767544' 'absent']
 ['F41' '318.53760800650383' 'mated']]",2500.0,1000.0,562.0,73.06564344853935,15.159311405355117,1353.0,232.03318528887263,49.669022234818506,334.0,54.997173050445426,11.913158999209259,0.0,0.0,0.0,0.0,0.0,0.0
23,0.0,6,359.954819390299,"[['7' '16.900403247971173' 'present']
 ['10' '33.056931773167825' 'present']
 ['8' '40.268473680492136' 'present']
 ['7' '43.77555854785226' 'present']
 ['8' '54.58119223347839' 'present']
 ['2' '56.71529988816328' 'present']
 ['8' '57.60613637053' 'marauded']
 ['7' '68.52104727834465' 'present']
 ['8' '73.23929177992706' 'present']
 ['7' '96.7993774673605' 'present']
 ['10' '101.64752215618981' 'marauded']
 ['10' '127.75006377792717' 'present']
 ['8' '136.03052094736105' 'present']
 ['10' '149.40919234264916' 'present']
 ['10' '151.47114748654087' 'present']
 ['8' '163.14690931854705' 'present']
 ['10' '174.3475314075184' 'marauded']
 ['7' '181.86745676086485' 'presentdestroyed']
 ['7' '182.05459212882903' 'present']
 ['7' '182.128754686939' 'present']
 ['10' '193.60937931466046' 'present']
 ['8' '206.74294932243586' 'present']
 ['10' '216.1430312279965' 'present']
 ['7' '223.95660425934216' 'present']
 ['7' '259.0147483860321' 'present']
 ['7' '259.78947973744266' 'present']
 ['8' '273.679434338875' 'present']
 ['7' '294.46016889409646' 'present']
 ['7' '307.1770334077283' 'marauded']
 ['8' '317.809645093017' 'present']
 ['7' '357.82423650996975' 'present']]","[['F30' '118.8747141790596' 'mated']
 ['F154' '157.0914976661201' 'mated']
 ['F141' '161.34707100311883' 'absent']
 ['F105' '181.739438397324' 'destroyed']
 ['F126' '231.48725917898525' 'absent']
 ['F1' '234.8356732539333' 'mated']
 ['F182' '238.7565381493498' 'mated']
 ['F47' '241.27793782269353' 'mated']
 ['F82' '320.23845962519187' 'mated']]",2500.0,1500.0,555.0,70.56421792874785,14.609718313600313,1581.0,265.0081781773905,56.338773145137885,156.0,24.53813717434844,5.202628130769225,0.0,0.0,0.0,0.0,0.0,0.0
