random_seed = 884
out_title = 'res_884D_pmar=0.054_dist=100_repair_6_males=12_nmar=4.csv'
mar_ids ='np.random.permutation(males)[0:n_mar]'
t_max = 360
males = 12
F_per_M = 9
females = 108
female_visit_param = [90.0, 180.0, -2.0, 2.0]
dist = 100
bird_speed = 43200
FG_tau_mean = 0.4
FG_tau_std = 0.167
FG_tau_range = [0, 1]
FG_tau_norm_range = [-2.395209580838323, 3.5928143712574845]
FG_k = 1.5
FG_theta = 5
FG_divisor = 60
RBSB_tau_mean = 0.1583
RBSB_tau_std = 0.09755
RBSB_tau_norm_range = [-1.6227575602255253, 3.502819067145054]
damage_to_bower = 6
time_spent_marauding = 0.1
max_maraud = 0.054
n_mar = 4
improb_dist = 800
improb_sds = 2
