id,probability_maraud,successful_mating,next_foraging_time,mar_attempts,mate_attempts,x_pos,y_pos,foraging_events,foraging_hrs,foraging_sqhrs,staying_events,staying_hrs,staying_sqhrs,repairing_events,repairing_hrs,repairing_sqhrs,marauding_events,marauding_hrs,marauding_sqhrs,traveling_events,traveling_hrs,traveling_sqhrs
0,0.0,7,360.84452187089346,"[['20' '10.368129546507374' 'present']
 ['20' '15.129999270390462' 'present']
 ['20' '24.22448647443339' 'present']
 ['20' '65.39684993405577' 'present']
 ['20' '81.6462823067171' 'present']
 ['20' '89.133983631365' 'present']
 ['20' '94.57928483829444' 'present']
 ['20' '115.40665956063414' 'marauded']
 ['20' '130.47055077547864' 'present']
 ['20' '150.2589531743882' 'present']
 ['20' '174.37230220425297' 'present']
 ['20' '190.58849693219375' 'present']
 ['20' '210.13169512469344' 'present']
 ['20' '224.82900171430396' 'present']
 ['20' '250.5103872058875' 'marauded']
 ['20' '262.56417938288536' 'marauded']
 ['20' '296.552894239713' 'present']
 ['20' '296.5991905360093' 'present']
 ['20' '303.86855285865556' 'present']
 ['20' '309.54244312173915' 'present']
 ['20' '328.661359600845' 'present']
 ['20' '333.1093091110594' 'present']
 ['20' '349.0113103851939' 'present']]","[['F150' '179.16195935796998' 'mated']
 ['F86' '184.19393721453648' 'absent']
 ['F176' '186.77832883633042' 'mated']
 ['F24' '203.11414352652307' 'mated']
 ['F198' '238.62014468446878' 'mated']
 ['F144' '242.62108227979516' 'mated']
 ['F182' '243.58828925489047' 'absent']
 ['F18' '280.90908809205087' 'mated']
 ['F84' '297.4648651353797' 'mated']]",0.0,0.0,566.0,71.5190539191939,14.968251320012785,1583.0,270.09914870169143,58.09589983414888,114.0,18.477112364316227,3.7939770246317415,0.0,0.0,0.0,0.0,0.0,0.0
1,0.0,15,360.16425327722175,"[['20' '91.46398756776136' 'present']
 ['20' '234.7527376515759' 'present']]","[['F59' '39.03904810748509' 'mated']
 ['F118' '82.29471786645023' 'mated']
 ['F35' '87.02261183730127' 'mated']
 ['F109' '153.98055010193357' 'mated']
 ['F115' '159.94556146192247' 'mated']
 ['F111' '162.49673317171812' 'mated']
 ['F151' '183.83849593282466' 'mated']
 ['F25' '185.4786865423996' 'mated']
 ['F173' '186.12383810873152' 'mated']
 ['F77' '191.47157709876254' 'mated']
 ['F75' '219.94267868425868' 'mated']
 ['F134' '222.5487976012196' 'mated']
 ['F144' '242.597934131647' 'absent']
 ['F202' '266.7887399501574' 'mated']
 ['F106' '295.93377898370795' 'mated']
 ['F178' '313.32328120874496' 'mated']]",0.0,1000.0,571.0,67.92727945162511,14.295163026875361,1718.0,292.278274216586,62.17737190575161,0.0,0.0,0.0,0.0,0.0,0.0,0.0,0.0,0.0
2,0.0,10,360.04362644628725,[],"[['F22' '84.15093697865194' 'mated']
 ['F123' '86.54425846024344' 'mated']
 ['F9' '116.61434045909309' 'mated']
 ['F168' '148.9057048944678' 'mated']
 ['F11' '181.93076534279507' 'mated']
 ['F32' '229.61958487087745' 'absent']
 ['F205' '255.0101561835551' 'mated']
 ['F101' '267.70595424305174' 'mated']
 ['F126' '296.02275120895195' 'mated']
 ['F69' '303.1132535024318' 'mated']
 ['F120' '307.46230590078466' 'mated']]",0.0,2000.0,563.0,68.93238125952684,13.822545519958616,1731.0,291.2777134422912,62.83548143490043,0.0,0.0,0.0,0.0,0.0,0.0,0.0,0.0,0.0
3,0.0,2,360.1817466506712,"[['7' '6.015286004438535' 'present']
 ['7' '7.116201699900444' 'present']
 ['7' '45.48601037637464' 'marauded']
 ['7' '68.29661610518934' 'marauded']
 ['7' '79.4255781295811' 'marauded']
 ['7' '104.97680882780337' 'present']
 ['7' '113.95848899265732' 'present']
 ['7' '116.58440981696377' 'present']
 ['7' '174.28144230148277' 'marauded']
 ['7' '192.58225660754113' 'marauded']
 ['7' '222.1511259129497' 'marauded']
 ['7' '224.8532805191011' 'presentdestroyed']
 ['7' '243.14691064939194' 'present']
 ['7' '252.24165677150975' 'present']
 ['7' '256.03995086351273' 'present']
 ['7' '262.77005600408455' 'present']
 ['7' '267.1310082067079' 'marauded']
 ['7' '278.1088449718439' 'present']
 ['7' '299.1958356346054' 'marauded']
 ['7' '304.85705362135695' 'presentdestroyed']
 ['20' '312.4861147441862' 'present']
 ['7' '337.78719510894797' 'present']
 ['7' '359.5765024611054' 'marauded']]","[['F124' '30.707371964885905' 'absent']
 ['F124' '30.753668261182202' 'absent']
 ['F210' '145.97183910560975' 'mated']
 ['F42' '162.89476744036543' 'mated']
 ['F141' '177.2086840154768' 'destroyed']
 ['F24' '203.0909953783749' 'absent']
 ['F102' '218.73131262270573' 'absent']
 ['F102' '218.77760891900203' 'absent']
 ['F120' '307.4391577526365' '']]",0.0,3000.0,567.0,72.35928710369996,15.322628573177742,1425.0,238.64818019824094,51.14528114003329,311.0,49.11261835564436,10.391452241177639,0.0,0.0,0.0,0.0,0.0,0.0
4,0.0,7,360.1685845331465,"[['7' '9.153038528346707' 'present']
 ['7' '10.061742634692193' 'marauded']
 ['7' '13.84071747371549' 'presentdestroyed']
 ['7' '30.931953342980698' 'present']
 ['7' '39.24790374531482' 'marauded']
 ['7' '48.68442056357482' 'present']
 ['7' '66.9195353932328' 'present']
 ['7' '76.52389799991629' 'present']
 ['7' '104.45826867968773' 'marauded']
 ['7' '111.4731996642564' 'presentdestroyed']
 ['7' '118.9905056659922' 'present']
 ['7' '122.34135354045695' 'present']
 ['7' '133.39452187098084' 'marauded']
 ['7' '135.08042724559954' 'destroyed']
 ['7' '168.97774155189163' 'present']
 ['7' '171.4519187927734' 'present']
 ['7' '171.85030863718458' 'present']
 ['7' '183.03376632187505' 'present']
 ['7' '203.24820942689635' 'present']
 ['7' '203.57764553161616' 'present']
 ['7' '208.30978348277796' 'present']
 ['7' '232.99477030941893' 'marauded']
 ['7' '236.23730502992046' 'presentdestroyed']
 ['7' '266.4093374989392' 'present']
 ['7' '279.1013243267575' 'present']
 ['7' '284.046335434945' 'present']
 ['7' '300.20185932554386' 'present']
 ['7' '308.13483015942506' 'present']
 ['7' '311.49283620274474' 'present']
 ['7' '320.2302867379485' 'marauded']
 ['7' '321.6643637548323' 'presentdestroyed']]","[['F10' '12.759046662146257' 'destroyed']
 ['F99' '44.01418390122276' 'absentdestroyed']
 ['F145' '73.80512253789914' 'absent']
 ['F209' '115.6691047877755' 'mated']
 ['F31' '130.8887508482877' 'mated']
 ['F138' '165.91234237086445' 'mated']
 ['F86' '184.21708536268463' 'mated']
 ['F102' '230.82390521529834' 'mated']
 ['F94' '250.54115572701573' 'mated']
 ['F149' '284.822871179857' 'mated']
 ['F76' '301.99699771317734' 'absent']]",1000.0,0.0,548.0,73.62631067778636,17.1421183881249,1480.0,249.85145045973502,53.30591882300542,223.0,36.564112032583395,7.67563824436619,0.0,0.0,0.0,0.0,0.0,0.0
5,0.0,13,360.13420704295737,[],"[['F99' '44.0373320493709' 'mated']
 ['F62' '58.25073621373554' 'mated']
 ['F145' '73.82827068604729' 'mated']
 ['F50' '121.50426963856796' 'mated']
 ['F135' '123.90089420141027' 'mated']
 ['F129' '137.7056660945188' 'mated']
 ['F109' '153.95740195378542' 'absent']
 ['F115' '159.9224133137743' 'absent']
 ['F25' '185.45553839425145' 'absent']
 ['F134' '222.52564945307145' 'absent']
 ['F19' '227.72116534311814' 'mated']
 ['F14' '228.5520393389126' 'mated']
 ['F28' '244.1234565702407' 'mated']
 ['F57' '258.9295671948504' 'mated']
 ['F159' '298.96362323674543' 'mated']
 ['F185' '316.0583014825444' 'mated']
 ['F17' '321.43347569608017' 'mated']]",1000.0,1000.0,559.0,70.63701710895637,15.130810914711518,1738.0,289.5111296363876,61.87912577313791,0.0,0.0,0.0,0.0,0.0,0.0,0.0,0.0,0.0
6,0.0,8,360.437131922649,"[['7' '2.288478910624806' 'present']
 ['7' '49.84938989521687' 'marauded']
 ['7' '63.7038205670438' 'present']
 ['7' '71.49505376383024' 'present']
 ['7' '79.27362480616235' 'present']
 ['7' '79.31992110245865' 'present']
 ['7' '95.21318919151948' 'present']
 ['7' '124.51182193611359' 'present']
 ['7' '169.02403784818793' 'present']
 ['7' '193.5199653485606' 'marauded']
 ['7' '236.7120280476751' 'present']
 ['7' '246.28381039014593' 'marauded']
 ['7' '258.9478634232342' 'marauded']
 ['7' '282.52034374560935' 'marauded']
 ['7' '313.8725505389681' 'present']
 ['7' '333.60601783494604' 'marauded']]","[['F12' '90.39312021137158' 'mated']
 ['F9' '116.59119231094493' 'absent']
 ['F175' '143.95911749702924' 'mated']
 ['F80' '178.36111179500494' 'mated']
 ['F165' '207.47897309448823' 'mated']
 ['F134' '222.5025013049233' 'absent']
 ['F180' '229.4894365656511' 'mated']
 ['F122' '246.09557312990012' 'absent']
 ['F41' '261.98288032979036' 'destroyed']
 ['F30' '291.46796151956477' 'mated']
 ['F88' '311.5413457758122' 'mated']
 ['F6' '342.6621334229484' 'mated']]",1000.0,2000.0,562.0,70.65478787088563,14.613834750914895,1511.0,252.89783503416527,54.0174638958828,210.0,36.610601436134246,8.166503502153578,0.0,0.0,0.0,0.0,0.0,0.0
7,0.054,14,360.2975214422473,[],"[['F23' '113.30404436796859' 'mated']
 ['F45' '132.81403714308772' 'mated']
 ['F67' '160.29054860351468' 'mated']
 ['F193' '172.39950670248837' 'mated']
 ['F141' '177.23183216362494' 'mated']
 ['F102' '218.8007570671502' 'absent']
 ['F170' '220.46588608760229' 'mated']
 ['F116' '230.8027426282736' 'mated']
 ['F66' '236.56334938341254' 'mated']
 ['F122' '246.11872127804827' 'mated']
 ['F41' '262.0060284779385' 'mated']
 ['F87' '285.04554837565667' 'mated']
 ['F76' '302.0201458613255' 'mated']
 ['F143' '311.43860122987326' 'mated']
 ['F208' '352.55560128930654' 'mated']]",1000.0,3000.0,557.0,70.20923917437025,14.694410140360912,1695.0,283.0291860804215,61.0563348070864,0.0,0.0,0.0,25.0,2.500000000000001,0.25000000000000017,95.0,4.417324701961721,0.2057613168724276
8,0.0,10,360.2124848918557,[['7' '187.88464669456067' 'present']],"[['F10' '12.782194810294406' 'mated']
 ['F47' '41.68104951099672' 'mated']
 ['F62' '58.20443991743925' 'absent']
 ['F8' '69.62788016363447' 'mated']
 ['F127' '119.11610395585156' 'mated']
 ['F195' '153.1802693107854' 'mated']
 ['F130' '168.83836154476265' 'mated']
 ['F96' '179.19408837146048' 'mated']
 ['F197' '194.25019400915784' 'mated']
 ['F100' '215.6304250096174' 'absent']
 ['F200' '225.92983586545145' 'mated']
 ['F172' '303.3066695609905' 'mated']]",2000.0,0.0,574.0,69.94370371690515,14.079803803980104,1717.0,290.07301732312794,61.92046867238484,0.0,0.0,0.0,0.0,0.0,0.0,0.0,0.0,0.0
9,0.0,3,360.4261630788338,[],"[['F62' '58.2275880655874' 'absent']
 ['F161' '124.66039042780942' 'mated']
 ['F199' '200.97433014355693' 'mated']
 ['F100' '215.65357315776555' 'absent']
 ['F65' '226.7227172575286' 'mated']
 ['F48' '286.09110577408603' 'absent']]",2000.0,1000.0,568.0,68.17876299129843,12.900523783013426,1713.0,292.0182820696483,62.590798761601995,0.0,0.0,0.0,0.0,0.0,0.0,0.0,0.0,0.0
10,0.0,14,360.58847677291027,[],"[['F189' '36.09842190988652' 'mated']
 ['F56' '125.71929699582374' 'mated']
 ['F73' '142.91633631634488' 'mated']
 ['F133' '145.65369429198273' 'mated']
 ['F125' '148.40157946963916' 'mated']
 ['F89' '167.70862974337717' 'mated']
 ['F74' '199.93313880124077' 'mated']
 ['F199' '200.95118199540877' 'absent']
 ['F104' '201.227218514588' 'mated']
 ['F7' '220.52828528897282' 'mated']
 ['F83' '224.32078541410232' 'mated']
 ['F79' '231.38013823844994' 'mated']
 ['F78' '234.715751691158' 'mated']
 ['F157' '240.00952355373153' 'mated']
 ['F95' '258.0795322854364' 'mated']]",2000.0,2000.0,572.0,70.57365371904615,14.45175392504782,1685.0,289.4852774176699,63.42592429095047,0.0,0.0,0.0,0.0,0.0,0.0,0.0,0.0,0.0
11,0.0,13,360.11856441124206,"[['7' '8.880905323005898' 'present']
 ['7' '13.502441825263652' 'present']
 ['7' '24.050885471830817' 'present']
 ['7' '34.15345838610031' 'present']
 ['7' '57.3049386407921' 'present']
 ['7' '60.20630256767113' 'present']
 ['7' '61.042680123836014' 'marauded']
 ['7' '96.96979807003254' 'present']
 ['7' '146.4438824763184' 'present']
 ['7' '162.74934872054533' 'present']
 ['7' '171.8966049334809' 'present']
 ['7' '173.95445468936168' 'marauded']
 ['7' '181.04455217217773' 'presentdestroyed']
 ['7' '221.58227498189353' 'marauded']
 ['7' '224.26087594667447' 'presentdestroyed']
 ['7' '261.66667863383464' 'present']
 ['7' '261.87220441734223' 'present']
 ['7' '272.9855068557257' 'present']
 ['7' '274.17218976983804' 'present']
 ['7' '291.56926018907706' 'present']
 ['7' '296.6007323261493' 'present']
 ['7' '303.9232775399288' 'present']
 ['7' '315.73183785164537' 'present']
 ['7' '331.3257087404122' 'marauded']
 ['7' '344.8206647934818' 'present']]","[['F91' '34.628525686191175' 'mated']
 ['F5' '73.00974227872574' 'absent']
 ['F156' '77.60438777684048' 'mated']
 ['F40' '118.06815128606063' 'mated']
 ['F194' '128.06933243557478' 'mated']
 ['F183' '158.8258298629494' 'mated']
 ['F21' '159.21781321470837' 'mated']
 ['F177' '185.06010290361428' 'mated']
 ['F196' '185.9452562061763' 'mated']
 ['F158' '201.0053130587837' 'mated']
 ['F190' '201.86785980494585' 'mated']
 ['F53' '203.09933174253817' 'mated']
 ['F3' '209.70098764413092' 'mated']
 ['F79' '231.3569900903018' 'absent']
 ['F70' '322.8726939978191' 'mated']]",2000.0,3000.0,557.0,72.21691232596774,15.15531177159317,1526.0,263.43672290955107,57.01838706949395,148.0,24.401123954225834,5.0551270169669635,0.0,0.0,0.0,0.0,0.0,0.0
12,0.0,8,361.06948532077286,[],"[['F97' '66.05221196263146' 'mated']
 ['F171' '101.82967930416054' 'mated']
 ['F191' '108.7980500272702' 'mated']
 ['F58' '155.71944300243368' 'mated']
 ['F38' '157.45146903978303' 'mated']
 ['F71' '166.09781269385246' 'mated']
 ['F20' '222.45043358053195' 'mated']
 ['F112' '247.98917216668303' 'mated']]",3000.0,0.0,573.0,71.22664259012706,14.622474267372693,1663.0,289.12871706045087,63.40988542804401,0.0,0.0,0.0,0.0,0.0,0.0,0.0,0.0,0.0
13,0.0,8,360.21666136496,[],"[['F191' '108.77490187912204' 'absent']
 ['F61' '111.19044368720296' 'mated']
 ['F27' '130.94925358153637' 'mated']
 ['F89' '167.66233344708087' 'absent']
 ['F68' '188.70192879931702' 'mated']
 ['F37' '196.75077545059028' 'mated']
 ['F2' '213.4787968533497' 'mated']
 ['F100' '215.6767213059137' 'mated']
 ['F132' '283.578500832448' 'mated']
 ['F48' '286.1142539222342' 'mated']]",3000.0,1000.0,556.0,68.5441176051298,13.992805105055808,1702.0,291.6571873017737,63.14613007044285,0.0,0.0,0.0,0.0,0.0,0.0,0.0,0.0,0.0
14,0.0,11,360.1538279418915,"[['18' '13.663007774301608' 'present']
 ['18' '61.42539558477557' 'present']
 ['18' '64.7319457191044' 'present']
 ['18' '78.55652041763496' 'present']
 ['18' '115.92745933227913' 'present']
 ['18' '177.8623448283441' 'present']
 ['18' '185.12663534763075' 'marauded']
 ['18' '196.99287398439327' 'present']
 ['18' '212.1759796480912' 'marauded']
 ['18' '224.82880416188397' 'present']
 ['18' '228.971131080163' 'marauded']
 ['18' '239.57100293662086' 'present']
 ['18' '267.70680600989016' 'marauded']
 ['18' '273.21528143878174' 'destroyed']
 ['18' '273.44583343581917' 'presentdestroyed']
 ['18' '276.8230964656462' 'present']
 ['18' '278.23565827986585' 'present']
 ['18' '293.0579353432183' 'present']
 ['18' '308.73507089697137' 'present']
 ['18' '319.387759995178' 'present']
 ['18' '353.224345036131' 'present']
 ['18' '357.9350255853108' 'present']]","[['F33' '72.79288559400982' 'mated']
 ['F213' '96.94088053339244' 'mated']
 ['F92' '140.83901802296242' 'mated']
 ['F203' '157.97637904571812' 'mated']
 ['F89' '167.63918529893272' 'absent']
 ['F89' '167.68548159522902' 'absent']
 ['F214' '174.80230831316857' 'mated']
 ['F68' '188.67878065116886' 'destroyed']
 ['F157' '239.98637540558337' 'absent']
 ['F207' '243.25954525695894' 'mated']
 ['F85' '256.1035813028524' 'mated']
 ['F64' '277.1664222359169' 'mated']
 ['F160' '288.7613504028386' 'mated']
 ['F142' '300.6179455610195' 'mated']
 ['F192' '346.4690806249963' 'mated']]",3000.0,2000.0,580.0,68.62144561178854,13.27855406097116,1571.0,267.4831455440332,57.039269577075245,149.0,24.195768485050266,4.962266710976274,0.0,0.0,0.0,0.0,0.0,0.0
15,0.0,7,360.57621101283775,[],"[['F43' '69.31180320014009' 'mated']
 ['F5' '73.03289042687389' 'mated']
 ['F156' '77.58123962869233' 'absent']
 ['F128' '129.8797285447567' 'mated']
 ['F167' '134.15048739031056' 'absent']
 ['F166' '155.9831040944146' 'mated']
 ['F21' '159.19466506656022' 'absent']
 ['F206' '201.050129176091' 'mated']
 ['F114' '209.80759213208387' 'mated']
 ['F147' '262.7299893624293' 'mated']
 ['F70' '322.84954584967096' 'absent']]",3000.0,3000.0,550.0,69.62060242140224,14.69370469385859,1763.0,290.6699891880866,61.440710686030556,0.0,0.0,0.0,0.0,0.0,0.0,0.0,0.0,0.0
16,0.0,13,360.3139586029806,"[['20' '26.972297279418093' 'present']
 ['20' '29.04693797436733' 'present']
 ['20' '80.49791030071302' 'present']
 ['20' '93.66179017601019' 'present']
 ['20' '99.03923493599765' 'present']
 ['20' '134.83992781401034' 'marauded']
 ['20' '139.51833060873457' 'presentdestroyed']
 ['20' '159.10556875929237' 'present']
 ['20' '167.4703505440656' 'present']
 ['20' '176.48263635919537' 'present']
 ['20' '190.63479322849005' 'present']
 ['20' '195.98024793727527' 'present']
 ['20' '217.6824396381473' 'present']
 ['20' '245.93001695002968' 'present']
 ['20' '262.3766172748358' 'present']
 ['20' '266.1327204384215' 'present']
 ['20' '266.87171102970325' 'present']
 ['20' '291.67933187128517' 'present']
 ['20' '299.51103050031634' 'present']
 ['20' '320.3365544578279' 'present']
 ['20' '328.7076558971413' 'present']
 ['20' '337.87686199676403' 'present']
 ['20' '352.9517534758243' 'present']]","[['F113' '77.29204082082416' 'mated']
 ['F105' '100.51337588326956' 'mated']
 ['F1' '147.1178372804393' 'mated']
 ['F137' '151.68476658714053' 'mated']
 ['F121' '160.2931162395075' 'mated']
 ['F131' '168.2955343662693' 'mated']
 ['F44' '181.44784594589294' 'mated']
 ['F60' '204.71057879979264' 'mated']
 ['F184' '218.19470262933294' 'mated']
 ['F36' '221.14646434873617' 'mated']
 ['F20' '222.4272854323838' 'absent']
 ['F136' '272.6622616824769' 'mated']
 ['F169' '299.858820932215' 'mated']
 ['F0' '311.69892444282596' 'mated']]",4000.0,0.0,569.0,70.05544557849026,14.303280070038216,1654.0,284.2102456128123,60.83451043530545,34.0,6.0876797808136205,1.4043241953985741,0.0,0.0,0.0,0.0,0.0,0.0
17,0.0,5,360.13166870337756,"[['20' '20.156818701094778' 'present']
 ['18' '49.34279647701117' 'present']
 ['18' '73.02530092899799' 'present']
 ['18' '86.37284256776401' 'present']
 ['18' '107.78993628943525' 'present']
 ['18' '112.11008495741099' 'marauded']
 ['18' '121.39909586863666' 'present']
 ['18' '126.6955367329652' 'present']
 ['18' '127.25758920420306' 'present']
 ['18' '157.9755251861398' 'present']
 ['18' '160.36349570859713' 'present']
 ['18' '160.83946888889847' 'present']
 ['18' '164.94457432626663' 'marauded']
 ['18' '176.6207486642132' 'present']
 ['18' '184.4203795066745' 'present']
 ['18' '185.8445131384068' 'present']
 ['18' '189.17244812580014' 'present']
 ['18' '220.097958785741' 'present']
 ['18' '252.28644276572894' 'present']
 ['18' '262.68419819300647' 'present']
 ['18' '302.4434441038714' 'present']
 ['18' '323.41621652770243' 'present']
 ['18' '324.32271888535087' 'present']
 ['20' '339.2759964184506' 'marauded']]","[['F186' '55.99814967996486' 'mated']
 ['F15' '183.4489525423963' 'mated']
 ['F212' '190.04746826372306' 'mated']
 ['F188' '244.12960068028283' 'mated']
 ['F93' '258.28112999683873' 'absent']
 ['F119' '298.6040170634652' 'mated']]",4000.0,1000.0,570.0,71.4592979905882,14.59806908787419,1598.0,270.3144794264462,58.00436870466863,110.0,18.362156227141515,4.0266874723564,0.0,0.0,0.0,0.0,0.0,0.0
18,0.054,5,360.20277459008724,[],"[['F110' '46.71338507191011' 'mated']
 ['F215' '111.64912157182988' 'mated']
 ['F203' '157.90693460127366' 'absent']
 ['F203' '157.95323089756997' 'absent']
 ['F81' '210.5953402979579' 'absent']
 ['F81' '210.6416365942542' 'absent']
 ['F157' '239.96322725743522' 'absent']
 ['F188' '244.10645253213468' 'absent']
 ['F90' '246.14845268777339' 'mated']
 ['F154' '248.73171593411865' 'mated']
 ['F163' '252.1615684257093' 'mated']
 ['F155' '278.81444992218184' 'absent']]",4000.0,2000.0,561.0,70.19250734086941,14.111745668948688,1624.0,284.1246962336681,62.18221201550662,0.0,0.0,0.0,14.0,1.4000000000000001,0.14000000000000007,94.0,4.351851851851854,0.2014746227709187
19,0.0,7,360.13054617797894,"[['18' '4.218484866669062' 'marauded']
 ['18' '12.379304507346905' 'marauded']
 ['18' '23.632701138071475' 'present']
 ['18' '39.90909762245246' 'marauded']
 ['18' '65.25301891208375' 'present']
 ['18' '79.5967355646664' 'present']
 ['18' '109.64735798230173' 'present']
 ['18' '113.06596513635013' 'present']
 ['18' '119.08589260610256' 'present']
 ['18' '128.00881865530255' 'present']
 ['18' '130.84942581141232' 'present']
 ['18' '139.5285740248381' 'present']
 ['18' '141.2134170460089' 'present']
 ['18' '149.56958369222846' 'present']
 ['18' '152.7631684060888' 'present']
 ['18' '153.88424896761677' 'present']
 ['18' '156.6788954250401' 'present']
 ['18' '157.9292288898435' 'present']
 ['18' '177.7253248253915' 'present']
 ['18' '211.49308392080908' 'present']
 ['18' '265.0885064206359' 'present']
 ['18' '266.51868993057917' 'marauded']
 ['18' '272.14451047684656' 'presentdestroyed']
 ['18' '305.48593921336555' 'present']
 ['20' '330.7494581235946' 'present']]","[['F153' '32.0347633807631' 'mated']
 ['F156' '77.55809148054418' 'absent']
 ['F167' '134.1736355384587' 'mated']
 ['F139' '142.05638575051307' 'mated']
 ['F13' '146.76922368017867' 'mated']
 ['F82' '173.48718217069813' 'mated']
 ['F46' '178.7479639993543' 'mated']
 ['F81' '210.61848844610606' 'absent']
 ['F26' '241.5209827344343' 'mated']
 ['F154' '248.7085677859705' 'absent']]",4000.0,3000.0,562.0,68.1174433103074,14.063706749442032,1575.0,267.49294076143514,57.27708524110188,130.0,24.42767983106267,5.620767313453981,0.0,0.0,0.0,0.0,0.0,0.0
20,0.054,12,360.1791026130944,[],"[['F146' '18.90984929160612' 'mated']
 ['F140' '106.29121857944202' 'mated']
 ['F148' '115.82317444888385' 'mated']
 ['F52' '168.50123588303475' 'mated']
 ['F103' '200.0253427856056' 'mated']
 ['F49' '210.95779067773879' 'mated']
 ['F108' '212.67598652890615' 'mated']
 ['F187' '232.7009281775433' 'mated']
 ['F182' '243.61143740303862' 'mated']
 ['F117' '268.1289267067243' 'absent']
 ['F211' '286.85822455152834' 'mated']
 ['F72' '318.2345028823678' 'mated']
 ['F29' '329.6445490334361' 'mated']]",5000.0,0.0,577.0,70.97394649287546,13.82332184702517,1679.0,282.8659127608003,60.08899047975424,0.0,0.0,0.0,15.0,1.5000000000000002,0.15000000000000008,101.0,4.790985248807346,0.22933813443072662
21,0.0,7,360.51705445210655,"[['20' '29.65643015471459' 'present']
 ['20' '33.456561528079526' 'present']
 ['20' '75.5940802196482' 'present']
 ['20' '128.44456720237784' 'present']
 ['20' '149.2012124567435' 'present']
 ['20' '151.61445688015874' 'present']
 ['20' '198.3286616646123' 'present']
 ['20' '245.1499501861705' 'present']
 ['20' '245.68050559481787' 'present']
 ['20' '249.87011223864283' 'present']
 ['20' '254.81252826175998' 'present']
 ['20' '257.4593181865823' 'present']
 ['20' '268.2902726955429' 'marauded']
 ['20' '268.85148676439303' 'presentdestroyed']
 ['20' '293.4267671044686' 'present']
 ['20' '296.2193129111075' 'marauded']
 ['20' '314.59672538817176' 'marauded']
 ['20' '322.86825685753416' 'present']
 ['20' '341.23455664308557' 'present']]","[['F107' '48.176911359032026' 'mated']
 ['F4' '79.34092434650614' 'mated']
 ['F35' '86.99946368915312' 'absent']
 ['F51' '136.54571924890612' 'mated']
 ['F55' '160.5952725448235' 'mated']
 ['F93' '258.3042781449869' 'mated']
 ['F39' '264.23621529813784' 'mated']
 ['F155' '278.84718634723674' 'mated']]",5000.0,1000.0,565.0,73.63058580289334,16.928440502472117,1579.0,268.2304279622681,57.738696814260145,106.0,18.139704779685328,3.6938993246461522,0.0,0.0,0.0,0.0,0.0,0.0
22,0.0,6,360.21644113063667,"[['18' '16.56251870274846' 'present']
 ['18' '17.44470663241967' 'marauded']
 ['18' '31.861493601446075' 'present']
 ['18' '35.69452752972848' 'present']
 ['18' '41.79458364010198' 'present']
 ['18' '45.4658970514389' 'marauded']
 ['18' '125.69206148930232' 'present']
 ['18' '138.69081756855732' 'present']
 ['18' '146.93967176491952' 'present']
 ['18' '161.88634071645959' 'present']
 ['18' '169.32463391645214' 'present']
 ['18' '174.15140624464735' 'present']
 ['18' '182.5821982298736' 'present']
 ['18' '184.82350187947043' 'marauded']
 ['18' '215.61149395897993' 'present']
 ['18' '220.33157294904984' 'marauded']
 ['18' '222.65714875671364' 'destroyed']
 ['18' '250.88536807402977' 'present']
 ['18' '257.77809008763313' 'present']
 ['18' '259.2781629781706' 'present']
 ['18' '263.8503474073278' 'present']
 ['18' '308.3386112123961' 'present']
 ['18' '322.56190335245543' 'present']
 ['18' '323.15860784209855' 'present']
 ['18' '345.47079351816575' 'present']
 ['18' '357.639201415121' 'present']]","[['F124' '30.786404686237134' 'mated']
 ['F110' '46.690236923761965' 'destroyed']
 ['F174' '142.56989839309227' 'mated']
 ['F152' '144.56805108878999' 'mated']
 ['F203' '157.9300827494218' 'absent']
 ['F204' '162.2782409258211' 'mated']
 ['F179' '178.47108232584202' 'mated']
 ['F81' '210.66478474240236' 'absent']
 ['F201' '336.1375361821898' 'mated']]",5000.0,2000.0,555.0,72.30129936047348,15.912953161605568,1554.0,263.28021470114163,56.072371745449956,143.0,24.441640231745797,5.304341431747131,0.0,0.0,0.0,0.0,0.0,0.0
23,0.0,11,360.1908468148418,"[['20' '0.1683970548784563' 'present']
 ['20' '12.805555096127167' 'present']
 ['20' '37.050062996470864' 'marauded']
 ['20' '48.935476978848584' 'present']
 ['20' '51.99237113241308' 'present']
 ['20' '64.31241394627523' 'present']
 ['20' '76.61611028591263' 'marauded']
 ['20' '83.81002280843083' 'presentdestroyed']
 ['20' '89.0876873350687' 'present']
 ['20' '123.37733137695483' 'present']
 ['20' '137.25572365374234' 'present']
 ['20' '138.97266883577467' 'present']
 ['20' '148.76093500093464' 'present']
 ['20' '151.75670999914047' 'present']
 ['20' '160.67555195122924' 'present']
 ['20' '160.95447238816317' 'present']
 ['20' '163.55271500663' 'present']
 ['20' '174.22600590795668' 'marauded']
 ['20' '181.0147026223969' 'presentdestroyed']
 ['20' '196.02654423357157' 'present']
 ['20' '229.42166713619744' 'present']
 ['20' '234.6968530783728' 'present']
 ['20' '235.02535467559775' 'marauded']
 ['20' '247.39276216380756' 'present']
 ['20' '267.1620919876727' 'present']
 ['20' '295.0795658895097' 'present']
 ['20' '295.6297651674256' 'marauded']
 ['20' '315.2766151597383' 'present']
 ['20' '330.0772502045476' 'marauded']
 ['20' '353.61321612268284' 'marauded']]","[['F162' '16.14175942305621' 'mated']
 ['F124' '30.730520113034054' 'absent']
 ['F98' '101.28196685726444' 'mated']
 ['F140' '106.26807043129386' 'absent']
 ['F174' '142.54675024494412' 'absent']
 ['F141' '177.18553586732864' 'destroyed']
 ['F63' '197.67727541329683' 'mated']
 ['F16' '203.47421942955492' 'mated']
 ['F81' '210.6879328905505' 'mated']
 ['F102' '218.70816447455758' 'absent']
 ['F102' '218.75446077085388' 'absent']
 ['F20' '222.39454900732886' 'absent']
 ['F32' '229.65232129593238' 'mated']
 ['F181' '234.21408361820951' 'mated']
 ['F26' '241.49783458628616' 'absentdestroyed']
 ['F164' '243.69307613493146' 'mated']
 ['F34' '264.3312705640103' 'mated']
 ['F117' '268.15207485487247' 'mated']
 ['F211' '286.8350764033802' 'absent']
 ['F54' '311.77471423574394' 'mated']]",5000.0,3000.0,573.0,70.41625517865563,13.833910123910636,1497.0,247.6639044732603,52.0538722603702,243.0,41.933331390618534,8.97894813873707,0.0,0.0,0.0,0.0,0.0,0.0
