id,probability_maraud,successful_mating,next_foraging_time,mar_attempts,mate_attempts,x_pos,y_pos,foraging_events,foraging_hrs,foraging_sqhrs,staying_events,staying_hrs,staying_sqhrs,repairing_events,repairing_hrs,repairing_sqhrs,marauding_events,marauding_hrs,marauding_sqhrs,traveling_events,traveling_hrs,traveling_sqhrs
0,0.0,5,360.289751601977,"[['15' '6.99394310024727' 'marauded']
 ['20' '7.26672265994404' 'presentdestroyed']
 ['20' '7.426419890436192' 'presentdestroyed']
 ['4' '10.893626505286669' 'destroyed']
 ['4' '16.215711621875794' 'present']
 ['4' '25.694140205848207' 'present']
 ['4' '26.614954462742563' 'marauded']
 ['18' '33.15309216043925' 'presentdestroyed']
 ['20' '34.75831041437877' 'present']
 ['20' '38.10872262773621' 'present']
 ['19' '39.02335582096025' 'present']
 ['10' '43.71064894492502' 'present']
 ['10' '45.359712968299746' 'present']
 ['9' '51.87469637914873' 'present']
 ['10' '58.55038914009707' 'marauded']
 ['10' '62.112308614711296' 'presentdestroyed']
 ['20' '65.69945945963273' 'present']
 ['9' '76.99338325094853' 'present']
 ['9' '77.4583695146937' 'present']
 ['20' '93.03240445173792' 'present']
 ['12' '100.6840642803065' 'present']
 ['20' '108.30645943587137' 'present']
 ['20' '117.75475576899095' 'present']
 ['8' '118.71777797311047' 'present']
 ['20' '120.12296880371377' 'present']
 ['10' '123.56103703101945' 'present']
 ['4' '124.87406368798035' 'present']
 ['4' '126.95906773426337' 'present']
 ['9' '132.62655763989343' 'present']
 ['4' '133.33111057703613' 'marauded']
 ['20' '134.74563550011862' 'presentdestroyed']
 ['10' '139.16911929112678' 'presentdestroyed']
 ['5' '143.2965065507173' 'marauded']
 ['10' '143.42592319634875' 'destroyed']
 ['22' '145.24673908134483' 'presentdestroyed']
 ['20' '157.61794186430126' 'present']
 ['20' '162.76742972138445' 'present']
 ['10' '166.98483176630114' 'present']
 ['10' '172.93487971338962' 'present']
 ['20' '173.92163107493872' 'marauded']
 ['9' '175.74280547744027' 'presentdestroyed']
 ['9' '180.5857731531383' 'destroyed']
 ['9' '188.52267842909478' 'present']
 ['9' '189.84576283823847' 'present']
 ['20' '197.88682147861178' 'marauded']
 ['4' '206.99511518640048' 'present']
 ['10' '209.21617118869273' 'present']
 ['9' '209.89280115954372' 'present']
 ['15' '222.95462180457557' 'present']
 ['10' '224.92108314066132' 'present']
 ['4' '230.2628044392347' 'present']
 ['9' '232.3118015315986' 'marauded']
 ['4' '235.62479372445864' 'presentdestroyed']
 ['20' '236.92103691986037' 'presentdestroyed']
 ['9' '238.9149073117176' 'presentdestroyed']
 ['10' '239.5707927864678' 'present']
 ['10' '241.18438403610483' 'present']
 ['9' '247.96137854951448' 'present']
 ['20' '251.53750771274355' 'present']
 ['10' '259.1997515947447' 'present']
 ['10' '259.85551976887655' 'present']
 ['4' '263.8465856897447' 'present']
 ['20' '264.55908607121245' 'present']
 ['9' '266.22260022046515' 'present']
 ['10' '267.9741428301058' 'present']
 ['4' '270.288058932291' 'present']
 ['9' '276.0111599657637' 'present']
 ['9' '277.3796590893978' 'marauded']
 ['20' '280.3904990355716' 'presentdestroyed']
 ['20' '288.8891767623316' 'marauded']
 ['10' '289.3922615827405' 'presentdestroyed']
 ['20' '289.6164650257525' 'destroyed']
 ['4' '291.9862139483759' 'presentdestroyed']
 ['8' '293.4031411445606' 'destroyed']
 ['10' '294.4158326793334' 'presentdestroyed']
 ['10' '302.80744938401784' 'present']
 ['15' '303.1599749496958' 'present']
 ['15' '303.4057654703751' 'present']
 ['10' '303.6095506761586' 'present']
 ['10' '306.781740223649' 'present']
 ['10' '313.5253659929087' 'present']
 ['10' '315.6136424667267' 'marauded']
 ['10' '325.58045215887284' 'present']
 ['10' '327.52368674989583' 'marauded']
 ['10' '329.1372249764929' 'presentdestroyed']
 ['20' '334.3054275848087' 'present']
 ['9' '340.5948121693236' 'present']
 ['10' '341.9309372696797' 'present']
 ['15' '350.3717940826158' 'present']
 ['4' '356.3034926647193' 'present']
 ['4' '356.46966430355155' 'present']]","[['F201' '2.376642109668436' 'mated']
 ['F152' '2.5590725043210356' 'mated']
 ['F119' '33.71117610565173' 'absentdestroyed']
 ['F13' '129.0418954195795' 'absent']
 ['F108' '195.43047391125486' 'absent']
 ['F161' '215.59799527095763' 'mated']
 ['F209' '231.74937293540518' 'mated']
 ['F23' '275.4701887979192' 'mated']
 ['F149' '281.67195453449995' 'absentdestroyed']]",0.0,0.0,583.0,69.63140473585017,14.219572011326575,1271.0,216.8018535839984,46.715287852203325,433.0,73.61314350948867,15.62496859306863,0.0,0.0,0.0,0.0,0.0,0.0
1,0.054,10,360.0880280014884,"[['12' '17.19800257237179' 'present']
 ['19' '25.784251438976096' 'present']
 ['11' '26.30034755886446' 'present']
 ['9' '37.48815869670128' 'present']
 ['2' '64.75688749948759' 'marauded']
 ['11' '83.2904798791602' 'present']
 ['20' '87.3651370335584' 'present']
 ['12' '90.62763022541908' 'present']
 ['11' '94.52633570184034' 'present']
 ['9' '102.731156695451' 'marauded']
 ['11' '108.12875050982292' 'destroyed']
 ['11' '109.48796312942218' 'presentdestroyed']
 ['13' '112.83407905693979' 'present']
 ['13' '125.49956209983675' 'present']
 ['11' '155.78007799192503' 'present']
 ['11' '157.3727394406348' 'present']
 ['22' '185.17445880538017' 'present']
 ['11' '185.85490517615588' 'present']
 ['11' '193.71875515774295' 'present']
 ['13' '195.4609205709345' 'present']
 ['9' '208.4442909222934' 'present']
 ['11' '222.68336937169292' 'present']
 ['11' '240.7300392578449' 'present']
 ['11' '253.11272717342112' 'present']
 ['22' '265.03443064030967' 'marauded']
 ['12' '265.3675512287273' 'presentdestroyed']
 ['13' '272.90798039929354' 'presentdestroyed']
 ['11' '273.1462736160458' 'destroyed']
 ['13' '280.84559710555345' 'present']
 ['12' '295.8942506308971' 'present']
 ['11' '297.77921161504213' 'present']
 ['11' '298.3625420505614' 'marauded']
 ['12' '304.11867791872925' 'presentdestroyed']
 ['13' '306.0201208679392' 'destroyed']
 ['9' '311.7913126628145' 'present']
 ['20' '322.96927473709684' 'present']
 ['9' '324.45015046931985' 'present']
 ['13' '338.4659765548779' 'marauded']
 ['11' '342.0130054702079' 'presentdestroyed']
 ['12' '344.93407037986105' 'destroyed']
 ['11' '348.2001566835362' 'present']
 ['11' '350.3267225529597' 'present']
 ['13' '354.5800903725191' 'present']
 ['11' '355.01847003868994' 'present']
 ['13' '355.9774657716344' 'marauded']
 ['12' '357.7231285383193' 'presentdestroyed']]","[['F79' '83.57080436421309' 'mated']
 ['F180' '92.07325016276417' 'mated']
 ['F30' '110.25896644631835' 'destroyed']
 ['F69' '126.17237562469204' 'absent']
 ['F0' '146.83457231580363' 'mated']
 ['F51' '182.78360918562942' 'mated']
 ['F64' '183.8079425715828' 'mated']
 ['F202' '184.21723456133608' 'absent']
 ['F208' '218.77583509937173' 'mated']
 ['F113' '248.0928545008305' 'mated']
 ['F36' '250.7289775182695' 'mated']
 ['F131' '252.95656661684322' 'mated']
 ['F44' '290.71533356778815' 'mated']]",0.0,500.0,585.0,67.61488870700278,13.067065330302553,1515.0,255.0732318987909,54.68863911574587,195.0,34.035827323647155,7.351939868372383,11.0,1.0999999999999999,0.11000000000000004,74.0,2.3859331019461085,0.0851980452674897
2,0.054,10,360.16500254033497,"[['21' '0.011574074074074073' 'present']
 ['9' '3.491620734742605' 'present']
 ['8' '8.554997124760646' 'present']
 ['21' '15.083784070676169' 'present']
 ['18' '15.412438159908266' 'marauded']
 ['7' '19.213371504187688' 'presentdestroyed']
 ['21' '20.3956313503026' 'presentdestroyed']
 ['17' '26.72804613774132' 'present']
 ['13' '31.775095078290523' 'present']
 ['7' '32.83088645891017' 'present']
 ['8' '34.572929825789075' 'marauded']
 ['7' '34.7712237614799' 'presentdestroyed']
 ['17' '39.14384989688591' 'presentdestroyed']
 ['21' '49.53232060148724' 'marauded']
 ['3' '49.59032347287525' 'destroyed']
 ['14' '53.25676797219307' 'destroyed']
 ['21' '59.58390209304559' 'present']
 ['6' '68.14629178810513' 'present']
 ['17' '74.51221980774983' 'present']
 ['7' '77.2384418757692' 'present']
 ['6' '83.63633033975431' 'present']
 ['21' '89.2459166540854' 'present']
 ['13' '94.16679919701268' 'present']
 ['18' '94.29940558640756' 'present']
 ['8' '105.87107874735958' 'present']
 ['18' '111.00564322360157' 'present']
 ['14' '114.74726451429899' 'present']
 ['8' '117.64105728070616' 'present']
 ['7' '119.66543164060785' 'present']
 ['8' '132.95318524095558' 'present']
 ['21' '135.1750677133021' 'present']
 ['8' '137.8194711577397' 'present']
 ['8' '140.0509414173891' 'present']
 ['21' '140.36186775795355' 'present']
 ['3' '142.03203076950368' 'present']
 ['21' '153.57478636842148' 'marauded']
 ['17' '154.90956941844394' 'destroyed']
 ['17' '155.361202355723' 'presentdestroyed']
 ['17' '161.58254709213927' 'present']
 ['1' '166.37924468724455' 'present']
 ['21' '166.42482178142708' 'present']
 ['21' '169.98164610445585' 'present']
 ['21' '175.5076525671761' 'present']
 ['14' '176.51620976241145' 'present']
 ['21' '183.6760684690704' 'present']
 ['21' '185.43148366482876' 'present']
 ['14' '193.26963432769745' 'marauded']
 ['14' '193.9110144720668' 'presentdestroyed']
 ['21' '198.15932216950853' 'presentdestroyed']
 ['17' '200.62631858082958' 'presentdestroyed']
 ['18' '204.3000009273796' 'marauded']
 ['8' '213.71258443048526' 'present']
 ['7' '214.39700720030146' 'present']
 ['13' '214.87507927332902' 'marauded']
 ['14' '218.03250408561746' 'presentdestroyed']
 ['7' '221.9039596347629' 'presentdestroyed']
 ['7' '230.65555765380455' 'present']
 ['18' '236.0866471694984' 'present']
 ['7' '237.05013521670602' 'present']
 ['18' '237.0697373394834' 'present']
 ['5' '237.9649370466945' 'marauded']
 ['1' '240.97398212681097' 'presentdestroyed']
 ['1' '255.38815930487678' 'present']
 ['13' '257.14475185209034' 'present']
 ['14' '259.9875587680537' 'present']
 ['13' '262.1265547812771' 'present']
 ['13' '262.15929120633206' 'present']
 ['14' '262.2493000905705' 'present']
 ['21' '263.5866314792246' 'present']
 ['6' '264.8499465643438' 'present']
 ['7' '265.9464676042619' 'present']
 ['17' '274.4219183392373' 'present']
 ['18' '279.5895626384765' 'present']
 ['21' '282.1116124306337' 'marauded']
 ['14' '288.9952219624613' 'destroyed']
 ['6' '302.27312571700844' 'present']
 ['9' '304.90885447331124' 'present']
 ['17' '307.46556401080073' 'present']
 ['18' '307.9622693508772' 'marauded']
 ['8' '316.5441888429726' 'marauded']
 ['17' '321.69144637751896' 'presentdestroyed']
 ['21' '321.82526344854983' 'presentdestroyed']
 ['8' '322.0553568935344' 'destroyed']
 ['1' '322.8937347984608' 'presentdestroyed']
 ['8' '323.62598195291395' 'destroyed']
 ['1' '326.1820441806742' 'present']
 ['8' '328.07540979877894' 'present']
 ['21' '332.5456324220667' 'present']
 ['7' '343.3098678676367' 'present']
 ['21' '349.1549657536384' 'present']
 ['10' '358.92915314302235' 'present']]","[['F155' '32.83785324109928' 'mated']
 ['F16' '81.5019189827169' 'mated']
 ['F176' '88.66369275785347' 'mated']
 ['F187' '96.20902258825156' 'mated']
 ['F139' '107.60351549688043' 'mated']
 ['F70' '138.63508744831367' 'mated']
 ['F66' '152.32965970769555' 'mated']
 ['F51' '182.7461546951491' 'absent']
 ['F5' '187.1463888101578' 'mated']
 ['F99' '189.9384938932645' 'mated']
 ['F124' '193.9478617324296' 'destroyed']
 ['F179' '208.7314015798169' 'destroyed']
 ['F58' '230.51408523118647' 'mated']
 ['F82' '264.5557433175096' 'absent']
 ['F186' '321.1945795974113' 'absentdestroyed']
 ['F28' '332.1902241227075' 'absent']]",0.0,1000.0,560.0,71.40577328057005,15.880139790371516,1275.0,217.94473101845344,46.49869530696575,412.0,67.83607953511347,14.252415969855365,10.0,0.9999999999999999,0.10000000000000003,75.0,1.9515540691982693,0.054655349794238604
3,0.054,10,359.9730978721421,"[['19' '4.339179894829589' 'marauded']
 ['14' '7.227885056576915' 'destroyed']
 ['6' '8.876195670450262' 'presentdestroyed']
 ['14' '9.195175109499614' 'presentdestroyed']
 ['14' '9.218323257647763' 'presentdestroyed']
 ['14' '12.521735348839975' 'presentdestroyed']
 ['19' '19.721340285820038' 'present']
 ['6' '20.062751542366378' 'present']
 ['14' '23.061748753070653' 'present']
 ['14' '29.250132437029052' 'marauded']
 ['6' '29.633902984420313' 'presentdestroyed']
 ['6' '30.31971448091419' 'presentdestroyed']
 ['18' '32.604424987238986' 'presentdestroyed']
 ['14' '32.98730609929789' 'presentdestroyed']
 ['20' '33.533605678559' 'presentdestroyed']
 ['17' '35.76116788853633' 'destroyed']
 ['14' '37.39340476852246' 'present']
 ['19' '37.48765311161093' 'present']
 ['21' '37.86092222397311' 'present']
 ['14' '39.06562327489792' 'present']
 ['14' '40.81781402485848' 'present']
 ['19' '41.78223462818463' 'present']
 ['6' '43.46823077934473' 'present']
 ['6' '50.39657795922547' 'present']
 ['6' '51.21208490012018' 'present']
 ['14' '53.122045749970844' 'marauded']
 ['14' '53.73997475658281' 'presentdestroyed']
 ['6' '58.75979225888659' 'presentdestroyed']
 ['19' '63.65535440604849' 'marauded']
 ['19' '63.87655404948612' 'presentdestroyed']
 ['10' '64.8381819721971' 'presentdestroyed']
 ['6' '68.33875760808043' 'presentdestroyed']
 ['14' '68.59700188407962' 'destroyed']
 ['14' '73.57495230197337' 'present']
 ['14' '73.59810045012152' 'present']
 ['19' '82.25991619847454' 'present']
 ['14' '83.34370854549135' 'present']
 ['21' '84.23919723378698' 'present']
 ['6' '85.98302000472206' 'present']
 ['14' '88.25122491806586' 'present']
 ['21' '90.35561840734027' 'present']
 ['14' '91.81351458848867' 'present']
 ['21' '96.2652882262852' 'present']
 ['6' '96.7139593367323' 'present']
 ['6' '99.54684513710166' 'present']
 ['6' '100.60935762325684' 'present']
 ['19' '105.49650272443532' 'present']
 ['14' '109.77643527608166' 'marauded']
 ['20' '110.20516874057358' 'presentdestroyed']
 ['14' '113.41083319485968' 'presentdestroyed']
 ['19' '113.85198314211127' 'presentdestroyed']
 ['20' '114.78958672285263' 'presentdestroyed']
 ['14' '115.58288731730664' 'presentdestroyed']
 ['21' '116.20669331518614' 'presentdestroyed']
 ['6' '119.64580084008465' 'present']
 ['19' '125.38332730705723' 'present']
 ['8' '128.35572671745368' 'present']
 ['14' '134.52518459495747' 'present']
 ['21' '135.7160085185428' 'present']
 ['21' '139.49503784440427' 'present']
 ['19' '149.7153967545191' 'present']
 ['6' '150.8594181506959' 'marauded']
 ['14' '157.1103865889048' 'presentdestroyed']
 ['14' '157.13353473705294' 'presentdestroyed']
 ['14' '159.6024413074331' 'present']
 ['21' '159.60841629120654' 'present']
 ['6' '162.01878237870667' 'marauded']
 ['18' '164.8279174811163' 'destroyed']
 ['10' '173.18220046693858' 'marauded']
 ['14' '173.80084717964428' 'presentdestroyed']
 ['21' '175.53080071532426' 'presentdestroyed']
 ['14' '176.15606191245044' 'presentdestroyed']
 ['6' '177.09426880569083' 'presentdestroyed']
 ['2' '177.99651886971822' 'presentdestroyed']
 ['14' '179.06100479874897' 'presentdestroyed']
 ['14' '181.58832610309312' 'present']
 ['21' '182.7620182753766' 'marauded']
 ['6' '187.27051381199297' 'destroyed']
 ['6' '187.50684296131158' 'presentdestroyed']
 ['6' '190.86980145701966' 'present']
 ['21' '191.26557789908784' 'marauded']
 ['18' '191.33158116129079' 'destroyed']
 ['14' '194.0856595513699' 'destroyed']
 ['14' '204.76821520721487' 'present']
 ['14' '205.83829020341884' 'present']
 ['21' '206.91778093082314' 'present']
 ['14' '209.81639627250772' 'marauded']
 ['6' '211.0092720676682' 'presentdestroyed']
 ['14' '215.3615141108585' 'presentdestroyed']
 ['6' '216.57136239692676' 'presentdestroyed']
 ['21' '217.47127593098887' 'present']
 ['14' '218.0672263078397' 'present']
 ['14' '218.55999932497758' 'present']
 ['6' '223.3679109840756' 'marauded']
 ['14' '226.05918112439488' 'presentdestroyed']
 ['6' '226.64454933125006' 'presentdestroyed']
 ['14' '227.8352702720708' 'presentdestroyed']
 ['14' '229.6998834674205' 'presentdestroyed']
 ['19' '230.15433713365047' 'presentdestroyed']
 ['14' '232.6310808718317' 'present']
 ['14' '233.85018087738376' 'present']
 ['21' '236.86168640969564' 'present']
 ['19' '237.65333096137186' 'present']
 ['6' '237.91068439039233' 'present']
 ['6' '237.99812300877485' 'present']
 ['6' '238.30567750980947' 'present']
 ['14' '243.04739624379621' 'present']
 ['14' '245.31319858528042' 'present']
 ['21' '249.92859222579537' 'present']
 ['21' '254.59118384616934' 'present']
 ['14' '260.02228099027593' 'present']
 ['21' '263.886993258795' 'present']
 ['14' '264.38647648645826' 'present']
 ['19' '268.2328716253654' 'present']
 ['6' '277.62997643718876' 'present']
 ['14' '279.0955413886891' 'marauded']
 ['14' '280.88198672708353' 'presentdestroyed']
 ['19' '281.5181625585562' 'destroyed']
 ['21' '283.3125371373697' 'presentdestroyed']
 ['19' '287.5049267120291' 'marauded']
 ['14' '287.6446219275594' 'presentdestroyed']
 ['14' '287.7963675032211' 'presentdestroyed']
 ['21' '290.9417360309852' 'presentdestroyed']
 ['14' '291.52479638372415' 'presentdestroyed']
 ['19' '294.844427961246' 'present']
 ['14' '297.97992244807756' 'present']
 ['14' '304.8718301004959' 'present']
 ['14' '305.45418308296274' 'present']
 ['14' '307.88227012048594' 'marauded']
 ['14' '309.6057377008912' 'destroyed']
 ['14' '311.19836265557507' 'presentdestroyed']
 ['14' '315.82666785660535' 'present']
 ['21' '323.3960295737613' 'present']
 ['14' '325.8337483303023' 'present']
 ['14' '329.0001027888009' 'present']
 ['14' '329.2668850896857' 'present']
 ['19' '329.9550500899159' 'marauded']
 ['14' '339.6395692914189' 'present']
 ['6' '340.0572054437851' 'marauded']
 ['14' '342.1170218204051' 'destroyed']
 ['14' '342.8748011799967' 'presentdestroyed']
 ['14' '344.28370914046997' 'presentdestroyed']
 ['6' '344.3960474644008' 'presentdestroyed']
 ['14' '344.6329716560551' 'presentdestroyed']
 ['14' '349.7262793122253' 'present']
 ['14' '354.4574503657423' 'present']
 ['6' '358.6796487583777' 'present']
 ['14' '359.09047149175206' 'present']
 ['14' '359.1136196399002' 'present']]","[['F42' '36.55052364402726' 'destroyed']
 ['F25' '51.86124898163277' 'mated']
 ['F43' '93.16477949710101' 'absent']
 ['F43' '93.18792764524916' 'absent']
 ['F63' '98.72996776035579' 'mated']
 ['F213' '106.64868640210028' 'absent']
 ['F39' '135.21900306348076' 'absent']
 ['F116' '147.43992639040462' 'absent']
 ['F47' '151.2252386007945' 'destroyed']
 ['F188' '152.699444104721' 'absentdestroyed']
 ['F196' '159.45993309920078' 'mated']
 ['F182' '161.4857073577568' 'mated']
 ['F192' '172.65901975281952' 'mated']
 ['F22' '174.09030160034192' 'absentdestroyed']
 ['F2' '177.60796056815056' 'destroyed']
 ['F214' '187.3992883347187' 'destroyed']
 ['F77' '187.4928337947536' 'destroyed']
 ['F19' '189.28615361470054' 'absentdestroyed']
 ['F33' '193.00034635138678' 'destroyed']
 ['F181' '198.0818369310869' 'destroyed']
 ['F170' '212.5590391405832' 'destroyed']
 ['F190' '244.32254221264708' 'mated']
 ['F97' '247.95255171326193' 'mated']
 ['F113' '248.03018999200674' 'absent']
 ['F197' '248.76851424928213' 'mated']
 ['F138' '251.23219801171751' 'mated']
 ['F164' '255.56801517683095' 'mated']
 ['F125' '333.01344796961047' 'destroyed']]",0.0,1500.0,573.0,69.91060787696686,13.581411985449225,1107.0,183.71338779137326,38.698343925668595,595.0,103.7910983729148,22.623554787961524,10.0,0.9999999999999999,0.10000000000000003,61.0,1.7569835472045672,0.05679869684499309
4,0.054,4,360.05744536122955,"[['6' '13.835003651330638' 'present']
 ['9' '15.901394655616386' 'present']
 ['15' '19.696265965336796' 'present']
 ['7' '20.10104120478966' 'present']
 ['9' '35.1188864744663' 'present']
 ['7' '45.189112293853626' 'marauded']
 ['9' '48.0046488777125' 'destroyed']
 ['6' '49.95278864210071' 'destroyed']
 ['7' '55.094015867627064' 'marauded']
 ['9' '57.51991069300972' 'presentdestroyed']
 ['9' '62.99085341638708' 'present']
 ['17' '70.47558136121884' 'present']
 ['7' '83.80812921076989' 'marauded']
 ['6' '84.92248935187516' 'presentdestroyed']
 ['6' '89.63637302449607' 'destroyed']
 ['5' '93.12100050672001' 'present']
 ['17' '93.98809410596769' 'present']
 ['13' '94.45862574004951' 'present']
 ['21' '95.18416671412257' 'present']
 ['9' '100.42496346321084' 'present']
 ['6' '102.73574497919563' 'present']
 ['6' '108.02908027622036' 'marauded']
 ['6' '109.47714208948574' 'presentdestroyed']
 ['6' '109.50987851454067' 'presentdestroyed']
 ['9' '109.85471449493919' 'destroyed']
 ['6' '117.50747767439418' 'present']
 ['9' '118.48777995243391' 'present']
 ['17' '119.68466786309264' 'present']
 ['13' '133.71588939948973' 'present']
 ['7' '137.00772248689435' 'present']
 ['17' '140.3070566537389' 'present']
 ['9' '148.309489072703' 'present']
 ['6' '150.0666513926013' 'present']
 ['17' '156.31231764917194' 'present']
 ['20' '165.63780652025656' 'present']
 ['15' '172.90321113677206' 'present']
 ['6' '172.97637700808778' 'present']
 ['17' '174.28211905609396' 'present']
 ['9' '180.55303672808338' 'present']
 ['9' '186.14218195183153' 'present']
 ['15' '187.68554600745827' 'present']
 ['6' '196.35180489970682' 'marauded']
 ['13' '197.92720936948336' 'presentdestroyed']
 ['15' '206.28174270178732' 'present']
 ['6' '209.34230896763748' 'present']
 ['15' '220.59760359728065' 'present']
 ['6' '224.77101040749173' 'present']
 ['9' '233.9785497467961' 'present']
 ['6' '247.40894035668742' 'present']
 ['17' '258.5580264124832' 'present']
 ['9' '261.7090658737894' 'present']
 ['9' '269.0512955837022' 'present']
 ['15' '271.9679489161953' 'present']
 ['8' '276.48896979940247' 'marauded']
 ['6' '280.55532403693013' 'destroyed']
 ['15' '296.93183463031437' 'present']
 ['6' '301.77412027694606' 'marauded']
 ['13' '314.1784063723157' 'present']
 ['7' '320.476756309695' 'present']
 ['9' '324.9279647969852' 'marauded']
 ['9' '326.89571311103265' 'presentdestroyed']
 ['9' '327.8394500814813' 'destroyed']
 ['15' '331.89010461529256' 'presentdestroyed']
 ['6' '335.92612852318433' 'present']
 ['9' '342.71745691970216' 'present']
 ['9' '347.37773413326966' 'marauded']]","[['F195' '28.83449593575497' 'absent']
 ['F119' '33.72275017972581' 'absent']
 ['F40' '127.40084582923225' 'mated']
 ['F39' '147.27687343385114' 'mated']
 ['F87' '155.69987545949272' 'mated']
 ['F37' '194.08132584880966' 'absent']
 ['F94' '231.35422457179797' 'mated']
 ['F158' '276.71753862453784' 'destroyed']]",500.0,0.0,563.0,72.4214567433953,15.130102109950608,1360.0,230.36010287328008,49.38049351310063,312.0,54.775134071899174,11.991923572108888,8.0,0.7999999999999999,0.08000000000000002,63.0,1.732951041098826,0.05090449245541835
5,0.054,3,360.4424994756079,"[['19' '24.455234546114387' 'present']
 ['21' '39.78654723527002' 'present']
 ['7' '39.97662724802373' 'present']
 ['19' '40.29088650747504' 'present']
 ['17' '40.994436807150045' 'present']
 ['7' '41.937383841504364' 'present']
 ['21' '45.51991534417251' 'present']
 ['19' '55.95804674088737' 'marauded']
 ['2' '67.06478333696697' 'present']
 ['20' '69.38659723524462' 'marauded']
 ['7' '76.32275282739897' 'destroyed']
 ['7' '82.4233267023547' 'marauded']
 ['7' '85.20831062324292' 'presentdestroyed']
 ['17' '87.23874066314578' 'destroyed']
 ['17' '89.32252066366321' 'presentdestroyed']
 ['19' '91.47650111449664' 'present']
 ['21' '95.14465035344695' 'present']
 ['17' '102.18237452626035' 'marauded']
 ['7' '102.26824249681776' 'presentdestroyed']
 ['19' '102.60631111318888' 'presentdestroyed']
 ['21' '112.36215285400581' 'marauded']
 ['19' '125.36017915890908' 'present']
 ['21' '126.34577414275222' 'present']
 ['7' '128.8860112279817' 'present']
 ['17' '134.16341621688034' 'present']
 ['12' '145.09826187549226' 'marauded']
 ['21' '153.01213302252313' 'present']
 ['7' '154.96436902259438' 'present']
 ['19' '157.75418487318478' 'present']
 ['21' '169.85135654900915' 'marauded']
 ['7' '171.67336924997477' 'presentdestroyed']
 ['17' '175.66914227979456' 'presentdestroyed']
 ['7' '179.3360429473267' 'marauded']
 ['17' '187.7568836816051' 'present']
 ['8' '193.33233674782318' 'present']
 ['21' '199.01519151300877' 'present']
 ['21' '211.1741060055189' 'marauded']
 ['19' '215.29449256847263' 'presentdestroyed']
 ['21' '226.12885477472807' 'present']
 ['7' '240.34092917703785' 'present']
 ['12' '251.88296665682276' 'present']
 ['19' '254.38513507331757' 'present']
 ['21' '255.81704577828057' 'marauded']
 ['21' '261.9183607446813' 'presentdestroyed']
 ['4' '264.6447348789024' 'marauded']
 ['19' '271.96684419043004' 'presentdestroyed']
 ['19' '277.54821587697614' 'present']
 ['19' '277.7196364242655' 'present']
 ['7' '278.0916009506721' 'present']
 ['20' '296.2660668628891' 'present']
 ['19' '302.11933153433796' 'present']
 ['19' '306.0461520158813' 'marauded']
 ['19' '306.4448241042952' 'destroyed']
 ['17' '315.1534278402632' 'present']
 ['7' '325.03221498286706' 'present']
 ['21' '330.24997986533316' 'present']
 ['6' '340.48470298293097' 'present']
 ['17' '355.97602251820933' 'present']]","[['F127' '48.200562371951804' 'mated']
 ['F59' '115.71976916893254' 'destroyed']
 ['F45' '127.75272706859687' 'mated']
 ['F198' '242.69239160065965' 'mated']
 ['F137' '257.00843117367896' 'destroyed']
 ['F82' '264.5816237339159' 'absent']
 ['F17' '337.20143562837194' 'absent']]",500.0,500.0,568.0,70.02173222138731,14.413399554735793,1266.0,213.89255357836112,46.37175724572899,412.0,73.03628298024057,16.390511345619146,11.0,1.0999999999999999,0.11000000000000004,81.0,2.17926689644344,0.06430041152263369
6,0.054,8,360.41955005068786,"[['5' '24.28584062797846' 'present']
 ['4' '32.717068888218485' 'present']
 ['3' '45.11891043482904' 'present']
 ['13' '58.47778415063471' 'present']
 ['4' '80.2951783811712' 'present']
 ['14' '82.17268613721912' 'present']
 ['12' '113.17907116291417' 'present']
 ['3' '130.05070383005153' 'marauded']
 ['14' '135.766027579549' 'presentdestroyed']
 ['3' '136.45705063431984' 'presentdestroyed']
 ['4' '183.07934017739817' 'present']
 ['10' '197.45231829134582' 'marauded']
 ['13' '202.25138513270986' 'presentdestroyed']
 ['3' '204.81166694564385' 'presentdestroyed']
 ['14' '211.12452574920877' 'present']
 ['12' '238.5136340992789' 'present']
 ['14' '268.8546481896785' 'marauded']
 ['13' '273.30968271797076' 'presentdestroyed']
 ['4' '274.3925751797375' 'presentdestroyed']
 ['3' '303.70003293922576' 'marauded']
 ['13' '313.1386974403348' 'present']
 ['3' '320.14164580911637' 'present']
 ['3' '324.6573136937029' 'marauded']
 ['3' '349.5947760559819' 'present']
 ['5' '350.2996095175028' 'present']
 ['3' '353.3215359124758' 'present']
 ['10' '354.1820630259989' 'present']]","[['F59' '115.7456495853388' 'mated']
 ['F24' '133.22334666369935' 'destroyed']
 ['F47' '151.2368126748686' 'mated']
 ['F162' '168.33901554561203' 'mated']
 ['F33' '193.01192042546086' 'mated']
 ['F181' '198.093411005161' 'destroyed']
 ['F11' '206.51473565314046' 'mated']
 ['F170' '212.57061321465727' 'mated']
 ['F34' '215.96680988382437' 'mated']
 ['F97' '247.94097763918785' 'absent']
 ['F62' '251.38160579124187' 'mated']]",500.0,1000.0,561.0,67.92897547577633,14.236766323941051,1512.0,257.7221483919992,55.92861990421827,184.0,30.50613335294082,6.425518596651077,11.0,1.0999999999999999,0.11000000000000004,84.0,2.748715369801597,0.09805812757201642
7,0.054,9,360.6070292315831,"[['5' '0.6479350294794556' 'marauded']
 ['5' '11.792052660263074' 'present']
 ['5' '14.712452496551101' 'present']
 ['4' '19.273578138682115' 'present']
 ['15' '26.712262459172994' 'present']
 ['10' '28.23266570432671' 'present']
 ['13' '36.918117901563335' 'present']
 ['2' '43.238445241659356' 'present']
 ['13' '55.1540691889003' 'marauded']
 ['5' '66.8595517135448' 'marauded']
 ['5' '78.22714114488882' 'present']
 ['10' '86.98306779369014' 'present']
 ['10' '92.07907209073106' 'present']
 ['20' '92.72143047678864' 'present']
 ['4' '99.84869891642614' 'present']
 ['2' '106.41965012896534' 'present']
 ['2' '114.6549441781045' 'present']
 ['10' '117.93340126835146' 'present']
 ['2' '125.53365350214015' 'present']
 ['5' '133.9612882553722' 'present']
 ['5' '135.41331611942658' 'present']
 ['4' '138.91176857296028' 'present']
 ['5' '139.0786575302571' 'present']
 ['5' '144.34205183580937' 'present']
 ['13' '149.07866517453752' 'present']
 ['5' '155.3621775135918' 'present']
 ['13' '159.55426908142826' 'present']
 ['10' '163.03017084842338' 'marauded']
 ['5' '166.33517693509734' 'presentdestroyed']
 ['2' '171.72001439456454' 'present']
 ['20' '174.17162208840372' 'present']
 ['15' '183.63306427582705' 'present']
 ['10' '183.79884832865642' 'marauded']
 ['10' '184.7338534148317' 'destroyed']
 ['20' '190.25611316296772' 'presentdestroyed']
 ['10' '200.33412674873549' 'present']
 ['4' '204.52170313979792' 'marauded']
 ['10' '233.16931832021467' 'present']
 ['5' '242.36622943907682' 'marauded']
 ['20' '242.90659887941263' 'destroyed']
 ['5' '245.0405245192351' 'presentdestroyed']
 ['2' '245.7852074643079' 'presentdestroyed']
 ['5' '246.37045429887272' 'presentdestroyed']
 ['5' '247.1339960462809' 'presentdestroyed']
 ['20' '250.7586094002348' 'present']
 ['2' '253.25202845197376' 'present']
 ['5' '255.79373165978515' 'marauded']
 ['15' '256.2821317680531' 'presentdestroyed']
 ['2' '271.8694977769845' 'present']
 ['5' '292.9901859702879' 'present']
 ['2' '305.35758038340435' 'marauded']
 ['20' '310.2287593308614' 'presentdestroyed']
 ['20' '321.63472926219123' 'present']
 ['5' '324.81921767371983' 'present']
 ['2' '325.02089603624137' 'marauded']
 ['2' '326.79642746268456' 'presentdestroyed']
 ['2' '330.3492946113038' 'presentdestroyed']
 ['5' '331.82451280483093' 'presentdestroyed']
 ['5' '333.13990286491395' 'marauded']
 ['2' '333.9778339150983' 'presentdestroyed']
 ['10' '336.82409564876104' 'destroyed']
 ['10' '351.37781554480074' 'present']
 ['20' '351.73529524229184' 'present']
 ['5' '353.8403390645166' 'present']
 ['2' '355.3792149787605' 'present']
 ['4' '356.2755503781177' 'present']
 ['5' '359.4857902188638' 'present']]","[['F80' '82.06071623544575' 'absent']
 ['F144' '92.47381804396126' 'mated']
 ['F145' '124.60508318381322' 'absent']
 ['F162' '168.3042933233898' 'destroyed']
 ['F189' '169.15508513358608' 'destroyed']
 ['F132' '182.55874511936756' 'mated']
 ['F124' '193.95943580650368' 'absent']
 ['F147' '198.67043309582937' 'mated']
 ['F154' '210.2151413460395' 'destroyed']
 ['F129' '216.9639184906043' 'mated']
 ['F143' '227.23105755429697' 'mated']
 ['F26' '230.40532376700068' 'mated']
 ['F58' '230.47936300896424' 'absent']
 ['F52' '230.6865757004237' 'mated']
 ['F82' '264.59319780798995' 'mated']
 ['F158' '276.7339068370653' 'mated']
 ['F156' '307.4040359528034' 'destroyed']
 ['F17' '337.18986155429786' 'destroyed']]",500.0,1500.0,571.0,71.97630208202975,15.26974203686087,1276.0,218.4064930967913,47.06590029404048,412.0,66.5904752552318,13.869134957850424,10.0,0.9999999999999999,0.10000000000000003,77.0,2.106763734000457,0.0600137174211248
8,0.054,9,360.6098328784035,"[['13' '0.17595850345756814' 'present']
 ['2' '0.6997137805475214' 'present']
 ['20' '2.21230800157199' 'present']
 ['2' '3.4250301018905627' 'present']
 ['12' '3.4506568617621216' 'present']
 ['2' '10.17643653050832' 'present']
 ['2' '11.9585344125023' 'present']
 ['2' '12.693946416047043' 'marauded']
 ['2' '25.18392261653332' 'present']
 ['12' '26.5708184052111' 'marauded']
 ['13' '29.11215868197045' 'destroyed']
 ['20' '32.86247643369382' 'destroyed']
 ['12' '41.65244151724232' 'present']
 ['12' '61.88626324252168' 'present']
 ['22' '62.20002244238713' 'present']
 ['12' '63.2560782770143' 'present']
 ['13' '72.38240862035954' 'present']
 ['2' '89.34364199531585' 'present']
 ['2' '92.39026571299841' 'present']
 ['22' '110.00026862884057' 'marauded']
 ['13' '114.23522761724472' 'presentdestroyed']
 ['3' '127.21481296691701' 'present']
 ['22' '131.19245561240402' 'present']
 ['2' '140.8214850027787' 'present']
 ['12' '141.29819438664504' 'present']
 ['12' '141.52788002818454' 'present']
 ['22' '146.30641849194376' 'present']
 ['12' '146.6387019039398' 'marauded']
 ['22' '149.71801855552144' 'presentdestroyed']
 ['12' '154.71100526513328' 'present']
 ['13' '154.79009093439367' 'marauded']
 ['22' '158.3876821495603' 'destroyed']
 ['2' '161.69832270021794' 'presentdestroyed']
 ['13' '162.95280513599613' 'marauded']
 ['22' '164.354306861629' 'presentdestroyed']
 ['2' '164.63176935059815' 'destroyed']
 ['13' '166.55927815729632' 'presentdestroyed']
 ['13' '175.457500310072' 'present']
 ['13' '184.00275452838486' 'marauded']
 ['12' '191.90674222622584' 'present']
 ['14' '196.09836574197928' 'present']
 ['13' '197.53133274460805' 'marauded']
 ['13' '200.52648489019603' 'presentdestroyed']
 ['12' '203.57949212415073' 'destroyed']
 ['13' '205.39246665767206' 'present']
 ['22' '221.2639223455239' 'marauded']
 ['12' '222.8093460314541' 'presentdestroyed']
 ['2' '228.54559215276376' 'presentdestroyed']
 ['2' '231.0896449861609' 'present']
 ['20' '247.75588174697276' 'marauded']
 ['20' '254.64178986099233' 'presentdestroyed']
 ['22' '261.327196491405' 'present']
 ['12' '266.71976377707983' 'present']
 ['12' '266.9505585188564' 'present']
 ['10' '284.98591777825555' 'present']
 ['12' '297.45304513550565' 'present']
 ['13' '307.4626724577052' 'marauded']
 ['13' '309.3562972123556' 'presentdestroyed']
 ['12' '309.5684787270569' 'presentdestroyed']
 ['13' '312.4878132772112' 'presentdestroyed']
 ['13' '312.51096142535937' 'presentdestroyed']
 ['5' '317.86406451295704' 'present']
 ['12' '319.2481613553752' 'present']
 ['13' '322.6956032385036' 'present']
 ['22' '332.549087056732' 'marauded']
 ['2' '333.55243506762656' 'presentdestroyed']
 ['13' '339.6993063953387' 'presentdestroyed']
 ['12' '339.9498211109529' 'present']
 ['20' '339.96285267133237' 'present']
 ['12' '344.7697905951342' 'present']
 ['20' '345.52937151248545' 'marauded']
 ['12' '346.1872647436846' 'presentdestroyed']
 ['12' '347.1252629044734' 'presentdestroyed']
 ['2' '354.5531634298837' 'present']
 ['22' '354.9158498023944' 'present']]","[['F4' '23.836328563198364' 'mated']
 ['F8' '71.20319838245827' 'mated']
 ['F187' '96.19744851417748' 'absent']
 ['F30' '110.2869087329199' 'destroyed']
 ['F151' '124.17708183663787' 'mated']
 ['F159' '126.70219306093863' 'absent']
 ['F100' '164.38834767215593' 'destroyed']
 ['F174' '174.3587789686142' 'mated']
 ['F86' '174.9736777405693' 'mated']
 ['F74' '175.84693493407497' 'mated']
 ['F21' '229.86504963362583' 'mated']
 ['F169' '247.30610078495704' 'mated']
 ['F20' '279.43375713299685' 'mated']
 ['F149' '281.6440122478984' 'absent']
 ['F186' '321.20615367148537' 'absent']]",1000.0,0.0,565.0,68.1002204271907,13.494010402044495,1221.0,210.0835270046247,45.4296940750873,446.0,79.41637347584516,17.882373121174375,9.0,0.8999999999999999,0.09000000000000002,62.0,1.716456079536483,0.051976165980795574
9,0.054,6,360.0962922262567,"[['21' '18.958866276820665' 'present']
 ['21' '35.67991800939438' 'present']
 ['4' '43.282120139797414' 'present']
 ['4' '64.91479767450716' 'present']
 ['2' '65.92370486767253' 'present']
 ['19' '68.13341307091287' 'present']
 ['21' '132.75416126637217' 'present']
 ['4' '134.11843251442792' 'present']
 ['4' '147.37301698139382' 'present']
 ['21' '152.72730013834428' 'present']
 ['1' '160.2622096869019' 'marauded']
 ['4' '173.39312087281024' 'present']
 ['2' '192.34379254104272' 'present']
 ['18' '195.97993588494347' 'marauded']
 ['19' '200.4942746756525' 'presentdestroyed']
 ['18' '212.864382982847' 'present']
 ['18' '216.7641169240173' 'present']
 ['22' '221.49740018203684' 'marauded']
 ['15' '237.32270324623977' 'present']
 ['4' '241.69376116454998' 'present']
 ['16' '243.99159847825212' 'present']
 ['4' '252.3677454642089' 'present']
 ['1' '264.9316593885599' 'present']
 ['21' '281.2042055082886' 'present']
 ['21' '301.80392794403946' 'present']
 ['13' '316.1183235828501' 'marauded']
 ['17' '317.65503748637354' 'destroyed']
 ['16' '329.95380430259047' 'present']
 ['18' '343.01618910518977' 'present']
 ['21' '343.2185956264061' 'present']
 ['19' '346.3420676361074' 'present']
 ['15' '349.61717180199406' 'present']]","[['F112' '59.225422138820605' 'mated']
 ['F140' '91.0796277136163' 'mated']
 ['F165' '210.89966231302105' 'mated']
 ['F84' '234.92985795692377' 'mated']
 ['F115' '283.23501170880854' 'mated']
 ['F12' '286.6510849679921' 'mated']]",1000.0,500.0,588.0,71.85300428265218,14.943079579045119,1554.0,259.9247244384204,55.17736618823135,140.0,24.193755413490464,5.348392045897572,10.0,0.9999999999999999,0.10000000000000003,88.0,3.0463575980376802,0.1077031893004114
10,0.054,4,360.0861313855915,"[['11' '5.860344983884083' 'present']
 ['7' '8.741661474519654' 'present']
 ['7' '23.94094158889826' 'present']
 ['11' '40.64052499013057' 'present']
 ['20' '47.61224266323073' 'present']
 ['11' '53.967768062678424' 'present']
 ['20' '66.19590624577862' 'marauded']
 ['3' '73.9735214796117' 'present']
 ['7' '74.96753883485013' 'present']
 ['11' '76.68586027708321' 'marauded']
 ['7' '86.67506648087516' 'present']
 ['20' '105.01249445563836' 'present']
 ['20' '130.31604283374259' 'marauded']
 ['20' '133.12666240140567' 'presentdestroyed']
 ['18' '139.76400719969985' 'present']
 ['7' '141.1862357718384' 'present']
 ['11' '172.97083426610536' 'present']
 ['18' '174.33499208298943' 'present']
 ['20' '175.36285469997625' 'marauded']
 ['20' '184.00100617745065' 'present']
 ['7' '194.59354388912894' 'present']
 ['20' '195.22104833861073' 'present']
 ['18' '199.41340208536514' 'present']
 ['7' '200.27572651073234' 'present']
 ['20' '214.70436056727516' 'present']
 ['7' '237.81439646568393' 'present']
 ['7' '238.12919384492236' 'present']
 ['11' '244.33611526376373' 'present']
 ['20' '245.41175547357884' 'present']
 ['11' '251.29530937917406' 'present']
 ['11' '257.6832102215699' 'present']
 ['20' '268.6098674115778' 'marauded']
 ['7' '275.9384185509233' 'present']
 ['6' '284.4554623026524' 'present']
 ['7' '293.6489069558724' 'present']
 ['11' '296.055844607648' 'present']
 ['3' '305.2292347399982' 'present']
 ['11' '338.5069026094495' 'present']
 ['20' '345.65731379908704' 'present']
 ['20' '349.64403229512965' 'present']
 ['20' '350.2186212077591' 'present']]","[['F68' '125.24815488697361' 'mated']
 ['F136' '141.39791521131374' 'mated']
 ['F74' '175.8237867859268' 'destroyed']
 ['F98' '182.0251324353015' 'destroyed']
 ['F76' '190.68961414439121' 'mated']
 ['F3' '223.0112477167442' 'absent']
 ['F3' '223.0507640774198' 'absent']
 ['F149' '281.683528608574' 'mated']]",1000.0,1000.0,565.0,71.35125102506771,15.2259581583658,1484.0,254.5019011408974,55.15862127884858,176.0,30.484564131041743,6.609795590848846,13.0,1.3,0.13000000000000006,87.0,2.3991378870332,0.07233796296296288
11,0.054,9,360.5841796443039,"[['19' '0.4175292947413523' 'present']
 ['14' '1.9681123112706376' 'present']
 ['10' '2.1114028591607705' 'present']
 ['22' '8.535944790719896' 'present']
 ['10' '10.46567246621951' 'present']
 ['1' '12.759224067250441' 'present']
 ['1' '14.467112734131067' 'present']
 ['1' '22.689584938868556' 'present']
 ['1' '27.300100553453248' 'present']
 ['17' '39.12070174873776' 'present']
 ['10' '42.046938392951276' 'present']
 ['19' '42.105566414433554' 'present']
 ['1' '45.48575755637222' 'present']
 ['10' '48.70112149523655' 'present']
 ['10' '51.95763508735019' 'present']
 ['10' '52.51332162098687' 'present']
 ['1' '58.974534608398294' 'present']
 ['19' '75.23898171741772' 'present']
 ['18' '84.04286461130047' 'marauded']
 ['1' '84.87844552995487' 'destroyed']
 ['10' '87.5418693202132' 'presentdestroyed']
 ['22' '96.73954823612877' 'present']
 ['1' '97.95901177307736' 'marauded']
 ['17' '100.01296375256044' 'presentdestroyed']
 ['18' '110.88249507545342' 'marauded']
 ['1' '111.28038473221042' 'presentdestroyed']
 ['22' '112.50560342386274' 'presentdestroyed']
 ['10' '115.03672171170724' 'presentdestroyed']
 ['10' '120.22645622686204' 'marauded']
 ['19' '125.9293978794684' 'destroyed']
 ['17' '126.54545071356391' 'destroyed']
 ['1' '127.48039645822959' 'presentdestroyed']
 ['10' '130.056486280944' 'present']
 ['1' '133.1212449923605' 'present']
 ['1' '133.14439314050864' 'present']
 ['18' '140.52263703344974' 'present']
 ['17' '142.13138303364613' 'present']
 ['1' '142.41512535803517' 'marauded']
 ['17' '144.3801242247255' 'presentdestroyed']
 ['1' '145.48280793096194' 'presentdestroyed']
 ['10' '147.10128692784937' 'presentdestroyed']
 ['14' '147.76980690485706' 'presentdestroyed']
 ['16' '153.2872237798003' 'present']
 ['18' '159.69404988836496' 'present']
 ['1' '160.55617208136192' 'marauded']
 ['1' '165.08161194747214' 'presentdestroyed']
 ['1' '166.14592093856743' 'presentdestroyed']
 ['1' '166.16906908671558' 'presentdestroyed']
 ['22' '174.41754786461556' 'present']
 ['1' '176.01067759797263' 'marauded']
 ['10' '192.47515069574467' 'present']
 ['22' '193.16199278565225' 'present']
 ['1' '195.72266011132737' 'marauded']
 ['22' '195.73835077118653' 'destroyed']
 ['22' '197.17468567531833' 'presentdestroyed']
 ['1' '211.35998334776838' 'marauded']
 ['1' '215.84856811846925' 'presentdestroyed']
 ['1' '218.44667712977005' 'present']
 ['14' '218.93173719223086' 'present']
 ['1' '224.12440702339546' 'marauded']
 ['1' '228.83627821004308' 'presentdestroyed']
 ['1' '233.74824555252775' 'present']
 ['16' '234.4777337931831' 'present']
 ['10' '234.61996667994208' 'present']
 ['1' '245.10155064439056' 'present']
 ['22' '262.4388069900651' 'marauded']
 ['19' '266.5492226684781' 'presentdestroyed']
 ['19' '268.0325821746428' 'presentdestroyed']
 ['22' '273.9161996901356' 'marauded']
 ['22' '276.1165764652056' 'destroyed']
 ['1' '276.7743780943091' 'presentdestroyed']
 ['1' '277.30687551366265' 'presentdestroyed']
 ['1' '277.3300236618108' 'presentdestroyed']
 ['10' '287.0421503039687' 'present']
 ['1' '295.80216817006095' 'present']
 ['10' '298.1165863909131' 'present']
 ['16' '300.7229339271509' 'present']
 ['16' '302.0722391816715' 'marauded']
 ['22' '309.71944585724276' 'present']
 ['16' '313.3282470398634' 'present']
 ['17' '320.6485531283327' 'marauded']
 ['19' '321.0140648971089' 'destroyed']
 ['10' '327.99046796465467' 'present']
 ['10' '328.7632854640265' 'present']
 ['1' '328.9631344733326' 'present']
 ['19' '332.81345841850566' 'present']
 ['16' '334.21342625833864' 'present']
 ['1' '354.058444199647' 'present']
 ['22' '355.326215570711' 'marauded']
 ['10' '359.8082152799754' 'presentdestroyed']]","[['F142' '51.94875576745642' 'mated']
 ['F41' '96.47132549691207' 'mated']
 ['F81' '97.84003592697037' 'mated']
 ['F30' '110.31964515797483' 'absent']
 ['F130' '138.4567692566261' 'mated']
 ['F83' '161.06708020110355' 'absentdestroyed']
 ['F206' '168.35151988082697' 'mated']
 ['F177' '171.656948288577' 'mated']
 ['F199' '184.35481732031576' 'mated']
 ['F3' '223.0623381514939' 'mated']
 ['F210' '257.9693910675447' 'mated']]",1000.0,1500.0,590.0,71.15799390641486,13.838373940617005,1177.0,197.18907474219296,42.21825135856738,512.0,89.24180576682164,19.530246146080394,8.0,0.7999999999999999,0.08000000000000002,66.0,1.6907784851931158,0.044474451303154965
12,0.054,9,360.3097328200868,"[['22' '1.3032589975470752' 'present']
 ['8' '25.793558416231537' 'present']
 ['13' '27.958858612283866' 'present']
 ['22' '32.73219929479166' 'present']
 ['13' '44.12102686561278' 'present']
 ['1' '62.15512682348601' 'present']
 ['8' '67.00473595499614' 'marauded']
 ['8' '68.59856021867719' 'presentdestroyed']
 ['8' '71.97684189468653' 'presentdestroyed']
 ['1' '81.99019875525227' 'present']
 ['21' '84.688647028332' 'present']
 ['8' '95.82937267054052' 'present']
 ['6' '109.35912676045764' 'present']
 ['8' '123.04845779255184' 'marauded']
 ['17' '164.35199549832763' 'marauded']
 ['1' '176.44818812379594' 'present']
 ['1' '179.91381452686096' 'present']
 ['13' '180.50355943022436' 'present']
 ['8' '181.4390979360234' 'present']
 ['21' '181.50605980982496' 'marauded']
 ['1' '184.4611292674865' 'presentdestroyed']
 ['22' '193.20150914632785' 'marauded']
 ['8' '196.20717304430818' 'presentdestroyed']
 ['5' '199.2698351738517' 'destroyed']
 ['1' '199.52651649183392' 'presentdestroyed']
 ['13' '201.96035188266282' 'present']
 ['15' '203.7796396442906' 'marauded']
 ['22' '207.6738573101838' 'presentdestroyed']
 ['13' '208.68274503514593' 'presentdestroyed']
 ['1' '224.03185152149896' 'present']
 ['21' '227.07020556917763' 'present']
 ['8' '242.2053459812109' 'present']
 ['1' '242.77045711808245' 'present']
 ['22' '244.74457696824564' 'present']
 ['1' '246.6430748575878' 'present']
 ['8' '264.8063834075739' 'present']
 ['13' '272.52849616088935' 'present']
 ['8' '281.91522620932096' 'present']
 ['13' '283.82088474948904' 'present']
 ['1' '285.75421033947566' 'marauded']
 ['8' '289.199662490922' 'presentdestroyed']
 ['21' '294.8961618364431' 'present']
 ['8' '298.07273387382' 'present']
 ['21' '307.0020215523837' 'present']
 ['8' '307.106790031493' 'present']
 ['21' '311.4249338244583' 'marauded']
 ['8' '318.51450561799544' 'presentdestroyed']
 ['15' '321.90100795820234' 'present']
 ['8' '323.0161060163616' 'present']
 ['1' '329.6030853755483' 'present']
 ['21' '337.90770634597783' 'present']
 ['16' '339.2868154364993' 'present']
 ['1' '345.97591812960417' 'present']
 ['15' '349.1342691435174' 'present']
 ['13' '354.2514058359199' 'present']]","[['F49' '36.15075464565693' 'mated']
 ['F93' '76.46490468872881' 'mated']
 ['F187' '96.1858744401034' 'absent']
 ['F29' '105.52515221578305' 'mated']
 ['F30' '110.27533465884582' 'absent']
 ['F151' '124.16550776256379' 'destroyed']
 ['F53' '132.6983424487698' 'mated']
 ['F183' '140.8333527259959' 'mated']
 ['F61' '149.72616197789353' 'mated']
 ['F100' '164.37677359808185' 'absentdestroyed']
 ['F132' '182.53080283276603' 'absentdestroyed']
 ['F64' '183.79157435905535' 'destroyed']
 ['F90' '184.05594677184183' 'destroyed']
 ['F88' '201.53199361228982' 'mated']
 ['F110' '224.11283376813273' 'mated']
 ['F134' '254.8704135819984' 'absent']
 ['F215' '274.40289691305645' 'absent']
 ['F55' '286.8319530036388' 'destroyed']
 ['F186' '321.21772774555944' 'mated']]",1500.0,0.0,560.0,71.65226161679716,15.777051713905728,1403.0,236.2420259893809,50.62741517979176,270.0,48.520764791443874,10.976044058894924,11.0,1.0999999999999999,0.11000000000000004,86.0,2.5232782546111197,0.07983967764060355
13,0.054,12,360.30510289844824,"[['12' '1.8689906883702474' 'present']
 ['8' '6.701854674990873' 'marauded']
 ['1' '11.731274496365788' 'presentdestroyed']
 ['8' '12.355396884402968' 'destroyed']
 ['7' '14.879221093532768' 'marauded']
 ['6' '23.916348819525894' 'present']
 ['7' '30.214747711596527' 'present']
 ['7' '30.24748413665146' 'present']
 ['1' '31.185377311544368' 'present']
 ['12' '37.95897087919884' 'present']
 ['7' '42.9415145557445' 'present']
 ['6' '44.51634516743176' 'present']
 ['1' '44.59612405775968' 'present']
 ['15' '46.40270533432339' 'present']
 ['6' '46.457995812120465' 'present']
 ['12' '46.79330607991252' 'present']
 ['8' '51.781073320242825' 'present']
 ['8' '55.432678290988775' 'present']
 ['12' '56.22264444014903' 'present']
 ['12' '56.50215520668808' 'present']
 ['10' '58.892912756199514' 'present']
 ['6' '72.3719167478095' 'marauded']
 ['6' '73.83655975338239' 'presentdestroyed']
 ['12' '77.31856546765519' 'presentdestroyed']
 ['1' '82.86800690377572' 'marauded']
 ['8' '83.23220703098458' 'destroyed']
 ['1' '87.12216086885402' 'presentdestroyed']
 ['12' '100.64660978982617' 'present']
 ['12' '103.75458944336278' 'present']
 ['12' '116.56842099892354' 'present']
 ['2' '121.7099372197182' 'present']
 ['15' '123.59783403521054' 'present']
 ['1' '124.57343150627638' 'present']
 ['6' '129.6896278790222' 'present']
 ['8' '131.30043688094653' 'present']
 ['8' '133.72452002015243' 'marauded']
 ['12' '133.74898779042948' 'presentdestroyed']
 ['12' '134.58380031240256' 'presentdestroyed']
 ['8' '134.8074940285361' 'presentdestroyed']
 ['15' '137.18465335745532' 'presentdestroyed']
 ['1' '139.51011586634976' 'presentdestroyed']
 ['8' '146.01944815069425' 'present']
 ['12' '148.6738858632445' 'present']
 ['12' '154.9318752012286' 'present']
 ['6' '159.12817178920787' 'present']
 ['12' '173.5613698466628' 'present']
 ['12' '175.52456072796076' 'present']
 ['21' '177.3337821026996' 'present']
 ['12' '179.8871175131024' 'present']
 ['8' '180.03122156431633' 'present']
 ['6' '181.1119142055738' 'present']
 ['1' '196.06971443530028' 'present']
 ['1' '199.493780066779' 'present']
 ['12' '203.27860017986484' 'present']
 ['15' '207.75650922472656' 'present']
 ['1' '217.88545955706152' 'present']
 ['6' '218.47638288378639' 'marauded']
 ['6' '220.3761740764484' 'presentdestroyed']
 ['6' '221.572886052032' 'presentdestroyed']
 ['1' '221.80363687213446' 'presentdestroyed']
 ['15' '229.27831834354268' 'present']
 ['6' '229.9757295904962' 'present']
 ['12' '230.70808361234938' 'marauded']
 ['12' '233.74495990843405' 'presentdestroyed']
 ['16' '243.33273526330055' 'marauded']
 ['20' '247.94700336799946' 'presentdestroyed']
 ['12' '251.34899316950512' 'present']
 ['6' '252.81959521554967' 'present']
 ['8' '257.0323850307424' 'present']
 ['2' '259.13052668430663' 'present']
 ['8' '259.3127140689165' 'present']
 ['6' '259.4954329406959' 'present']
 ['2' '262.64016447348956' 'marauded']
 ['7' '264.94077794320833' 'destroyed']
 ['12' '265.5424721611712' 'presentdestroyed']
 ['8' '269.7750444069414' 'presentdestroyed']
 ['2' '275.973146819571' 'present']
 ['1' '277.7992155644229' 'present']
 ['12' '282.9268079393586' 'present']
 ['8' '285.41582244333756' 'present']
 ['7' '289.47608849381913' 'present']
 ['20' '289.5198009593032' 'present']
 ['20' '293.2136145485853' 'marauded']
 ['8' '295.2986696752093' 'presentdestroyed']
 ['12' '299.41311015815853' 'presentdestroyed']
 ['6' '299.93089390408124' 'presentdestroyed']
 ['8' '316.85684049811397' 'present']
 ['6' '316.9929176452244' 'present']
 ['1' '326.22156054134985' 'present']
 ['16' '326.3562166791073' 'present']
 ['12' '326.7778420377702' 'marauded']
 ['16' '331.036845821692' 'presentdestroyed']
 ['12' '337.8024362060573' 'present']
 ['12' '340.42445864510415' 'marauded']
 ['2' '342.51696125906204' 'destroyed']
 ['12' '347.3923207454019' 'presentdestroyed']
 ['6' '348.83056203881904' 'present']
 ['6' '348.863298463874' 'present']]","[['F180' '92.0568819502367' 'absent']
 ['F103' '96.76043046130759' 'mated']
 ['F56' '104.83304001422968' 'mated']
 ['F109' '127.28210925233252' 'mated']
 ['F13' '129.06504356772766' 'mated']
 ['F24' '133.2397148762268' 'mated']
 ['F100' '164.39992174623' 'mated']
 ['F101' '164.4241773887326' 'mated']
 ['F189' '169.17145334611354' 'absent']
 ['F132' '182.51922875869195' 'absent']
 ['F132' '182.5423769068401' 'absent']
 ['F90' '184.04437269776776' 'absent']
 ['F181' '198.10977921768844' 'mated']
 ['F203' '204.34300913178083' 'mated']
 ['F179' '208.74776979234434' 'mated']
 ['F110' '224.10125969405865' 'destroyed']
 ['F169' '247.29452671088296' 'destroyed']
 ['F113' '248.07648628830304' 'destroyed']
 ['F36' '250.71260930574203' '']
 ['F82' '264.5393751049821' 'destroyed']
 ['F215' '274.4144709871305' 'mated']
 ['F60' '277.773651221571' 'mated']]",1500.0,500.0,557.0,70.9110698649965,15.400245675904682,1276.0,213.05198633511165,45.257263091193664,423.0,72.79137974783418,15.671833100770566,13.0,1.3,0.13000000000000006,69.0,2.019331385812049,0.0637645747599451
14,0.054,7,359.9785274737156,"[['3' '16.858399085843576' 'present']
 ['3' '41.40130776830842' 'marauded']
 ['6' '48.016805584933095' 'presentdestroyed']
 ['3' '73.25007115200047' 'present']
 ['6' '74.36985862151454' 'marauded']
 ['3' '89.10549209171035' 'present']
 ['22' '122.33370136699375' 'marauded']
 ['3' '139.71036222680382' 'present']
 ['2' '161.73304492244017' 'present']
 ['3' '235.0698110579462' 'present']
 ['3' '250.9112763795111' 'marauded']
 ['19' '259.9274511784445' 'present']
 ['2' '265.88192532601346' 'present']
 ['3' '286.7809601101152' 'present']
 ['3' '322.6696539703528' 'present']
 ['3' '323.99407904526703' 'present']
 ['19' '325.1223599244621' 'present']
 ['1' '334.19840218707265' 'present']]","[['F157' '38.144504546240654' 'mated']
 ['F43' '93.17635357117508' 'absent']
 ['F75' '110.31699181977545' 'mated']
 ['F205' '144.9200693365798' 'mated']
 ['F116' '147.4515004644787' 'mated']
 ['F188' '152.7110181787951' 'mated']
 ['F185' '177.76088838638742' 'mated']
 ['F214' '187.41086240879278' 'mated']]",1500.0,1000.0,567.0,73.88184386909607,16.08595134622022,1544.0,258.2139211887361,54.45761883057605,135.0,24.32902472947729,5.5408519405930265,8.0,0.7999999999999999,0.08000000000000002,94.0,2.8229870120889937,0.09752229080932798
15,0.054,19,360.0924048774377,"[['16' '3.388322729836536' 'present']
 ['19' '7.663392072520295' 'present']
 ['19' '7.6865402206684434' 'present']
 ['7' '12.801597441636018' 'present']
 ['21' '19.798623664528083' 'present']
 ['21' '22.834452217409606' 'present']
 ['21' '25.617441475108144' 'present']
 ['21' '27.753627297083106' 'marauded']
 ['16' '29.028245525782033' 'presentdestroyed']
 ['9' '30.602427611648125' 'presentdestroyed']
 ['4' '33.0830696266642' 'presentdestroyed']
 ['13' '33.2007999149372' 'presentdestroyed']
 ['17' '34.833779084143934' 'presentdestroyed']
 ['7' '35.662258323047766' 'presentdestroyed']
 ['21' '44.23282691378853' 'present']
 ['7' '48.062901251292935' 'present']
 ['9' '56.49582998925711' 'present']
 ['17' '60.3452414630089' 'present']
 ['12' '64.74215043153285' 'present']
 ['19' '66.93108689712734' 'present']
 ['9' '67.11532717276302' 'present']
 ['21' '69.96510422034383' 'present']
 ['16' '73.07838623890736' 'marauded']
 ['19' '75.00076539951505' 'presentdestroyed']
 ['12' '77.17948371109095' 'destroyed']
 ['19' '77.75118981050042' 'presentdestroyed']
 ['20' '79.60621983148646' 'presentdestroyed']
 ['9' '81.86602314865537' 'marauded']
 ['19' '82.96117475746262' 'presentdestroyed']
 ['12' '83.57644861489875' 'presentdestroyed']
 ['17' '83.92215917051848' 'presentdestroyed']
 ['16' '84.31550453772975' 'destroyed']
 ['9' '85.40633873822404' 'destroyed']
 ['9' '86.2121462201672' 'presentdestroyed']
 ['7' '86.7030087674767' 'destroyed']
 ['17' '92.47053271964025' 'present']
 ['9' '92.47447467165682' 'present']
 ['21' '94.78035838559234' 'marauded']
 ['12' '98.07992369543044' 'presentdestroyed']
 ['16' '102.56813828028741' 'present']
 ['19' '103.49544709541605' 'present']
 ['4' '103.86781647736707' 'marauded']
 ['19' '107.4320916002054' 'destroyed']
 ['16' '108.42943209529594' 'destroyed']
 ['16' '108.7819525258275' 'presentdestroyed']
 ['16' '109.62472233259304' 'presentdestroyed']
 ['16' '110.83831538707561' 'presentdestroyed']
 ['19' '112.56494463266417' 'present']
 ['21' '115.87185727790539' 'present']
 ['19' '120.95138422465597' 'present']
 ['9' '122.87702911738252' 'present']
 ['13' '126.37690545133272' 'marauded']
 ['17' '126.52230256541576' 'presentdestroyed']
 ['17' '132.12277707916738' 'presentdestroyed']
 ['7' '133.19191880479514' 'presentdestroyed']
 ['9' '133.622405925401' 'destroyed']
 ['7' '133.72035348620565' 'presentdestroyed']
 ['17' '134.14026806873218' 'present']
 ['16' '143.39484394953982' 'present']
 ['9' '148.87588128375214' 'marauded']
 ['16' '149.3083111667683' 'presentdestroyed']
 ['13' '149.9926503417949' 'presentdestroyed']
 ['4' '150.65194533329762' 'presentdestroyed']
 ['4' '150.82777175197094' 'presentdestroyed']
 ['19' '153.15125314302566' 'presentdestroyed']
 ['4' '155.08061072210552' 'presentdestroyed']
 ['4' '156.87428413187197' 'marauded']
 ['17' '158.0347565071857' 'destroyed']
 ['16' '158.75122717040907' 'destroyed']
 ['16' '164.12913162980146' 'presentdestroyed']
 ['21' '167.0494087901351' 'present']
 ['21' '168.29949881956333' 'present']
 ['16' '175.37839667898956' 'marauded']
 ['4' '177.02092462719656' 'presentdestroyed']
 ['7' '177.39556481977783' 'presentdestroyed']
 ['4' '177.55619906340974' 'presentdestroyed']
 ['9' '180.52030030302848' 'presentdestroyed']
 ['13' '180.86694283606553' 'presentdestroyed']
 ['19' '180.9570016284751' 'presentdestroyed']
 ['4' '181.77555920546905' 'presentdestroyed']
 ['16' '182.15006950715116' 'destroyed']
 ['13' '182.72317413547668' 'presentdestroyed']
 ['21' '191.78633221829512' 'present']
 ['9' '193.57799958403427' 'present']
 ['7' '196.12675416126743' 'marauded']
 ['13' '212.38307431479075' 'present']
 ['13' '212.51257566869558' 'present']
 ['19' '214.91003397421346' 'present']
 ['9' '217.07034680951648' 'present']
 ['16' '220.12895778944596' 'present']
 ['12' '229.87015181901737' 'present']
 ['4' '230.28595258738287' 'present']
 ['17' '230.99985563462945' 'present']
 ['17' '236.07024441030214' 'present']
 ['7' '240.92049379355936' 'present']
 ['16' '242.22955893125018' 'present']
 ['16' '243.8568762560299' 'marauded']
 ['9' '249.61002018050195' 'presentdestroyed']
 ['17' '250.16865945637676' 'presentdestroyed']
 ['9' '254.026283639554' 'present']
 ['12' '257.86477258158567' 'present']
 ['19' '258.5835379690312' 'present']
 ['9' '258.6082981297421' 'present']
 ['4' '264.60728038842205' 'present']
 ['16' '265.5387801685959' 'present']
 ['16' '272.60594816761056' 'present']
 ['16' '273.6473558018541' 'present']
 ['4' '274.9146959435321' 'present']
 ['13' '278.19743481764624' 'marauded']
 ['21' '280.2599777063411' 'destroyed']
 ['12' '281.8683271736002' 'presentdestroyed']
 ['4' '284.8093033260339' 'presentdestroyed']
 ['19' '285.6667883435852' 'present']
 ['21' '287.3982577028296' 'present']
 ['21' '288.57724046261825' 'marauded']
 ['21' '292.27055125058985' 'destroyed']
 ['9' '300.12933021684944' 'present']
 ['13' '303.1912260848727' 'present']
 ['21' '304.07968604027263' 'marauded']
 ['13' '307.43952430955704' 'destroyed']
 ['16' '311.6391898159797' 'present']
 ['13' '313.40661399378115' 'marauded']
 ['7' '314.28504486476476' 'presentdestroyed']
 ['7' '318.17400928711965' 'presentdestroyed']
 ['19' '322.970727843819' 'present']
 ['19' '329.3170109139697' 'present']
 ['16' '340.009466157085' 'present']
 ['4' '340.11594840862347' 'present']
 ['21' '342.2706315503247' 'present']
 ['21' '344.8729266498269' 'present']
 ['7' '345.2020207988358' 'present']
 ['4' '346.45732732865' 'present']
 ['16' '352.26253522642645' 'present']
 ['16' '353.6560907332976' 'present']
 ['7' '356.886199813426' 'present']
 ['19' '357.0281515289411' 'present']
 ['17' '358.7581353865888' 'marauded']
 ['13' '359.83381882400533' 'presentdestroyed']]","[['F119' '33.699602031577655' 'destroyed']
 ['F91' '51.473882918862756' 'absent']
 ['F142' '51.91601934240148' 'absent']
 ['F93' '76.44853647620134' 'destroyed']
 ['F80' '82.04914216137168' 'destroyed']
 ['F80' '82.07229030951983' 'destroyed']
 ['F103' '96.74885638723352' 'destroyed']
 ['F56' '104.8214659401556' 'destroyed']
 ['F118' '114.19986109664177' 'mated']
 ['F145' '124.6166572578873' 'mated']
 ['F150' '124.97076387741339' 'mated']
 ['F13' '129.05346949365358' 'destroyed']
 ['F39' '135.2421512116289' 'absent']
 ['F39' '135.26529935977706' 'absent']
 ['F160' '146.74119098269242' 'mated']
 ['F207' '152.41134878729804' 'absentdestroyed']
 ['F18' '161.08504320560908' 'absentdestroyed']
 ['F114' '163.37941022906955' 'destroyed']
 ['F114' '163.4025583772177' 'absentdestroyed']
 ['F22' '174.11344974849007' 'mated']
 ['F90' '184.07231498436929' 'mated']
 ['F184' '190.96622737345876' 'mated']
 ['F106' '192.97233131967315' 'mated']
 ['F124' '193.97100988057775' 'mated']
 ['F108' '195.44204798532894' 'mated']
 ['F181' '198.03958830215322' 'destroyed']
 ['F147' '198.6588590217553' 'destroyed']
 ['F37' '206.12762214510596' 'mated']
 ['F154' '210.22671542011358' 'mated']
 ['F200' '211.06890343687388' 'mated']
 ['F72' '216.06660474492546' 'mated']
 ['F212' '226.30993025282825' 'mated']
 ['F38' '243.66871076855597' 'absent']
 ['F113' '248.06491221422897' 'absentdestroyed']
 ['F134' '254.88678179452586' 'mated']
 ['F96' '255.12397972218955' 'mated']
 ['F67' '266.93171515935666' 'absent']
 ['F28' '332.21337227085564' 'mated']
 ['F175' '342.25523762944465' 'mated']]",1500.0,1500.0,548.0,72.6539891655042,15.716381955735581,1131.0,192.86307810183635,42.282288845246406,542.0,92.7837016110275,20.06248484570794,5.0,0.5,0.05000000000000001,56.0,1.363414234643788,0.03375771604938273
16,0.054,8,360.6460083927177,"[['11' '21.827109947756245' 'present']
 ['22' '23.569583358785348' 'present']
 ['12' '26.705540627433322' 'present']
 ['11' '29.87228482122837' 'marauded']
 ['22' '33.11140927566274' 'presentdestroyed']
 ['11' '38.00778602654453' 'marauded']
 ['15' '40.53043354393526' 'presentdestroyed']
 ['22' '43.14440998307122' 'presentdestroyed']
 ['11' '52.32960662734646' 'present']
 ['22' '61.507852695143775' 'marauded']
 ['17' '65.27777152641278' 'presentdestroyed']
 ['22' '69.27700149364868' 'present']
 ['17' '73.51521836137718' 'present']
 ['9' '80.60195309082891' 'present']
 ['17' '85.72628791398677' 'marauded']
 ['20' '85.73975030653' 'destroyed']
 ['22' '91.5495509912545' 'presentdestroyed']
 ['22' '92.03950877417276' 'presentdestroyed']
 ['22' '97.11221684887717' 'present']
 ['17' '97.55896713023978' 'present']
 ['22' '97.76281060287774' 'present']
 ['22' '107.13555773401728' 'present']
 ['22' '111.93291374595496' 'present']
 ['22' '114.64868051508898' 'present']
 ['15' '125.31753342318773' 'present']
 ['11' '132.0113794830094' 'marauded']
 ['19' '138.78512061940327' 'presentdestroyed']
 ['18' '141.47347858591212' 'present']
 ['3' '145.7322246859231' 'present']
 ['15' '146.12550000889692' 'present']
 ['11' '153.0794631258427' 'present']
 ['22' '154.3765868560461' 'present']
 ['15' '173.5919006230285' 'present']
 ['15' '190.93776229815663' 'present']
 ['11' '191.05024352700758' 'present']
 ['22' '211.3538318214313' 'present']
 ['17' '215.51507330432804' 'present']
 ['15' '227.81998127182007' 'present']
 ['18' '245.48047336795798' 'present']
 ['17' '247.34492235379523' 'marauded']
 ['22' '262.9977151567974' 'present']
 ['22' '273.0933424050147' 'present']
 ['22' '281.59316409763426' 'marauded']
 ['17' '290.4399811166864' 'marauded']
 ['3' '297.41287803311224' 'presentdestroyed']
 ['18' '313.9900294315498' 'present']
 ['17' '315.13027969211504' 'present']
 ['18' '316.0252104646842' 'present']
 ['17' '316.679452724578' 'marauded']
 ['22' '332.9559601294896' 'present']
 ['22' '335.30851890094107' 'present']
 ['15' '342.17752175814417' 'present']
 ['22' '343.95503360631176' 'present']
 ['17' '345.081605282878' 'present']
 ['22' '352.10096645795886' 'present']
 ['17' '356.5520398530849' 'present']
 ['22' '356.79996735743606' 'marauded']]","[['F65' '70.43279271885262' 'mated']
 ['F39' '135.25372528570298' 'absentdestroyed']
 ['F207' '152.42292286137211' 'mated']
 ['F148' '179.94698640455917' 'mated']
 ['F37' '194.1044739969578' 'absent']
 ['F141' '204.63602674953438' 'mated']
 ['F72' '216.05503067085138' 'absent']
 ['F113' '248.0533381401549' 'destroyed']
 ['F96' '255.11240564811547' 'destroyed']
 ['F167' '262.02801672818595' 'mated']
 ['F27' '309.27860612168047' 'mated']
 ['F89' '315.9719088124399' 'mated']
 ['F135' '326.56747826126286' 'mated']]",2000.0,0.0,562.0,72.39418253345173,15.2550661582796,1320.0,226.71299831026258,48.656115877184156,350.0,57.38334748457624,11.904365164140552,15.0,1.5000000000000002,0.15000000000000008,74.0,2.059351621269853,0.06269290123456787
17,0.054,13,360.17877563039565,"[['5' '0.4063642506500045' 'present']
 ['15' '5.771374386540404' 'present']
 ['4' '13.205679662173138' 'present']
 ['11' '13.344167295244812' 'present']
 ['5' '15.483210659982166' 'present']
 ['4' '16.453925563167825' 'present']
 ['11' '18.95666002364392' 'marauded']
 ['16' '22.092926471728692' 'presentdestroyed']
 ['4' '23.66662126923124' 'presentdestroyed']
 ['11' '23.781162739569293' 'presentdestroyed']
 ['19' '24.037101793009857' 'destroyed']
 ['2' '25.566424794690075' 'presentdestroyed']
 ['5' '27.48484629368101' 'present']
 ['4' '35.242804227782784' 'present']
 ['5' '36.63809193401931' 'present']
 ['4' '38.30764306524853' 'present']
 ['11' '41.33755795334798' 'present']
 ['15' '41.91818067642192' 'marauded']
 ['11' '42.20035181689425' 'presentdestroyed']
 ['5' '44.38921891526724' 'presentdestroyed']
 ['11' '50.92770429301764' 'present']
 ['9' '51.161312071634796' 'present']
 ['12' '56.77213679064552' 'present']
 ['22' '57.08389814815559' 'present']
 ['11' '69.73737249256043' 'present']
 ['16' '74.77539471092246' 'present']
 ['2' '107.05346285623973' 'marauded']
 ['16' '109.69375860680648' 'presentdestroyed']
 ['5' '110.6205031706804' 'presentdestroyed']
 ['5' '111.4506550284414' 'destroyed']
 ['5' '111.56352816703279' 'destroyed']
 ['5' '136.75397781064288' 'present']
 ['4' '140.05342615566659' 'present']
 ['15' '140.53674610104375' 'present']
 ['12' '145.82663297503484' 'marauded']
 ['11' '150.85789476164007' 'presentdestroyed']
 ['16' '156.2148974365778' 'present']
 ['4' '159.62236052427312' 'present']
 ['16' '164.47658181404026' 'marauded']
 ['4' '166.86392011390177' 'presentdestroyed']
 ['4' '166.9873079377578' 'presentdestroyed']
 ['16' '173.70530883391385' 'present']
 ['2' '180.1569220392644' 'present']
 ['5' '188.43695018267442' 'marauded']
 ['16' '204.24102731573717' 'present']
 ['5' '205.13505625048782' 'present']
 ['16' '207.5714368956807' 'marauded']
 ['16' '209.50724540619834' 'presentdestroyed']
 ['15' '215.08223685874478' 'present']
 ['5' '221.62440813196304' 'marauded']
 ['5' '223.68522481397824' 'presentdestroyed']
 ['5' '235.25713653806187' 'present']
 ['11' '235.69081479847318' 'present']
 ['16' '238.16251344862482' 'marauded']
 ['16' '239.12442727587586' 'presentdestroyed']
 ['15' '239.74834144300547' 'destroyed']
 ['16' '242.20641078310203' 'presentdestroyed']
 ['2' '245.76205931615974' 'destroyed']
 ['5' '249.76387283894198' 'present']
 ['2' '261.31140815776075' 'present']
 ['2' '261.48645162832565' 'marauded']
 ['2' '261.9444399567769' 'presentdestroyed']
 ['22' '261.97127364183643' 'presentdestroyed']
 ['11' '262.27723917349294' 'destroyed']
 ['11' '262.4319015456551' 'presentdestroyed']
 ['22' '284.63043692028134' 'present']
 ['5' '286.18486390759375' 'present']
 ['4' '291.32176421462935' 'marauded']
 ['5' '294.1630507213752' 'presentdestroyed']
 ['12' '295.31514696185906' 'presentdestroyed']
 ['2' '307.4028107638987' 'present']
 ['16' '311.88754900610473' 'present']
 ['22' '315.6191263080643' 'present']
 ['11' '319.73343234057387' 'present']
 ['5' '323.2185158171722' 'marauded']
 ['4' '324.9320352130607' 'presentdestroyed']
 ['5' '328.80448894169376' 'presentdestroyed']
 ['16' '329.9885265248127' 'presentdestroyed']
 ['16' '331.2014618978425' 'present']
 ['2' '331.72290157698535' 'marauded']
 ['5' '331.8476609529791' 'presentdestroyed']
 ['5' '338.2573676517981' 'presentdestroyed']
 ['15' '341.3904532835313' 'present']
 ['16' '345.3905359435562' 'marauded']
 ['4' '346.4804754767982' 'presentdestroyed']]","[['F6' '27.662181567215764' 'mated']
 ['F195' '28.84607000982904' 'mated']
 ['F119' '33.73432425379988' 'mated']
 ['F213' '106.67456681850653' 'mated']
 ['F54' '119.66161266951698' 'mated']
 ['F30' '122.33121923204891' 'mated']
 ['F69' '126.19825604109829' 'mated']
 ['F73' '144.60872676826818' 'mated']
 ['F160' '146.72961690861834' 'destroyed']
 ['F120' '160.45263221133484' 'mated']
 ['F37' '194.06975177473558' 'absentdestroyed']
 ['F37' '194.09289992288373' 'absentdestroyed']
 ['F37' '194.11604807103188' 'absentdestroyed']
 ['F204' '198.1343167266238' 'mated']
 ['F194' '220.50271020509237' 'mated']
 ['F104' '241.28752496979465' 'destroyed']
 ['F137' '256.9968570996049' 'absent']
 ['F92' '258.3981745059696' 'mated']
 ['F10' '313.95528084890685' 'mated']
 ['F28' '332.20179819678157' 'destroyed']]",2000.0,500.0,564.0,72.85570406816136,15.277127992665221,1192.0,199.9410672563912,42.495537532401634,485.0,85.12622752095243,18.77211232859864,8.0,0.7999999999999999,0.08000000000000002,59.0,1.455702535124367,0.03804441015089162
18,0.054,11,360.200470593869,"[['9' '0.9567398267700952' 'marauded']
 ['22' '2.328485287044336' 'destroyed']
 ['22' '4.335093297461279' 'presentdestroyed']
 ['11' '7.086717704901277' 'presentdestroyed']
 ['19' '7.1549863329485595' 'presentdestroyed']
 ['20' '7.449568038584341' 'presentdestroyed']
 ['20' '8.82887838049609' 'present']
 ['9' '8.83772462694638' 'present']
 ['20' '15.539987101350388' 'marauded']
 ['1' '19.86140053867217' 'destroyed']
 ['19' '20.901405756599395' 'destroyed']
 ['19' '20.92455390474754' 'destroyed']
 ['21' '22.654261302665617' 'present']
 ['19' '24.127114756211206' 'marauded']
 ['6' '24.601583069664535' 'presentdestroyed']
 ['22' '26.09828943580943' 'presentdestroyed']
 ['11' '27.344983202450518' 'destroyed']
 ['10' '31.34580833183087' 'destroyed']
 ['22' '32.92581574734785' 'present']
 ['6' '34.826530579251454' 'present']
 ['11' '37.28554248034851' 'present']
 ['1' '42.02357023894341' 'present']
 ['9' '44.94899303335652' 'present']
 ['10' '50.970734131574105' 'present']
 ['9' '51.30916898199387' 'present']
 ['22' '55.01822534420062' 'marauded']
 ['20' '55.116214761555824' 'presentdestroyed']
 ['9' '56.79871873478907' 'presentdestroyed']
 ['2' '60.278248799471775' 'destroyed']
 ['3' '61.10548761090768' 'presentdestroyed']
 ['20' '62.403779604994824' 'presentdestroyed']
 ['22' '63.618876961246734' 'present']
 ['20' '66.99719660777247' 'marauded']
 ['22' '67.5076071890978' 'presentdestroyed']
 ['20' '69.99714697360331' 'presentdestroyed']
 ['11' '71.4725636331314' 'destroyed']
 ['20' '75.95415286212224' 'present']
 ['19' '76.46162194080601' 'present']
 ['2' '77.48149353172076' 'present']
 ['3' '86.19326701646155' 'marauded']
 ['22' '90.31874697048016' 'presentdestroyed']
 ['16' '96.80076280037015' 'marauded']
 ['20' '99.10683119362702' 'presentdestroyed']
 ['20' '99.12997934177517' 'presentdestroyed']
 ['21' '104.62127903696987' 'destroyed']
 ['6' '104.87021277729315' 'present']
 ['11' '109.2313469470315' 'present']
 ['2' '110.41213515075' 'present']
 ['22' '111.49951966962324' 'marauded']
 ['20' '114.90707123629583' 'presentdestroyed']
 ['10' '117.90066484329652' 'presentdestroyed']
 ['20' '118.8610400632762' 'presentdestroyed']
 ['10' '121.42824427191245' 'present']
 ['2' '123.85600776528655' 'present']
 ['22' '127.48012286211761' 'marauded']
 ['19' '127.74653789919905' 'presentdestroyed']
 ['3' '131.41189471548392' 'presentdestroyed']
 ['3' '131.78271940113058' 'presentdestroyed']
 ['8' '132.0935751694541' 'presentdestroyed']
 ['19' '137.8987783801781' 'present']
 ['9' '138.8668814803456' 'present']
 ['22' '141.59794166173745' 'present']
 ['10' '145.3288744613361' 'present']
 ['2' '147.2090757127569' 'marauded']
 ['2' '151.6549697643415' 'presentdestroyed']
 ['9' '155.37949326312443' 'present']
 ['20' '161.24632785740877' 'present']
 ['22' '165.91810929773385' 'marauded']
 ['22' '166.32291255968755' 'destroyed']
 ['19' '169.42867128364452' 'presentdestroyed']
 ['9' '169.64993076172752' 'presentdestroyed']
 ['22' '170.33222770935168' 'presentdestroyed']
 ['16' '174.95881554669197' 'marauded']
 ['9' '180.1209222884727' 'presentdestroyed']
 ['19' '181.22066453770188' 'presentdestroyed']
 ['20' '183.25532735743695' 'marauded']
 ['21' '183.71352295955072' 'presentdestroyed']
 ['2' '189.63391840190147' 'presentdestroyed']
 ['20' '191.97713799457523' 'present']
 ['20' '193.80468531646022' 'present']
 ['16' '197.59758725033578' 'present']
 ['22' '204.89009430174426' 'marauded']
 ['20' '210.18360629627347' 'presentdestroyed']
 ['22' '210.2386478710931' 'presentdestroyed']
 ['19' '214.93816111138955' 'present']
 ['19' '216.89084693787962' 'marauded']
 ['20' '218.34257648800371' 'destroyed']
 ['11' '219.41138905425993' 'presentdestroyed']
 ['6' '226.06144724575805' 'marauded']
 ['9' '229.4452553942146' 'presentdestroyed']
 ['11' '235.16092850346175' 'present']
 ['7' '237.32275829625414' 'marauded']
 ['20' '237.5938913306297' 'presentdestroyed']
 ['22' '237.79534246609563' 'presentdestroyed']
 ['19' '244.59616444537878' 'destroyed']
 ['11' '251.66195785415317' 'present']
 ['2' '255.168703348163' 'present']
 ['3' '259.7761682804964' 'present']
 ['22' '264.11564450990454' 'marauded']
 ['19' '272.7282132316409' 'present']
 ['20' '284.28353032909683' 'present']
 ['2' '302.3487718187469' 'present']
 ['10' '310.0475451867599' 'present']
 ['22' '313.2635107257112' 'present']
 ['3' '320.0137035225148' 'marauded']
 ['2' '325.26677898077503' 'presentdestroyed']
 ['19' '333.4638438181044' 'marauded']
 ['22' '333.752970045194' 'destroyed']
 ['19' '336.0287475932746' 'presentdestroyed']
 ['9' '339.0584976316916' 'presentdestroyed']
 ['2' '340.78851700335457' 'presentdestroyed']
 ['2' '343.5911951725496' 'marauded']
 ['19' '345.165911616897' 'presentdestroyed']
 ['19' '348.0637034301617' 'presentdestroyed']
 ['20' '353.9965923902712' 'present']
 ['10' '355.3229146665479' 'present']
 ['10' '355.9354646362352' 'marauded']
 ['22' '357.07625084400803' 'presentdestroyed']
 ['7' '357.96067397194577' 'presentdestroyed']]","[['F128' '8.819605278263337' 'mated']
 ['F71' '35.72047921402685' 'mated']
 ['F91' '51.49703106701091' 'mated']
 ['F112' '59.20905392629314' 'destroyed']
 ['F166' '93.18313990939647' 'destroyed']
 ['F68' '125.23178667444614' 'absent']
 ['F116' '147.42355817787717' 'destroyed']
 ['F178' '162.98919703823034' 'mated']
 ['F162' '168.28114517524165' 'destroyed']
 ['F189' '169.20617556833577' 'destroyed']
 ['F146' '179.12283250468678' 'absentdestroyed']
 ['F98' '182.00876422277403' 'absentdestroyed']
 ['F51' '182.75772876922318' 'destroyed']
 ['F76' '190.67324593186376' 'destroyed']
 ['F111' '193.92143844769404' 'mated']
 ['F7' '209.2914598810556' 'destroyed']
 ['F168' '219.48349336158836' 'absentdestroyed']
 ['F3' '223.03439586489236' 'destroyed']
 ['F58' '230.5025111571124' 'destroyed']
 ['F84' '234.91348974439632' 'absent']
 ['F31' '252.45026198891728' 'mated']
 ['F122' '273.3161912614746' 'mated']
 ['F9' '291.0502866325078' 'mated']
 ['F133' '304.1477913980582' 'mated']
 ['F156' '307.42718410095154' 'mated']
 ['F211' '330.3744330086873' 'mated']
 ['F28' '332.1786500486334' 'absent']]",2000.0,1000.0,579.0,74.38901141371703,15.874892778676795,913.0,151.60246343204082,31.924022933293383,770.0,131.76539733051294,28.702010978494283,10.0,0.9999999999999999,0.10000000000000003,49.0,1.2971078206185906,0.03590106310013719
19,0.054,8,359.82681826852615,"[['16' '6.914653717051362' 'present']
 ['18' '8.641140451878504' 'marauded']
 ['18' '12.651423393855728' 'presentdestroyed']
 ['11' '16.9740816772126' 'present']
 ['3' '27.392704129787283' 'present']
 ['5' '28.276064829207705' 'marauded']
 ['5' '34.98990603576292' 'presentdestroyed']
 ['5' '41.273196228449876' 'present']
 ['15' '47.568319657645205' 'marauded']
 ['3' '52.52785185671921' 'presentdestroyed']
 ['15' '53.38465735805727' 'presentdestroyed']
 ['5' '54.39489411734233' 'present']
 ['11' '75.6023764847524' 'present']
 ['18' '83.53857501712058' 'marauded']
 ['3' '83.9506900867624' 'presentdestroyed']
 ['3' '87.99398365685055' 'destroyed']
 ['3' '89.24602861325904' 'presentdestroyed']
 ['3' '94.6565054829122' 'present']
 ['5' '99.58105861086612' 'present']
 ['14' '107.47004106824913' 'present']
 ['5' '111.42750688029325' 'present']
 ['5' '111.54038001888463' 'present']
 ['5' '119.5561891418334' 'present']
 ['5' '119.57933728998155' 'present']
 ['16' '121.09353895083453' 'present']
 ['3' '128.58210450797543' 'marauded']
 ['5' '129.45910349359704' 'presentdestroyed']
 ['11' '134.86176205776124' 'presentdestroyed']
 ['15' '135.4848986376697' 'presentdestroyed']
 ['15' '173.33273181124596' 'marauded']
 ['11' '192.5388650712391' 'marauded']
 ['5' '194.420629560966' 'presentdestroyed']
 ['5' '198.79762287878435' 'presentdestroyed']
 ['5' '198.8207710269325' 'presentdestroyed']
 ['18' '203.89290067518908' 'marauded']
 ['5' '219.20655956439754' 'present']
 ['16' '234.715823440312' 'present']
 ['15' '236.03184240105398' 'present']
 ['1' '236.32273551114397' 'present']
 ['16' '245.08623690419992' 'marauded']
 ['15' '270.2568175245919' 'present']
 ['3' '272.1923535121609' 'present']
 ['5' '278.9955347105693' 'present']
 ['20' '283.159501091552' 'present']
 ['18' '287.3297157634526' 'present']
 ['5' '293.3353494306114' 'present']
 ['5' '295.98035785734555' 'present']
 ['3' '306.7655931928016' 'marauded']
 ['5' '316.4200472042605' 'present']
 ['5' '318.0884428593009' 'present']
 ['3' '319.25877990829963' 'present']
 ['3' '320.83198316901985' 'present']
 ['3' '327.40485313456156' 'present']
 ['18' '329.65773692073446' 'present']
 ['3' '329.92943664890095' 'present']
 ['5' '331.4403453346319' 'present']
 ['11' '336.32352107042635' 'marauded']
 ['3' '353.29838776432763' 'present']
 ['5' '354.6657693651703' 'present']
 ['14' '357.0076365899929' 'present']]","[['F126' '43.925083632427544' 'mated']
 ['F91' '51.48545699293683' 'destroyed']
 ['F80' '82.0838643835939' 'mated']
 ['F39' '135.23057713755483' 'absentdestroyed']
 ['F46' '146.3950224324259' 'mated']
 ['F114' '163.39098430314363' 'absent']
 ['F22' '174.101875674416' 'destroyed']
 ['F77' '187.50440786882768' 'mated']
 ['F19' '189.29772768877461' 'mated']
 ['F78' '217.41904556499978' 'mated']
 ['F173' '281.3137470525477' 'mated']
 ['F125' '333.02502204368454' 'mated']
 ['F175' '342.2436635553706' 'destroyed']]",2000.0,1500.0,577.0,70.9939762390923,14.423715860236129,1316.0,218.4466074611834,46.44313989421032,397.0,67.39206887561006,14.22632763741848,9.0,0.8999999999999999,0.09000000000000002,85.0,2.290883896793596,0.06805126886145399
20,0.054,7,360.47133723496455,"[['7' '0.01636821252746638' 'present']
 ['3' '14.412715933729949' 'present']
 ['10' '18.891692828246452' 'present']
 ['10' '20.554966169740734' 'marauded']
 ['1' '38.621662862993496' 'present']
 ['8' '39.44935515515569' 'marauded']
 ['18' '46.60086138144897' 'presentdestroyed']
 ['7' '52.07878385155269' 'present']
 ['18' '65.75576309125938' 'present']
 ['22' '72.18312192475508' 'present']
 ['18' '78.87159876829516' 'present']
 ['22' '91.51482876903228' 'present']
 ['10' '92.45181014818829' 'present']
 ['13' '113.21366737849185' 'present']
 ['10' '118.52410862505603' 'present']
 ['16' '118.69919370964814' 'present']
 ['10' '120.66170454564855' 'marauded']
 ['18' '125.80428017863869' 'presentdestroyed']
 ['8' '131.886504528085' 'present']
 ['1' '141.06989078543282' 'present']
 ['10' '141.4814512337922' 'marauded']
 ['10' '152.4557910173501' 'present']
 ['10' '165.97152871071577' 'marauded']
 ['18' '174.36293436959096' 'present']
 ['7' '182.67742891432846' 'present']
 ['7' '193.99364827224588' 'present']
 ['1' '203.09186743789283' 'present']
 ['10' '209.18705591744205' 'present']
 ['7' '221.93190192136444' 'marauded']
 ['7' '223.10034483378763' 'presentdestroyed']
 ['18' '246.74194842262614' 'present']
 ['10' '266.5191244185024' 'present']
 ['5' '283.27792105920685' 'present']
 ['10' '286.75391765428014' 'present']
 ['8' '288.78676547872146' 'present']
 ['18' '289.355497911512' 'present']
 ['10' '290.59889032825174' 'present']
 ['8' '294.1049065229722' 'present']
 ['10' '294.6899090686783' 'present']
 ['18' '299.27955297385734' 'marauded']
 ['10' '300.72978917109526' 'presentdestroyed']
 ['18' '304.09915458295336' 'destroyed']
 ['18' '309.80127947587175' 'present']
 ['8' '321.1770317751989' 'present']
 ['8' '322.08329918013595' 'present']
 ['8' '325.4181040452073' 'present']
 ['8' '343.6697873409237' 'present']
 ['10' '355.86138775905596' 'present']
 ['10' '359.83136342812355' 'present']]","[['F15' '63.540039259954014' 'mated']
 ['F189' '169.1946014942617' 'destroyed']
 ['F98' '182.03670650937556' 'mated']
 ['F48' '183.11894842946674' 'mated']
 ['F202' '184.24311497774232' 'mated']
 ['F32' '184.6624671392451' 'mated']
 ['F147' '198.63297860534905' 'absent']
 ['F7' '209.27988580698153' 'absent']
 ['F117' '212.8254514837812' 'mated']
 ['F3' '223.02282179081828' 'absentdestroyed']
 ['F197' '248.74536610113398' 'absent']
 ['F35' '266.51308206202077' 'mated']
 ['F149' '281.66038046042587' 'absent']]",2500.0,0.0,567.0,75.502667483555,17.06058439147024,1402.0,237.9632335424073,51.008040498194845,249.0,42.72039070835492,9.158865168259467,14.0,1.4000000000000001,0.14000000000000007,86.0,2.533598743419489,0.0830546982167352
21,0.054,17,360.2726749616206,"[['4' '0.023148148148148147' 'marauded']
 ['12' '0.940472479938084' 'presentdestroyed']
 ['5' '2.6835593168006753' 'presentdestroyed']
 ['2' '5.8837531574571456' 'presentdestroyed']
 ['15' '10.400291176691287' 'present']
 ['2' '13.581627297691464' 'present']
 ['3' '14.762703526031673' 'present']
 ['3' '17.857900308457776' 'present']
 ['5' '28.248122542606165' 'present']
 ['15' '40.50728539578711' 'present']
 ['3' '41.08839214703796' 'present']
 ['3' '47.53372803226596' 'present']
 ['3' '48.57046975466525' 'present']
 ['2' '48.92116947910435' 'present']
 ['3' '50.590162652055085' 'present']
 ['5' '54.00202262706494' 'present']
 ['2' '58.568663697042254' 'present']
 ['13' '59.18855922630826' 'present']
 ['2' '60.30139694761993' 'present']
 ['2' '64.72216527726536' 'present']
 ['4' '64.74547638097286' 'present']
 ['9' '72.5941423741979' 'present']
 ['3' '90.22936792620344' 'present']
 ['9' '95.974392559977' 'present']
 ['12' '104.8534109566774' 'marauded']
 ['3' '107.32528861977464' 'presentdestroyed']
 ['9' '109.88745091999412' 'presentdestroyed']
 ['12' '113.13862729474562' 'present']
 ['9' '116.67273057020407' 'marauded']
 ['2' '116.71753146401883' 'destroyed']
 ['3' '117.27911274828442' 'presentdestroyed']
 ['15' '119.92751768299158' 'presentdestroyed']
 ['5' '122.15199141488914' 'presentdestroyed']
 ['9' '124.20411142803829' 'present']
 ['9' '138.48154575127688' 'present']
 ['5' '142.1184848960586' 'present']
 ['15' '143.1847866750256' 'present']
 ['2' '145.4288735241321' 'present']
 ['9' '149.5336160091573' 'present']
 ['9' '156.3343161394327' 'present']
 ['12' '176.2851934429409' 'present']
 ['9' '178.41390578280803' 'present']
 ['5' '188.4090078960729' 'present']
 ['15' '190.3482781425408' 'present']
 ['15' '194.1404686490808' 'present']
 ['4' '228.2297290911479' 'present']
 ['2' '234.54123620108325' 'present']
 ['12' '237.29756882092533' 'present']
 ['9' '238.33465512070063' 'marauded']
 ['15' '239.8618316698861' 'presentdestroyed']
 ['3' '248.5368060688827' 'present']
 ['3' '249.79442317295317' 'present']
 ['4' '249.82779197501267' 'present']
 ['15' '261.27006933618634' 'present']
 ['2' '265.61873002524766' 'present']
 ['12' '267.4008344006177' 'marauded']
 ['2' '270.2838903700615' 'presentdestroyed']
 ['5' '278.2047124296757' 'present']
 ['2' '295.4010213133774' 'present']
 ['9' '298.00891029125125' 'present']
 ['15' '312.8134853530494' 'present']
 ['9' '332.23393900601246' 'present']
 ['9' '336.94040770366405' 'present']
 ['5' '343.3400622183103' 'present']
 ['5' '345.0473823739159' 'present']
 ['9' '353.8461288024803' 'present']
 ['2' '358.78282057107316' 'present']]","[['F42' '36.562097718101334' 'mated']
 ['F191' '36.971843949456314' 'mated']
 ['F85' '80.57857660773236' 'mated']
 ['F43' '93.19950171932324' 'mated']
 ['F123' '113.42898219127352' 'mated']
 ['F163' '124.46662580673525' 'mated']
 ['F1' '149.8253916988497' 'mated']
 ['F57' '158.4774771358544' 'mated']
 ['F18' '161.09661727968316' 'mated']
 ['F2' '177.61953464222464' 'mated']
 ['F105' '188.84503618757958' 'mated']
 ['F95' '199.4015908483286' 'mated']
 ['F179' '208.7198275057428' 'absent']
 ['F193' '223.5339283436721' 'mated']
 ['F190' '244.310968138573' 'destroyed']
 ['F137' '257.02479938620644' 'mated']
 ['F67' '266.94328923343073' 'mated']
 ['F14' '281.84766184423654' 'mated']
 ['F17' '337.2178038408994' 'mated']]",2500.0,500.0,562.0,70.44541459631981,14.927618079900027,1514.0,254.69844529975342,54.704704001511274,180.0,30.318450511227454,6.628229043535921,17.0,1.7000000000000004,0.1700000000000001,103.0,2.905389222336185,0.0868055555555555
22,0.054,11,360.3123274434854,"[['16' '6.949375939273584' 'present']
 ['16' '21.430307080623574' 'present']
 ['11' '30.75863023165328' 'present']
 ['20' '32.901992794369434' 'present']
 ['12' '44.294868436990924' 'present']
 ['11' '65.87413338466601' 'present']
 ['14' '67.17157248918633' 'present']
 ['16' '75.27823742748225' 'marauded']
 ['16' '83.54777950173441' 'present']
 ['8' '94.84867854494225' 'present']
 ['11' '96.67032918583635' 'present']
 ['16' '99.48968349293058' 'marauded']
 ['1' '99.81934105264791' 'presentdestroyed']
 ['14' '100.62675356632269' 'destroyed']
 ['16' '103.70999952842295' 'presentdestroyed']
 ['20' '104.68601995055205' 'presentdestroyed']
 ['11' '129.73592050107735' 'present']
 ['12' '132.96380011482282' 'present']
 ['18' '135.57315632239795' 'present']
 ['18' '158.35987010946653' 'present']
 ['16' '185.60832449174742' 'marauded']
 ['14' '189.935804103094' 'presentdestroyed']
 ['9' '190.32005371752987' 'destroyed']
 ['8' '192.2027602162444' 'presentdestroyed']
 ['14' '193.9573107683631' 'present']
 ['16' '213.87328559248948' 'present']
 ['8' '214.13484549631187' 'present']
 ['16' '214.7159788595188' 'present']
 ['14' '217.3716231081032' 'present']
 ['16' '224.5790600110071' 'present']
 ['16' '233.66205218237954' 'present']
 ['1' '251.9547600575899' 'marauded']
 ['17' '254.5050506861655' 'presentdestroyed']
 ['18' '262.064220593607' 'present']
 ['14' '262.2955963868668' 'present']
 ['16' '263.42970103167204' 'present']
 ['9' '267.51039832455416' 'present']
 ['18' '282.0772986276598' 'present']
 ['12' '303.0601342792759' 'present']
 ['18' '304.01250244358704' 'present']
 ['18' '310.39413277804664' 'present']
 ['16' '316.2884302214156' 'present']
 ['8' '325.08370042560705' 'marauded']]","[['F6' '27.645813354688297' 'absent']
 ['F166' '93.19471398347055' 'mated']
 ['F81' '97.8236677144429' 'absent']
 ['F30' '110.30327694544737' 'absent']
 ['F121' '123.3434914091743' 'mated']
 ['F159' '126.7185612734661' 'mated']
 ['F83' '161.083448413631' 'mated']
 ['F189' '169.21774964240984' 'mated']
 ['F146' '179.13440657876086' 'mated']
 ['F76' '190.66167185778968' 'destroyed']
 ['F7' '209.30303395512968' 'mated']
 ['F168' '219.49506743566243' 'mated']
 ['F171' '226.41953439555206' 'mated']
 ['F104' '241.3038931823221' 'mated']
 ['F153' '300.7522133086917' 'mated']
 ['F27' '309.2670320476064' 'absent']]",2500.0,1000.0,572.0,72.98303167160766,15.582533622527967,1473.0,252.19409379257291,54.406275165650655,178.0,30.50334164992386,6.707196380373414,19.0,1.9000000000000006,0.1900000000000001,82.0,2.4703795657712786,0.08144718792866941
23,0.0,7,360.61524335281666,"[['6' '13.42404422340534' 'present']
 ['3' '13.650521904812232' 'present']
 ['21' '22.162465383887557' 'present']
 ['3' '23.71106913939348' 'present']
 ['12' '37.40542800206031' 'present']
 ['12' '37.83102859259729' 'marauded']
 ['12' '42.54956117996401' 'presentdestroyed']
 ['7' '47.61305138947652' 'marauded']
 ['7' '51.47561478380731' 'presentdestroyed']
 ['21' '61.067911888181904' 'present']
 ['15' '89.05085632343472' 'present']
 ['6' '109.05976558521776' 'present']
 ['21' '115.17031378814008' 'present']
 ['7' '122.64586946295093' 'present']
 ['21' '126.71107376902523' 'marauded']
 ['6' '126.74637096273429' 'destroyed']
 ['7' '132.38864680858637' 'presentdestroyed']
 ['15' '136.07004143466614' 'present']
 ['21' '140.14959985222887' 'present']
 ['21' '144.6906730507295' 'present']
 ['12' '151.33854927062723' 'present']
 ['21' '152.00714388542696' 'present']
 ['7' '154.28267714802874' 'present']
 ['7' '154.40979555981446' 'present']
 ['21' '195.24842422670923' 'present']
 ['21' '215.7459895139588' 'present']
 ['7' '226.7275084973275' 'present']
 ['13' '250.82338082884732' 'present']
 ['6' '253.23249926054098' 'present']
 ['12' '273.58879581934696' 'marauded']
 ['7' '280.0796413264407' 'destroyed']
 ['21' '292.68888449128264' 'marauded']
 ['7' '319.98910274310276' 'present']
 ['21' '325.86570381856126' 'present']
 ['3' '329.9668911393813' 'marauded']
 ['21' '330.14498556419375' 'presentdestroyed']
 ['21' '346.71146884506385' 'present']
 ['12' '349.49416677475375' 'present']
 ['11' '354.3195435659195' 'present']]","[['F142' '51.93238755492895' 'destroyed']
 ['F102' '66.93570528677994' 'mated']
 ['F107' '126.2146145274249' 'mated']
 ['F114' '163.41892658974515' 'mated']
 ['F172' '166.03924722880873' 'mated']
 ['F162' '168.31586739746388' 'absent']
 ['F50' '185.6157520512919' 'mated']
 ['F181' '198.05595651468067' 'absent']
 ['F38' '243.68507898108342' 'mated']
 ['F55' '286.84832121616625' 'mated']
 ['F156' '307.3924618787293' 'absent']]",2500.0,1500.0,558.0,71.38897571949862,15.69558349748851,1528.0,252.43319194370187,53.04755413901014,215.0,36.52924384274749,8.13376930585196,0.0,0.0,0.0,0.0,0.0,0.0
