id,probability_maraud,successful_mating,next_foraging_time,mar_attempts,mate_attempts,x_pos,y_pos,foraging_events,foraging_hrs,foraging_sqhrs,staying_events,staying_hrs,staying_sqhrs,repairing_events,repairing_hrs,repairing_sqhrs,marauding_events,marauding_hrs,marauding_sqhrs,traveling_events,traveling_hrs,traveling_sqhrs
0,0.0,11,360.14735537209737,"[['3' '46.946396399310856' 'marauded']
 ['10' '57.19953584810642' 'marauded']
 ['1' '62.38454344178542' 'presentdestroyed']
 ['10' '84.42367847785732' 'marauded']
 ['3' '114.93207180236995' 'present']
 ['3' '120.16374876909858' 'present']
 ['3' '131.9556433362283' 'present']
 ['3' '171.73968601701003' 'marauded']
 ['1' '271.4439774497709' 'present']
 ['10' '301.323511857893' 'present']
 ['1' '314.2270280165571' 'present']
 ['1' '319.8748303860124' 'marauded']]","[['F110' '40.89516498261576' 'mated']
 ['F135' '61.22729229122043' 'destroyed']
 ['F20' '96.20263904272004' 'mated']
 ['F153' '104.75358582726456' 'absent']
 ['F181' '115.02624617718774' 'mated']
 ['F9' '158.13114003020127' 'absent']
 ['F30' '164.52279707948304' 'mated']
 ['F83' '166.60994689834908' 'mated']
 ['F200' '173.21747604222986' 'destroyed']
 ['F68' '191.09600161897106' 'mated']
 ['F10' '191.92299027159348' 'mated']
 ['F121' '193.14231392356697' 'mated']
 ['F80' '196.24144254141257' 'mated']
 ['F62' '200.4544534498613' 'absent']
 ['F159' '214.20711214049498' 'mated']
 ['F152' '280.4851109111844' 'mated']]",0.0,0.0,559.0,67.50276740723697,15.086554057680548,1551.0,262.317376631784,55.62438319550944,181.0,30.35520464912527,6.351265980737071,0.0,0.0,0.0,0.0,0.0,0.0
1,0.054,11,360.24541998952145,"[['10' '6.117142008140944' 'marauded']
 ['10' '8.94420997067448' 'destroyed']
 ['10' '26.89300390030065' 'present']
 ['3' '54.67745363586069' 'present']
 ['10' '71.77710095322342' 'marauded']
 ['3' '74.35282828217713' 'destroyed']
 ['3' '86.67507183442595' 'present']
 ['3' '108.97917293441246' 'present']
 ['10' '166.46288773309988' 'marauded']
 ['10' '264.51634029757514' 'present']
 ['10' '321.49045174340773' 'marauded']
 ['10' '339.95325643718064' 'present']
 ['10' '350.1130770050774' 'present']]","[['F111' '89.14439672104407' 'mated']
 ['F12' '92.69438388494167' 'mated']
 ['F171' '133.80998141764255' 'mated']
 ['F203' '136.7718984504603' 'mated']
 ['F11' '145.94187687531263' 'mated']
 ['F202' '153.191583582232' 'mated']
 ['F58' '164.7955394750261' 'mated']
 ['F121' '193.13536947912255' 'absent']
 ['F140' '211.6844000100686' 'absent']
 ['F208' '246.86993141520335' 'mated']
 ['F117' '272.1102215905241' 'mated']
 ['F63' '276.67571388793766' 'mated']
 ['F150' '321.0816470095361' 'mated']]",0.0,100.0,577.0,71.79269669330111,15.021006171655339,1536.0,261.9451976702997,56.66245077768795,146.0,24.206383056889443,5.166469116817632,15.0,1.5000000000000002,0.15000000000000008,83.0,0.7550771512446567,0.00801611796982168
2,0.0,9,360.06770503218684,"[['3' '11.545981896239633' 'present']
 ['1' '14.544692337263042' 'present']
 ['10' '49.37618148058024' 'marauded']
 ['3' '84.28553500905355' 'present']
 ['3' '101.25661712666799' 'present']
 ['1' '156.00991568873496' 'present']
 ['10' '173.0234378678188' 'present']
 ['1' '190.2203180157844' 'present']
 ['10' '203.9866571243302' 'present']
 ['3' '212.2272902789074' 'present']
 ['10' '251.6919932769515' 'marauded']
 ['10' '267.13770593328564' 'present']]","[['F134' '40.315871835493375' 'mated']
 ['F163' '94.37856502668949' 'absent']
 ['F61' '106.16338316669055' 'mated']
 ['F84' '106.29968286488266' 'mated']
 ['F49' '106.42111028507969' 'mated']
 ['F153' '116.75821545689419' 'mated']
 ['F71' '178.59880087365968' 'absent']
 ['F210' '189.898406731894' 'mated']
 ['F186' '200.04218584568795' 'mated']
 ['F95' '228.66175226500872' 'mated']
 ['F7' '241.19036561982972' 'mated']]",0.0,200.0,569.0,73.29326715148996,15.498897801315955,1598.0,274.5610152615715,59.68177164161542,72.0,12.183539887994549,2.6870303784475436,0.0,0.0,0.0,0.0,0.0,0.0
3,0.054,11,360.2849132849782,"[['1' '31.875888284101254' 'present']
 ['10' '49.01596252101873' 'present']
 ['10' '58.131050182255855' 'present']
 ['10' '104.46503112013943' 'present']
 ['1' '124.68451269802557' 'marauded']
 ['10' '170.8132323955227' 'present']
 ['10' '172.91363215490796' 'marauded']
 ['10' '294.32768853996623' 'present']
 ['1' '301.54763023580796' 'marauded']]","[['F199' '56.14909244571448' 'mated']
 ['F174' '75.99687154470972' 'mated']
 ['F120' '76.29184321274404' 'mated']
 ['F72' '82.97677241551703' 'mated']
 ['F163' '94.3808798415043' 'mated']
 ['F59' '111.82617425230528' 'mated']
 ['F190' '133.77412590295367' 'mated']
 ['F207' '167.43138986980554' 'mated']
 ['F42' '171.55492392311365' 'mated']
 ['F121' '193.13999910875216' 'absent']
 ['F48' '201.30519391853082' 'mated']
 ['F205' '248.0442680298471' 'absent']
 ['F152' '280.48279609636955' 'absent']
 ['F123' '331.3018480466025' 'mated']]",0.0,300.0,561.0,72.656146351447,14.88271452877634,1552.0,267.04319800101877,57.75095916830509,102.0,18.365949220851427,4.071414174527591,13.0,1.3,0.13000000000000006,92.0,0.8539556677090706,0.008894890260631009
4,0.0,3,359.99278864097886,"[['3' '37.7525517481378' 'present']
 ['3' '81.4800088829602' 'present']
 ['3' '132.72245089485196' 'marauded']
 ['1' '141.40626481038493' 'present']
 ['1' '175.12079313104672' 'present']
 ['3' '225.18739331155092' 'present']
 ['1' '273.14796112886546' 'present']
 ['3' '289.87204783362483' 'present']]","[['F112' '37.261833669112725' 'absent']
 ['F110' '40.892850167800944' 'absent']
 ['F172' '43.485980547855185' 'mated']
 ['F115' '43.80375146835672' 'absent']
 ['F115' '43.82044383537276' 'absent']
 ['F60' '68.54648151690695' 'mated']
 ['F153' '104.73406272911592' 'absent']
 ['F149' '129.532013171726' 'absent']
 ['F131' '193.79870213241526' 'absent']
 ['F44' '230.538102591038' 'mated']
 ['F7' '241.18518953654848' 'absent']
 ['F5' '355.1227086800048' 'absent']]",100.0,0.0,562.0,72.46869568050786,15.321044494676226,1658.0,281.91787126502425,60.959420748023966,32.0,6.028864552883311,1.3681554082049368,0.0,0.0,0.0,0.0,0.0,0.0
5,0.0,5,360.04053654007225,"[['10' '2.3721890249139364' 'present']
 ['3' '36.37249197495234' 'present']
 ['10' '57.917839878787795' 'present']
 ['10' '69.22392041245334' 'present']
 ['1' '132.85107683540105' 'present']
 ['10' '143.14517783539438' 'present']
 ['1' '162.5325481843594' 'present']
 ['1' '202.61790006694306' 'present']
 ['1' '206.65641186246563' 'present']
 ['10' '239.99167777408894' 'present']
 ['1' '256.753914825443' 'present']
 ['1' '257.3840540083948' 'present']
 ['3' '279.34090897779413' 'present']
 ['1' '300.4995266167703' 'present']
 ['1' '306.63434469584826' 'present']
 ['1' '332.23643321670227' 'marauded']
 ['3' '341.7669606910713' 'present']
 ['1' '341.81795681963905' 'present']]","[['F180' '98.19556342083126' 'mated']
 ['F90' '193.83045215496628' 'mated']
 ['F193' '261.01891014773236' 'mated']
 ['F189' '284.25439712118555' 'mated']
 ['F192' '285.620312896037' 'mated']]",100.0,100.0,558.0,71.43405895795577,16.419289784909303,1686.0,282.62561226660324,60.15418399758766,33.0,6.03316860416457,1.4064044438357997,0.0,0.0,0.0,0.0,0.0,0.0
6,0.0,17,360.7317811202311,"[['1' '3.3876181633150457' 'present']
 ['10' '71.15495605778383' 'present']
 ['3' '90.59797237919565' 'present']
 ['10' '99.88979651906435' 'marauded']
 ['1' '132.84548837808074' 'present']
 ['1' '134.1272850848651' 'present']
 ['1' '182.22623313892362' 'present']
 ['3' '202.42036814882087' 'present']
 ['1' '218.79349147675575' 'present']
 ['1' '222.1700110778201' 'present']
 ['3' '270.5672180464273' 'present']]","[['F99' '76.51720752794802' 'mated']
 ['F173' '96.3495498475629' 'mated']
 ['F148' '108.05307993648728' 'mated']
 ['F67' '128.01977749201765' 'mated']
 ['F50' '140.00830010845377' 'mated']
 ['F102' '167.1007233907094' 'mated']
 ['F94' '179.89198176517198' 'mated']
 ['F114' '181.3593083485176' 'mated']
 ['F25' '185.41427313722295' 'mated']
 ['F29' '201.19864092641825' 'mated']
 ['F127' '201.67406833506922' 'mated']
 ['F146' '229.51027861117814' 'mated']
 ['F205' '248.0475416723526' 'mated']
 ['F13' '257.1651583891944' 'mated']
 ['F157' '267.28859681267414' 'mated']
 ['F65' '295.4073010166882' 'mated']
 ['F91' '301.1610719145886' 'mated']
 ['F5' '355.1273383096344' 'absent']]",100.0,200.0,570.0,68.94418759720612,14.300362454269822,1658.0,285.15060775777135,61.83313870792398,35.0,6.078362454519457,1.221353177312402,0.0,0.0,0.0,0.0,0.0,0.0
7,0.0,11,360.7032815425422,"[['1' '27.274710427136842' 'present']
 ['1' '40.4061283010742' 'present']
 ['10' '116.86938407628925' 'present']
 ['3' '143.0811338413726' 'present']
 ['3' '163.15246437330688' 'present']
 ['10' '180.54093598696772' 'marauded']
 ['1' '213.6577539728382' 'present']
 ['3' '257.02169554754454' 'present']
 ['10' '319.0865761654913' 'present']
 ['10' '324.73429696076306' 'present']]","[['F2' '26.54376087838944' 'absent']
 ['F104' '102.41764358765654' 'mated']
 ['F165' '149.80324305369166' 'mated']
 ['F36' '168.75257461753614' 'absent']
 ['F98' '192.24029425502778' 'mated']
 ['F56' '219.27400725347962' 'mated']
 ['F194' '219.88640196175743' 'absent']
 ['F22' '250.43796514879568' 'mated']
 ['F113' '250.4994330406802' 'mated']
 ['F57' '256.970995774036' 'mated']
 ['F212' '264.4113595501196' 'mated']
 ['F184' '270.7084793590647' 'mated']
 ['F209' '273.8869881588998' 'mated']
 ['F215' '296.36414469834517' 'mated']]",100.0,300.0,560.0,71.48598071082147,15.481926189163033,1671.0,282.5130852740173,60.582146680872086,38.0,6.059459850354311,1.3068799005917713,0.0,0.0,0.0,0.0,0.0,0.0
8,0.0,10,360.07602350039326,"[['3' '14.004450153280489' 'present']
 ['1' '50.21141337430489' 'present']
 ['10' '104.47483683305032' 'present']
 ['1' '119.30732781407296' 'present']
 ['1' '131.62314847292257' 'present']
 ['3' '190.82141921722481' 'present']
 ['3' '202.9925095563253' 'present']
 ['3' '209.306946523287' 'present']
 ['10' '255.86625281837965' 'present']
 ['10' '285.1197109031911' 'present']
 ['10' '293.55903268609256' 'marauded']
 ['10' '308.1492078614279' 'present']
 ['3' '310.2475370707162' 'present']
 ['3' '332.1375964675064' 'present']
 ['10' '333.51090688489717' 'present']
 ['10' '348.9223383940562' 'present']
 ['10' '354.55623664210583' 'present']]","[['F27' '13.506286409251551' 'mated']
 ['F116' '72.2569197312474' 'mated']
 ['F153' '104.73174791430111' 'absent']
 ['F153' '104.74895619763493' 'absent']
 ['F133' '111.2662143765628' 'mated']
 ['F149' '129.5343279865408' 'mated']
 ['F74' '146.19492325612552' 'mated']
 ['F200' '173.22210567185948' 'mated']
 ['F14' '206.77843316943358' 'mated']
 ['F128' '214.1068942948398' 'absent']
 ['F142' '234.23843121811538' 'mated']
 ['F35' '247.24707874242097' 'mated']
 ['F196' '255.7798477943718' 'absent']
 ['F88' '267.2176006948325' 'mated']
 ['F3' '300.8844006106479' '']]",200.0,0.0,569.0,72.49817812223742,15.465061673989934,1624.0,281.500033632907,61.37873787531989,32.0,6.061625820856618,1.541906310562747,0.0,0.0,0.0,0.0,0.0,0.0
9,0.0,8,360.61062920499336,"[['1' '29.235374809242252' 'present']
 ['10' '37.13040554784358' 'present']
 ['10' '45.566695809616235' 'present']
 ['10' '72.73805615764314' 'present']
 ['10' '116.30702924704858' 'marauded']
 ['1' '144.32977165420326' 'marauded']
 ['10' '174.29281265799148' 'present']
 ['10' '226.6068345986573' 'present']
 ['1' '276.45042684408475' 'present']
 ['1' '279.45705158814746' 'present']
 ['1' '290.54158611519216' 'marauded']
 ['1' '339.2498062023074' 'marauded']
 ['10' '340.5128087711132' 'presentdestroyed']
 ['3' '346.6229822929317' 'presentdestroyed']]","[['F16' '123.80279822212016' 'absentdestroyed']
 ['F23' '138.05121339914976' 'mated']
 ['F21' '156.29339087135327' 'mated']
 ['F81' '182.94597656075973' 'mated']
 ['F89' '189.60576935498682' 'mated']
 ['F40' '250.490411362143' 'mated']
 ['F125' '265.75819511135626' 'mated']
 ['F176' '274.01001882958633' 'mated']
 ['F177' '317.3881834307348' 'mated']]",200.0,100.0,570.0,73.95328698885882,16.01057107799819,1524.0,261.91382870195406,56.28237116975434,142.0,24.25376893146793,5.18146736605951,0.0,0.0,0.0,0.0,0.0,0.0
10,0.054,10,359.9478513618596,"[['3' '41.629683521938645' 'present']
 ['1' '60.05979941483087' 'present']
 ['3' '68.16750253500965' 'present']
 ['3' '91.943129343408' 'marauded']
 ['3' '116.61313779592741' 'present']
 ['3' '122.40826795478795' 'present']
 ['3' '144.40966993561605' 'present']
 ['3' '241.75487654905274' 'present']
 ['1' '246.81279926844505' 'present']
 ['3' '264.83969403914244' 'present']
 ['1' '294.9385051638983' 'present']
 ['3' '331.1996451913008' 'present']]","[['F136' '27.1014620666912' 'mated']
 ['F103' '63.98488583389169' 'mated']
 ['F154' '65.54705030022747' 'mated']
 ['F107' '111.13776428543801' 'mated']
 ['F155' '113.6014553829631' 'mated']
 ['F9' '158.13768731521225' 'mated']
 ['F195' '163.01209735918218' 'mated']
 ['F54' '203.15669688383545' 'mated']
 ['F93' '277.29868245196775' 'mated']
 ['F119' '359.80333173907593' 'mated']]",200.0,200.0,567.0,70.57154428136826,14.315558702472341,1621.0,280.2666108639061,61.192315208769976,34.0,6.101665849014,1.3195510366745942,22.0,2.2000000000000006,0.22000000000000014,94.0,0.8765911757463722,0.009130658436213997
11,0.0,8,360.17145432088154,"[['3' '4.82740908301395' 'present']
 ['3' '17.772277941080908' 'present']
 ['3' '25.608187142696117' 'present']
 ['3' '113.26064351893771' 'marauded']
 ['3' '221.73779082809216' 'present']
 ['1' '291.2374323690707' 'present']
 ['1' '344.1393510037297' 'present']]","[['F197' '89.2619865068501' 'mated']
 ['F198' '101.18112210105174' 'mated']
 ['F38' '122.37606642761375' 'mated']
 ['F73' '123.43966111250812' 'absent']
 ['F108' '124.40119819315224' 'mated']
 ['F161' '153.522633757689' 'absent']
 ['F122' '176.71205404659344' 'mated']
 ['F31' '183.5330260671147' 'mated']
 ['F182' '195.96144632093674' 'mated']
 ['F1' '218.61361864407522' 'absent']
 ['F6' '287.7167376200891' 'mated']]",200.0,300.0,582.0,65.77918011071728,12.234711352934713,1717.0,288.3234447227579,61.52605206458661,41.0,6.020859511806699,1.1113676891832411,0.0,0.0,0.0,0.0,0.0,0.0
12,0.0,7,360.0819363999168,"[['10' '29.43161923407862' 'present']
 ['3' '35.06684120938434' 'present']
 ['3' '60.926904516464155' 'present']
 ['10' '90.12757636644437' 'marauded']
 ['3' '97.15945301785001' 'present']
 ['1' '139.5947844973053' 'present']
 ['10' '242.16931799730466' 'present']
 ['10' '243.90916035833496' 'present']
 ['10' '244.44320666342998' 'marauded']
 ['1' '251.60129596346408' 'present']
 ['1' '257.8472534983391' 'present']
 ['10' '258.2680685718733' 'present']
 ['10' '316.69013525198966' 'present']]","[['F99' '76.51066024293704' 'absent']
 ['F124' '119.68502642984859' 'mated']
 ['F69' '122.5351383888537' 'absent']
 ['F160' '131.0470334154475' 'mated']
 ['F109' '155.1996673612472' 'mated']
 ['F162' '198.43954878683323' 'mated']
 ['F194' '219.89157804503867' 'mated']
 ['F18' '267.28034417120915' 'mated']
 ['F53' '282.7207230742693' 'mated']]",300.0,0.0,567.0,73.83184019070806,15.783533097259793,1617.0,274.19021412023886,59.07300043901897,65.0,12.209974820833988,2.711454324019778,0.0,0.0,0.0,0.0,0.0,0.0
13,0.0,7,359.8950783853342,"[['10' '22.29394197952521' 'present']
 ['1' '56.59428795859226' 'marauded']
 ['3' '71.69268162955026' 'present']
 ['3' '97.20390586683627' 'present']
 ['10' '135.62550426385647' 'present']
 ['1' '147.47745572339326' 'marauded']
 ['10' '163.80888598155684' 'marauded']
 ['10' '176.70712793287527' 'present']
 ['1' '179.74472782421807' 'present']
 ['1' '205.91906071322714' 'present']
 ['10' '239.86119299059288' 'present']
 ['1' '340.66051256783436' 'marauded']
 ['10' '345.0523500247548' 'destroyed']]","[['F139' '65.18469323581053' 'mated']
 ['F181' '115.01892609001143' 'absent']
 ['F206' '128.0824629951005' 'mated']
 ['F201' '150.488984934022' 'destroyed']
 ['F46' '152.24365404585853' 'destroyed']
 ['F8' '202.61796703595826' 'mated']
 ['F143' '212.09274768943612' 'mated']
 ['F45' '212.8703475743017' 'mated']
 ['F1' '218.61879472735646' 'mated']
 ['F97' '227.90455185722655' 'mated']]",300.0,100.0,574.0,68.09665840652958,13.46727857455751,1593.0,267.7214553909753,57.507566080823544,147.0,24.289868861512016,4.891078441807289,0.0,0.0,0.0,0.0,0.0,0.0
14,0.0,9,360.3374342833774,"[['3' '59.455544098039255' 'present']
 ['3' '97.18823959615193' 'present']
 ['3' '132.3462764433118' 'present']
 ['10' '134.21867499010216' 'present']
 ['10' '150.20741931217174' 'present']
 ['10' '154.738421983853' 'present']
 ['3' '163.27101881298614' 'present']
 ['1' '283.8301881417113' 'present']
 ['10' '332.3701916090863' 'present']
 ['10' '354.0055915382953' 'present']]","[['F211' '0.6184004518154116' 'mated']
 ['F70' '35.08226010889644' 'mated']
 ['F115' '43.826991120383745' 'mated']
 ['F33' '85.94605982427127' 'mated']
 ['F43' '95.40998667727919' 'mated']
 ['F188' '143.36374330003144' 'mated']
 ['F46' '152.24596886067334' 'mated']
 ['F77' '161.75091490678494' 'mated']
 ['F36' '168.75775070081738' 'mated']]",300.0,200.0,572.0,66.69218211620483,13.478712346603078,1700.0,293.41605903027164,63.989141744155305,0.0,0.0,0.0,0.0,0.0,0.0,0.0,0.0,0.0
15,0.0,10,360.0131802749696,"[['10' '2.190346142925544' 'present']
 ['1' '20.083281518250427' 'present']
 ['3' '100.177768327837' 'present']
 ['1' '103.74028392691187' 'present']
 ['1' '183.81474823227833' 'present']
 ['10' '192.78744040000578' 'present']
 ['1' '220.05824443138053' 'marauded']
 ['10' '241.80118249896177' 'present']]","[['F26' '123.40469820519016' 'mated']
 ['F137' '126.55846746289733' 'mated']
 ['F161' '153.5249485725038' 'mated']
 ['F126' '176.87019059312584' 'mated']
 ['F132' '186.90632477418544' 'mated']
 ['F105' '189.69510791611276' 'mated']
 ['F28' '190.58504361658615' 'mated']
 ['F113' '250.49480341105058' 'absent']
 ['F170' '254.3786917628591' 'mated']
 ['F196' '255.7765741518663' 'absent']
 ['F209' '273.88235852927016' 'absent']
 ['F55' '307.92231144178965' 'mated']
 ['F5' '355.13251439291565' 'mated']]",300.0,300.0,565.0,72.97142675923315,15.11041558653102,1669.0,281.113959651113,59.92062570194088,34.0,6.033021138132999,1.3815552302813012,0.0,0.0,0.0,0.0,0.0,0.0
16,0.0,13,360.41035560697725,"[['3' '13.03416022183025' 'present']
 ['1' '20.478433905755292' 'present']
 ['10' '78.75803540328424' 'present']
 ['1' '125.10659232943439' 'present']
 ['1' '151.0158144249524' 'present']
 ['10' '249.61174408871094' 'present']
 ['10' '254.11350004260885' 'present']
 ['1' '259.115338722945' 'present']
 ['3' '317.56047134350257' 'present']]","[['F214' '13.094171986831133' 'mated']
 ['F106' '40.507794706125345' 'mated']
 ['F168' '70.05819205343688' 'mated']
 ['F191' '79.59924077577861' 'mated']
 ['F69' '122.5374532036685' 'mated']
 ['F16' '123.80797430540142' 'mated']
 ['F178' '157.14465530040678' 'mated']
 ['F17' '159.091988118129' 'mated']
 ['F179' '210.28193376459464' 'mated']
 ['F147' '215.02745646862397' 'mated']
 ['F79' '254.30168337467958' 'mated']
 ['F129' '273.7589265774931' 'mated']
 ['F55' '307.9190377992841' 'absent']
 ['F82' '329.4860852569911' 'mated']]",400.0,0.0,568.0,73.67825320278067,15.524275179090395,1697.0,286.46851898734906,61.15372029356158,0.0,0.0,0.0,0.0,0.0,0.0,0.0,0.0,0.0
17,0.0,8,360.39989051934344,"[['3' '8.732221923264007' 'present']
 ['10' '31.641147764100186' 'present']
 ['10' '39.76118915823792' 'present']
 ['10' '72.83098478851291' 'present']
 ['10' '103.98608544627692' 'marauded']
 ['3' '109.24990090236379' 'presentdestroyed']
 ['3' '137.84692633138448' 'present']
 ['3' '253.10865192299153' 'present']
 ['3' '278.3326037341077' 'present']
 ['3' '283.4634519413571' 'present']
 ['1' '294.89375082212496' 'present']
 ['3' '301.11845435002954' 'present']
 ['3' '328.1179624513445' 'present']]","[['F187' '80.38796767935213' 'mated']
 ['F49' '106.41593420179844' 'destroyed']
 ['F156' '107.64543948128798' 'destroyed']
 ['F4' '119.25502980079658' 'mated']
 ['F16' '123.79816859249053' 'absent']
 ['F201' '150.4912997488368' 'mated']
 ['F85' '154.2007193222935' 'mated']
 ['F166' '191.59489597357' 'mated']
 ['F98' '192.23194807151975' 'absent']
 ['F51' '196.41219309744392' 'mated']
 ['F24' '241.26035222112594' 'mated']
 ['F39' '322.3570852913904' 'mated']]",400.0,100.0,567.0,74.83093701779808,16.821132457005,1650.0,279.1932192839381,58.887105405888875,36.0,6.064126208876644,1.2741827332703406,0.0,0.0,0.0,0.0,0.0,0.0
18,0.0,4,360.33018075135885,"[['1' '54.38050587577698' 'present']
 ['3' '64.72541706750097' 'present']
 ['10' '80.54970428817141' 'marauded']
 ['10' '113.0795293332205' 'present']
 ['3' '145.91153085528856' 'present']
 ['10' '238.97192300854255' 'present']]","[['F115' '43.81209765186474' 'absent']
 ['F174' '75.99169546142846' 'absent']
 ['F138' '165.62584666622163' 'mated']
 ['F132' '186.90305113167994' 'absent']
 ['F167' '202.4434535426429' 'mated']
 ['F19' '238.65671737067166' 'mated']
 ['F52' '275.260812211161' 'mated']]",400.0,200.0,563.0,69.00874989116784,14.617531259015404,1687.0,285.0152082072474,61.08840427460807,35.0,6.0101668641067105,1.2460186864457576,0.0,0.0,0.0,0.0,0.0,0.0
19,0.0,9,360.5504109788448,"[['1' '44.93855186040127' 'present']
 ['1' '48.20736173809798' 'present']
 ['10' '61.703483581574275' 'present']
 ['1' '63.32936710258561' 'present']
 ['3' '105.64585190189916' 'marauded']
 ['10' '114.03356318690591' 'marauded']
 ['1' '208.58154348498954' 'marauded']
 ['1' '222.30688718863672' 'present']
 ['3' '323.8211507869181' 'present']
 ['1' '328.57602344184886' 'present']
 ['3' '339.8649242264713' 'present']
 ['10' '359.8749412388592' 'present']]","[['F112' '37.26915375628904' 'mated']
 ['F76' '68.09358081373804' 'mated']
 ['F148' '108.04575984931097' 'destroyed']
 ['F204' '139.16285021733532' 'mated']
 ['F164' '191.19976221182696' 'mated']
 ['F131' '193.80602221959157' 'mated']
 ['F86' '223.6254920707876' 'mated']
 ['F144' '225.6751145523914' 'mated']
 ['F22' '250.43102070435123' 'absent']
 ['F32' '253.38157632680503' 'mated']
 ['F196' '255.78502387765303' 'mated']]",400.0,300.0,579.0,70.7914960929057,14.502073426230087,1587.0,270.7580379845508,58.043976891328356,100.0,18.47843950448818,4.296555678407138,0.0,0.0,0.0,0.0,0.0,0.0
20,0.0,8,360.43951594345185,"[['3' '29.888921355415555' 'present']
 ['10' '42.54037501153101' 'marauded']
 ['10' '72.84450705530219' 'present']
 ['3' '74.04720918130893' 'present']
 ['3' '84.91153143634128' 'present']
 ['10' '227.57816281015252' 'present']
 ['3' '288.5361038289492' 'present']
 ['10' '335.80612701400923' 'present']
 ['3' '348.66464658782775' 'marauded']]","[['F135' '61.229607106035246' 'mated']
 ['F41' '74.63201799978783' 'mated']
 ['F118' '86.36041350358109' 'mated']
 ['F156' '107.64871312379347' 'mated']
 ['F67' '128.01323020700667' 'absent']
 ['F158' '154.68579308305692' 'mated']
 ['F37' '170.23653710219313' 'mated']
 ['F175' '191.58833473304992' 'mated']
 ['F34' '321.041959833006' 'mated']]",500.0,0.0,566.0,70.56431910257766,15.535406902251918,1597.0,277.43793740613864,61.22537215361247,70.0,12.02753202027908,2.4864693073835746,0.0,0.0,0.0,0.0,0.0,0.0
21,0.0,11,360.4150747088744,"[['1' '3.2989347940164913' 'present']
 ['3' '40.95430897896747' 'marauded']
 ['3' '63.61452667921608' 'present']
 ['3' '105.50304223395345' 'marauded']
 ['10' '111.98602029002804' 'presentdestroyed']
 ['1' '125.79297758776234' 'present']
 ['3' '185.19893500678052' 'present']
 ['10' '198.82283808179412' 'present']
 ['3' '235.3477964111535' 'present']
 ['1' '259.0078478248489' 'marauded']
 ['1' '275.4918247655131' 'present']
 ['10' '316.00551034922125' 'marauded']
 ['1' '320.2108759414065' 'presentdestroyed']
 ['3' '339.75511851356043' 'marauded']]","[['F110' '40.887674084519695' 'absent']
 ['F100' '105.38041209130999' 'mated']
 ['F61' '106.15875353706093' 'absentdestroyed']
 ['F75' '117.84961754712111' 'mated']
 ['F73' '123.44800729601614' 'mated']
 ['F130' '127.70510546695078' 'mated']
 ['F145' '137.90118700716155' 'mated']
 ['F71' '178.60207451616517' 'mated']
 ['F89' '189.59882491054236' 'absent']
 ['F48' '201.30001783524958' 'absent']
 ['F86' '223.62031598750636' 'absent']
 ['F66' '234.98219454708337' 'mated']
 ['F213' '242.00711127188634' 'mated']
 ['F87' '244.3188182520887' 'mated']
 ['F64' '253.33197218180402' 'mated']
 ['F170' '254.3721444778481' 'absent']
 ['F185' '357.6964632305115' 'mated']]",500.0,100.0,557.0,71.23893978598826,14.708828885565783,1566.0,258.6166429189566,55.113489207628405,181.0,30.179288933449843,6.349182727763116,0.0,0.0,0.0,0.0,0.0,0.0
22,0.0,7,360.516302750055,"[['10' '99.77328430311462' 'marauded']
 ['3' '150.57823835715118' 'present']
 ['3' '169.55070800975602' 'present']
 ['3' '214.75730493692038' 'marauded']
 ['10' '239.82537591773325' 'present']
 ['1' '240.19128487895875' 'present']
 ['10' '277.08166669133135' 'present']
 ['1' '306.7535249205734' 'marauded']
 ['1' '317.0112205701785' 'present']
 ['3' '317.868358999899' 'marauded']
 ['1' '320.496163047114' 'presentdestroyed']]","[['F2' '26.548936961670687' 'mated']
 ['F168' '70.05301597015563' 'absent']
 ['F153' '104.7406100141269' 'destroyed']
 ['F61' '106.16106835187574' 'destroyed']
 ['F92' '121.53211586865629' 'mated']
 ['F141' '144.64650073012024' 'mated']
 ['F47' '157.09128021270007' 'mated']
 ['F122' '176.70473395941713' 'absent']
 ['F0' '206.4787193132501' 'mated']
 ['F140' '211.6876736525741' 'mated']
 ['F3' '300.8927467941559' 'mated']]",500.0,200.0,570.0,69.42885491164488,13.534181205765792,1561.0,266.11354221139953,57.52141189435973,145.0,24.50749098997305,5.403875064508147,0.0,0.0,0.0,0.0,0.0,0.0
23,0.0,9,360.0287302402117,"[['3' '41.4964578358055' 'present']
 ['3' '80.07307043725882' 'present']
 ['1' '165.8391819977632' 'present']
 ['3' '259.48426912112683' 'marauded']
 ['3' '263.37205555160074' 'presentdestroyed']
 ['1' '281.40235802969715' 'marauded']
 ['1' '306.88994872482033' 'present']
 ['10' '346.8879320089117' 'present']]","[['F169' '53.306463285462975' 'mated']
 ['F12' '92.68920780166042' 'absent']
 ['F151' '99.38351680235114' 'mated']
 ['F96' '103.6474982318929' 'mated']
 ['F78' '125.22535411538264' 'mated']
 ['F15' '191.08662684482604' 'mated']
 ['F62' '200.45772709236678' 'mated']
 ['F128' '214.11421438201612' 'mated']
 ['F101' '292.9994540279557' 'mated']
 ['F183' '297.4754743613833' 'mated']]",500.0,300.0,558.0,70.50399440997259,14.994563521677364,1621.0,277.5583746146415,60.28416994143807,66.0,12.061873053701166,2.73555458534336,0.0,0.0,0.0,0.0,0.0,0.0
