id,probability_maraud,successful_mating,next_foraging_time,mar_attempts,mate_attempts,x_pos,y_pos,foraging_events,foraging_hrs,foraging_sqhrs,staying_events,staying_hrs,staying_sqhrs,repairing_events,repairing_hrs,repairing_sqhrs,marauding_events,marauding_hrs,marauding_sqhrs,traveling_events,traveling_hrs,traveling_sqhrs
0,0.054,14,360.76953393450304,"[['3' '4.618855700983249' 'marauded']
 ['1' '18.51556135478403' 'present']
 ['2' '31.120065595256992' 'present']
 ['3' '31.398952263705997' 'marauded']
 ['3' '35.2902308544915' 'presentdestroyed']
 ['1' '35.95404171266943' 'presentdestroyed']
 ['1' '38.37476907794007' 'presentdestroyed']
 ['1' '38.42106537423636' 'presentdestroyed']
 ['9' '43.20595906547944' 'present']
 ['4' '47.397471373365356' 'present']
 ['3' '58.469742624119895' 'present']
 ['1' '60.13681501816221' 'present']
 ['3' '64.18369962636555' 'present']
 ['3' '66.08601574462588' 'present']
 ['2' '67.35520344762354' 'present']
 ['2' '69.02425291651052' 'present']
 ['3' '70.79103575158273' 'present']
 ['3' '76.14806192644464' 'present']
 ['1' '82.89761421505955' 'present']
 ['9' '85.90049200294193' 'present']
 ['1' '89.14381903418514' 'present']
 ['9' '93.32384096921194' 'present']
 ['1' '100.13939748588156' 'present']
 ['1' '100.4342445277471' 'marauded']
 ['3' '107.44998645821808' 'present']
 ['9' '111.79252444257453' 'present']
 ['9' '118.22053577415' 'present']
 ['9' '120.02388740367347' 'present']
 ['2' '126.87233185669758' 'present']
 ['9' '128.4638583194756' 'present']
 ['1' '128.66265622406573' 'present']
 ['2' '133.41117047555122' 'marauded']
 ['2' '134.92543227229797' 'presentdestroyed']
 ['3' '146.89118027590104' 'present']
 ['9' '149.53570354222117' 'marauded']
 ['3' '150.31138594456436' 'destroyed']
 ['2' '150.72944847837152' 'presentdestroyed']
 ['3' '156.6168705556501' 'presentdestroyed']
 ['1' '170.9062038719494' 'present']
 ['9' '171.46423763130844' 'present']
 ['9' '171.79773629176617' 'present']
 ['2' '179.80543874838125' 'present']
 ['2' '185.59242211689957' 'marauded']
 ['9' '187.61200808242813' 'destroyed']
 ['1' '207.16595942056085' 'present']
 ['9' '207.37774316975467' 'present']
 ['3' '215.73052221727772' 'present']
 ['9' '226.27072808790663' 'present']
 ['1' '228.65015839445184' 'present']
 ['9' '229.10946563724184' 'present']
 ['2' '248.34303181593955' 'present']
 ['2' '267.1588729243175' 'present']
 ['9' '272.9024771366851' 'marauded']
 ['1' '273.54849439350863' 'presentdestroyed']
 ['1' '274.5704488221236' 'presentdestroyed']
 ['4' '275.7301020761879' 'destroyed']
 ['1' '278.9112054620497' 'presentdestroyed']
 ['3' '291.8274164150339' 'marauded']
 ['9' '300.9757519040904' 'present']
 ['3' '318.49635031642794' 'marauded']
 ['2' '340.3964942112581' 'present']
 ['9' '340.57606369932824' 'present']
 ['1' '340.6410900519295' 'marauded']
 ['9' '341.612432500653' 'presentdestroyed']
 ['2' '344.1956965586465' 'presentdestroyed']
 ['9' '349.81901389684253' 'marauded']
 ['2' '352.3213875432273' 'presentdestroyed']
 ['1' '352.35996147976255' 'presentdestroyed']
 ['9' '352.97647403681043' 'presentdestroyed']
 ['9' '354.24786383805616' 'presentdestroyed']
 ['9' '356.3659371503379' 'presentdestroyed']
 ['3' '356.4936066058094' 'presentdestroyed']]","[['F107' '19.180928454081894' 'mated']
 ['F18' '73.38223307536158' 'mated']
 ['F93' '93.41454005672836' 'mated']
 ['F49' '95.9601412098313' 'mated']
 ['F92' '107.6587809507946' 'mated']
 ['F74' '132.74412825381285' 'absent']
 ['F24' '149.27165156393247' 'mated']
 ['F101' '155.01951840954854' 'destroyed']
 ['F101' '155.06581470584484' 'destroyed']
 ['F104' '178.42420031952767' 'mated']
 ['F25' '205.7400798755741' 'mated']
 ['F50' '205.97502784590745' 'mated']
 ['F40' '215.4894813201677' 'mated']
 ['F79' '222.72456886088216' 'mated']
 ['F30' '242.08554725149992' 'absent']
 ['F87' '254.69854112782517' 'mated']
 ['F15' '271.21212402471525' 'mated']
 ['F35' '302.49049396128464' 'mated']
 ['F98' '320.63582756799565' 'destroyed']]",0.0,0.0,552.0,67.65233685254367,13.71134498843263,1333.0,220.56290672002427,46.52726739704705,401.0,66.99358966126093,14.199314177220577,12.0,1.2,0.12000000000000005,80.0,3.722880257517272,0.1736111111111109
1,0.054,7,360.2411010231591,"[['4' '0.023148148148148147' 'present']
 ['4' '2.0622993391946003' 'marauded']
 ['10' '5.415523503181055' 'destroyed']
 ['10' '12.032436397194905' 'present']
 ['0' '15.017450051775285' 'present']
 ['2' '21.256455193766964' 'marauded']
 ['10' '31.689708081865827' 'present']
 ['0' '46.538089421404926' 'present']
 ['4' '52.71782209552572' 'present']
 ['0' '61.48735306317579' 'present']
 ['2' '67.40149974391984' 'marauded']
 ['4' '71.48662015257148' 'presentdestroyed']
 ['4' '72.55615967529303' 'presentdestroyed']
 ['4' '85.84525815484226' 'present']
 ['0' '85.97955194033386' 'present']
 ['0' '91.23004696774682' 'present']
 ['0' '93.2810105873712' 'present']
 ['2' '98.25740768841631' 'present']
 ['10' '99.30620609836349' 'present']
 ['10' '104.70783644070951' 'present']
 ['0' '110.19663298826548' 'present']
 ['2' '115.04968260156052' 'present']
 ['10' '117.61808083757863' 'marauded']
 ['2' '118.22154077536335' 'presentdestroyed']
 ['0' '121.77138902826107' 'destroyed']
 ['2' '124.22656578203137' 'presentdestroyed']
 ['2' '125.76701413331806' 'present']
 ['2' '135.66597098044923' 'present']
 ['10' '142.31528755952579' 'present']
 ['2' '147.82724449578498' 'present']
 ['10' '156.96950909182257' 'present']
 ['10' '157.1682996022116' 'marauded']
 ['4' '162.97059197148428' 'presentdestroyed']
 ['2' '171.5147024086628' 'present']
 ['0' '178.79424259788652' 'present']
 ['4' '180.20132670299563' 'present']
 ['4' '183.49759936926674' 'present']
 ['10' '192.34002242700947' 'marauded']
 ['0' '193.65037987045233' 'presentdestroyed']
 ['0' '193.69667616674863' 'presentdestroyed']
 ['0' '205.11098603244017' 'present']
 ['4' '209.94071672534946' 'present']
 ['2' '214.54003849985' 'present']
 ['0' '215.32328475103162' 'present']
 ['10' '217.1811486999345' 'marauded']
 ['10' '217.90810717308895' 'presentdestroyed']
 ['2' '219.46408577862297' 'presentdestroyed']
 ['0' '225.3899004696814' 'present']
 ['5' '228.9093393685177' 'present']
 ['10' '229.13869263640578' 'present']
 ['4' '234.77819097962933' 'present']
 ['0' '239.41607870813482' 'present']
 ['2' '248.90462225214134' 'present']
 ['2' '253.79249625190087' 'marauded']
 ['0' '257.15112082550456' 'destroyed']
 ['10' '257.45715511084074' 'presentdestroyed']
 ['0' '266.13361348129786' 'present']
 ['10' '268.86857296248576' 'present']
 ['10' '269.61433251118484' 'present']
 ['0' '271.7636684061629' 'present']
 ['2' '272.5786676462692' 'present']
 ['10' '281.1690658132011' 'marauded']
 ['0' '301.9440140327763' 'marauded']
 ['10' '308.16114063820464' 'presentdestroyed']
 ['10' '309.6231928729352' 'presentdestroyed']
 ['10' '326.29807522636673' 'present']
 ['0' '327.3028629872535' 'marauded']
 ['4' '330.1200183023915' 'presentdestroyed']
 ['10' '336.09636417921956' 'present']
 ['10' '342.90158515427953' 'present']
 ['2' '348.87991150082377' 'present']
 ['2' '352.3676838395236' 'marauded']
 ['10' '354.2778792076254' 'presentdestroyed']
 ['0' '358.4879125703513' 'presentdestroyed']]","[['F56' '23.118716397518934' 'destroyed']
 ['F43' '42.57403446637359' 'mated']
 ['F18' '73.30320035401034' 'destroyed']
 ['F72' '129.87757150403823' 'mated']
 ['F73' '150.5601301749196' 'absent']
 ['F85' '158.36566960380515' 'absentdestroyed']
 ['F51' '200.94271560771102' 'mated']
 ['F50' '205.9518796977593' 'absent']
 ['F38' '212.27174135346593' 'mated']
 ['F29' '240.44983815901645' 'mated']
 ['F8' '252.25481509129702' 'mated']
 ['F87' '254.675392979677' 'destroyed']
 ['F53' '345.5932366240977' 'mated']]",0.0,1000.0,567.0,71.83511033878966,14.907283184697176,1237.0,209.28322114553637,44.948362115238126,457.0,73.76601692342727,15.137374578943275,13.0,1.3,0.13000000000000006,83.0,3.900122254033299,0.18432784636488314
2,0.054,8,360.27553046515123,"[['1' '10.132195535646467' 'present']
 ['5' '10.678488934477075' 'marauded']
 ['1' '14.114816251955368' 'destroyed']
 ['0' '19.954285488025956' 'present']
 ['0' '24.32366443965124' 'present']
 ['5' '34.551785505589706' 'present']
 ['1' '35.17191101289319' 'present']
 ['5' '36.963665025195525' 'present']
 ['5' '40.53913286500857' 'marauded']
 ['0' '41.74023119705951' 'destroyed']
 ['5' '63.46339073263937' 'present']
 ['1' '64.89394722858438' 'present']
 ['0' '74.07905810982093' 'present']
 ['1' '82.27712935046473' 'marauded']
 ['0' '85.13393946311353' 'presentdestroyed']
 ['1' '87.36290245444916' 'destroyed']
 ['1' '93.50668528420218' 'present']
 ['0' '96.1081690431586' 'present']
 ['1' '97.37992708977828' 'present']
 ['0' '107.61717616228857' 'present']
 ['5' '110.66302061425364' 'present']
 ['0' '119.17129777112866' 'present']
 ['4' '129.9879089215338' 'present']
 ['1' '134.2640310795692' 'present']
 ['0' '143.39820314170967' 'present']
 ['5' '143.45114887573573' 'present']
 ['1' '148.18420363886446' 'present']
 ['5' '152.46370868352443' 'present']
 ['1' '154.27942190923386' 'present']
 ['5' '155.3749711257421' 'present']
 ['0' '174.3878796766372' 'present']
 ['5' '178.8034156366847' 'present']
 ['1' '181.13499218437903' 'present']
 ['0' '181.91838659949155' 'present']
 ['5' '192.87771183600233' 'present']
 ['5' '193.9181233181508' 'marauded']
 ['0' '201.62460548407736' 'marauded']
 ['5' '204.52564865559108' 'destroyed']
 ['0' '204.69385761202022' 'presentdestroyed']
 ['5' '208.1017132153079' 'presentdestroyed']
 ['0' '215.19691473239854' 'present']
 ['0' '220.79729267644956' 'marauded']
 ['5' '227.49035174558145' 'presentdestroyed']
 ['0' '229.24518380012108' 'present']
 ['1' '230.28234829426648' 'present']
 ['5' '240.9342482024736' 'marauded']
 ['5' '245.60127743877604' 'presentdestroyed']
 ['1' '246.38004907801968' 'presentdestroyed']
 ['0' '252.36372299889317' 'present']
 ['0' '256.3222060034809' 'present']
 ['0' '257.86753950845787' 'present']
 ['0' '261.3991177398336' 'present']
 ['5' '273.13517351002065' 'present']
 ['1' '276.60801684268694' 'marauded']
 ['3' '278.51581770428925' 'presentdestroyed']
 ['0' '284.3172624790617' 'destroyed']
 ['5' '284.79073056133205' 'present']
 ['1' '298.10222675568895' 'present']
 ['1' '299.5833566406444' 'marauded']
 ['0' '317.9583838710963' 'present']
 ['1' '323.7261017590744' 'marauded']
 ['5' '338.8974273823108' 'present']
 ['9' '339.16827517428317' 'present']
 ['5' '346.4753447592359' 'present']
 ['5' '356.48574615161704' 'present']
 ['0' '358.0507880513407' 'marauded']
 ['0' '359.301865261139' 'presentdestroyed']]","[['F41' '28.044828719979755' 'mated']
 ['F43' '42.51814989317051' 'destroyed']
 ['F81' '61.58802319303775' 'mated']
 ['F7' '61.75980297871221' 'mated']
 ['F13' '61.77971373216494' 'mated']
 ['F18' '73.3263485021585' 'absent']
 ['F93' '93.3913919085802' 'absent']
 ['F46' '108.45031928571231' 'mated']
 ['F52' '128.03052045131426' 'absent']
 ['F52' '128.07681674761056' 'absent']
 ['F72' '129.85442335589008' 'absent']
 ['F74' '132.767276401961' 'mated']
 ['F103' '139.3723959945046' 'absent']
 ['F61' '152.28375134546582' 'mated']
 ['F85' '158.342521455657' 'absent']
 ['F31' '254.40338184749288' 'mated']]",0.0,2000.0,579.0,69.36195921228556,14.611917428858815,1330.0,223.81614918115113,48.10091859023915,375.0,62.440412719990036,13.539084205569273,12.0,1.2,0.12000000000000005,67.0,3.216911174733266,0.1564643347050754
3,0.054,9,360.1530535569008,"[['0' '0.023148148148148147' 'present']
 ['0' '0.1928937537124352' 'present']
 ['5' '7.941724083958777' 'present']
 ['5' '9.151068422554806' 'present']
 ['4' '10.328868083421574' 'present']
 ['0' '13.626181527068976' 'marauded']
 ['1' '15.517901201918706' 'presentdestroyed']
 ['0' '18.673181804786488' 'destroyed']
 ['5' '33.300969499273975' 'present']
 ['0' '46.901127322126015' 'marauded']
 ['5' '52.43011996477795' 'presentdestroyed']
 ['5' '63.02739866618565' 'present']
 ['5' '71.93925765163182' 'present']
 ['0' '83.46198313745987' 'present']
 ['5' '99.89214701788725' 'present']
 ['5' '107.70958936041035' 'marauded']
 ['4' '115.11015708661121' 'present']
 ['5' '131.01081135426466' 'present']
 ['5' '140.22475536232378' 'present']
 ['0' '142.50509842201996' 'present']
 ['4' '155.1980360745699' 'present']
 ['5' '156.63564174377817' 'marauded']
 ['4' '161.44948512035486' 'presentdestroyed']
 ['0' '171.1968202749466' 'present']
 ['7' '173.52133639692974' 'present']
 ['8' '195.58715330517674' 'present']
 ['5' '203.7793871387903' 'present']
 ['0' '204.33463978401596' 'present']
 ['5' '208.0554169190116' 'present']
 ['5' '209.3333957621378' 'present']
 ['5' '209.38665432353287' 'present']
 ['0' '211.48471910160836' 'present']
 ['0' '214.33623105149638' 'present']
 ['4' '223.0270046479266' 'present']
 ['0' '225.4361967659777' 'present']
 ['4' '237.27500484058496' 'marauded']
 ['0' '237.4205982477243' 'presentdestroyed']
 ['4' '237.42880422078971' 'presentdestroyed']
 ['0' '239.55779231298348' 'destroyed']
 ['5' '244.36125955452977' 'presentdestroyed']
 ['0' '250.73168508976985' 'marauded']
 ['5' '266.22383317864734' 'present']
 ['4' '267.60903188644073' 'present']
 ['0' '268.8565199212065' 'marauded']
 ['0' '272.5251149522357' 'destroyed']
 ['5' '273.61370280968305' 'destroyed']
 ['4' '290.5952842473874' 'present']
 ['4' '290.6415805436837' 'present']
 ['5' '293.1843972601741' 'present']
 ['5' '295.3291675590915' 'present']
 ['4' '311.0196552819607' 'present']
 ['0' '312.85398940144654' 'present']
 ['4' '313.9703104335465' 'present']
 ['4' '317.0597621577572' 'present']
 ['2' '320.5765485302242' 'present']
 ['5' '326.62067033896324' 'present']
 ['0' '329.37894202947615' 'present']
 ['5' '336.9347399253425' 'marauded']
 ['5' '348.192767102673' 'present']
 ['0' '359.2555689648427' 'present']]","[['F107' '19.111484009637447' 'destroyed']
 ['F107' '19.157780305933745' 'destroyed']
 ['F9' '79.45873956090149' 'mated']
 ['F106' '116.3102049638012' 'mated']
 ['F89' '139.24515953318183' 'mated']
 ['F103' '139.4186922908009' 'mated']
 ['F48' '153.91593469145465' 'mated']
 ['F96' '160.67539479632072' 'destroyed']
 ['F30' '242.10869539964807' 'destroyed']
 ['F11' '246.42091969903635' 'mated']
 ['F77' '251.11933128917127' 'destroyed']
 ['F15' '271.1889758765671' 'destroyed']
 ['F100' '282.0467861404314' 'mated']
 ['F14' '309.8597954750785' 'mated']
 ['F98' '320.6589757161438' 'mated']]",1000.0,0.0,566.0,69.70599173650439,13.917273182967863,1403.0,237.34855014508858,50.71835697569479,285.0,48.62179148185991,10.500681622612843,12.0,1.2,0.12000000000000005,69.0,3.213620998258013,0.150034293552812
4,0.054,9,360.3041730010442,"[['7' '2.426057799160568' 'present']
 ['3' '4.951145429663872' 'present']
 ['7' '5.635158034670533' 'present']
 ['5' '8.127627480410503' 'present']
 ['3' '11.595908350407898' 'present']
 ['1' '17.63935598962185' 'present']
 ['0' '22.16705307815193' 'marauded']
 ['3' '25.43530868692183' 'presentdestroyed']
 ['3' '29.494216841162505' 'present']
 ['7' '30.473001979416072' 'present']
 ['3' '32.518669726676926' 'marauded']
 ['1' '35.69465023064936' 'presentdestroyed']
 ['3' '55.04719787252958' 'marauded']
 ['7' '56.57018869177092' 'presentdestroyed']
 ['1' '62.51962869142607' 'presentdestroyed']
 ['3' '64.09110703377294' 'present']
 ['3' '64.13740333006925' 'present']
 ['7' '76.32553342959037' 'present']
 ['7' '77.31569341510514' 'marauded']
 ['1' '78.00621429120048' 'destroyed']
 ['7' '87.15167252055568' 'present']
 ['1' '88.0835797120683' 'present']
 ['7' '88.66119859630342' 'present']
 ['7' '90.83716083009564' 'present']
 ['7' '90.88345712639195' 'present']
 ['1' '99.12979065038309' 'present']
 ['7' '100.24915210220786' 'present']
 ['1' '109.79267631349077' 'present']
 ['1' '111.08173718928364' 'present']
 ['1' '113.18347132256918' 'present']
 ['7' '116.46018395029624' 'marauded']
 ['3' '118.42029447520217' 'presentdestroyed']
 ['2' '120.82178134592529' 'presentdestroyed']
 ['1' '127.52715792344972' 'present']
 ['3' '129.96095385430763' 'marauded']
 ['7' '135.90484868135215' 'presentdestroyed']
 ['3' '139.96526810599119' 'marauded']
 ['1' '142.43119446939292' 'destroyed']
 ['1' '144.87640380671678' 'presentdestroyed']
 ['3' '146.84488397960473' 'presentdestroyed']
 ['3' '146.993033072033' 'presentdestroyed']
 ['1' '150.1391545035415' 'present']
 ['3' '150.35768224086067' 'present']
 ['5' '152.51000497982074' 'present']
 ['1' '152.5949440385351' 'present']
 ['5' '153.88720584677145' 'present']
 ['5' '161.90747227666597' 'present']
 ['5' '180.10317400484954' 'present']
 ['1' '181.3666998521695' 'present']
 ['1' '187.1398462811656' 'present']
 ['7' '189.30499300075851' 'present']
 ['1' '189.66008513494705' 'present']
 ['1' '190.46801190357036' 'present']
 ['5' '191.79120090060533' 'marauded']
 ['1' '201.85162220128336' 'marauded']
 ['1' '201.99791849757966' 'presentdestroyed']
 ['1' '203.75762976903226' 'destroyed']
 ['1' '208.8123286704387' 'destroyed']
 ['3' '220.33614583204366' 'present']
 ['5' '226.57236766548505' 'present']
 ['1' '239.22087910083243' 'present']
 ['3' '258.78032547812626' 'present']
 ['3' '263.3018389930541' 'present']
 ['1' '267.0560935583257' 'present']
 ['7' '268.2668719943226' 'present']
 ['7' '269.35964132914467' 'present']
 ['1' '272.6916216467484' 'present']
 ['3' '286.0343397435567' 'present']
 ['2' '287.5716005397528' 'present']
 ['1' '291.551417671955' 'present']
 ['3' '292.2724997056387' 'present']
 ['7' '295.5059766759349' 'marauded']
 ['3' '296.53858258915386' 'presentdestroyed']
 ['2' '298.89849570192536' 'presentdestroyed']
 ['1' '314.5666379571231' 'present']
 ['3' '316.01405068111745' 'present']
 ['5' '316.06997094616514' 'present']
 ['7' '317.7765430067447' 'present']
 ['5' '319.36828498819546' 'present']
 ['3' '323.2482913245827' 'present']
 ['1' '323.2516337771766' 'present']
 ['1' '324.1006190186136' 'present']
 ['7' '335.9783630573853' 'present']
 ['1' '340.3558976150907' 'present']
 ['7' '342.02828958781726' 'marauded']]","[['F56' '23.141864545667083' 'destroyed']
 ['F34' '51.67915260344903' 'mated']
 ['F106' '116.28705681565305' 'absent']
 ['F73' '150.58327832306776' 'mated']
 ['F78' '156.23538708739545' 'mated']
 ['F85' '158.3888177519533' 'mated']
 ['F33' '163.854358165451' 'mated']
 ['F10' '176.38519153504922' 'absent']
 ['F54' '200.46590051659146' 'mated']
 ['F51' '200.91956745956287' 'absent']
 ['F50' '205.92873154961114' 'destroyed']
 ['F26' '243.80447850514042' 'mated']
 ['F77' '251.14247943731942' 'mated']
 ['F8' '252.23166694314887' 'absent']
 ['F68' '287.20943832018855' 'mated']
 ['F53' '345.57008847594955' 'destroyed']]",1000.0,1000.0,549.0,74.28642215254902,16.545775870574168,1234.0,214.91718551025468,46.97159106765479,406.0,66.94879379476566,14.019729804629161,7.0,0.7,0.07,66.0,3.151438324623401,0.15217764060356645
5,0.054,4,360.3018328248397,"[['3' '2.1315098945374107' 'present']
 ['8' '6.630906140046123' 'present']
 ['2' '9.356872910348127' 'present']
 ['8' '20.13004266163135' 'present']
 ['3' '24.273202460190532' 'marauded']
 ['4' '29.533683877883952' 'presentdestroyed']
 ['8' '29.64680265073811' 'presentdestroyed']
 ['8' '38.44887795483687' 'present']
 ['8' '40.6469594508493' 'marauded']
 ['4' '40.87977075578659' 'presentdestroyed']
 ['4' '44.26605325782597' 'destroyed']
 ['4' '44.61294681738776' 'presentdestroyed']
 ['3' '44.65994831115238' 'presentdestroyed']
 ['8' '46.4928949689623' 'presentdestroyed']
 ['8' '53.629737663098346' 'present']
 ['3' '55.64040610927901' 'present']
 ['2' '58.624729633448425' 'present']
 ['4' '66.23098025344835' 'present']
 ['3' '74.30974537971026' 'present']
 ['2' '78.57491816909727' 'marauded']
 ['3' '91.2314918951337' 'present']
 ['2' '91.71172012960953' 'present']
 ['4' '101.72332504351914' 'present']
 ['8' '112.25350634518843' 'marauded']
 ['2' '121.81376677294811' 'marauded']
 ['2' '126.3219767242533' 'presentdestroyed']
 ['4' '127.73494460120298' 'destroyed']
 ['2' '164.0154120277784' 'marauded']
 ['8' '166.64602775690264' 'destroyed']
 ['2' '171.02302401146994' 'presentdestroyed']
 ['4' '185.85508133348893' 'present']
 ['2' '193.9406513693604' 'marauded']
 ['3' '208.62660713589509' 'present']
 ['4' '217.68734713400573' 'marauded']
 ['3' '220.81194510602805' 'presentdestroyed']
 ['4' '224.61767573144655' 'present']
 ['8' '228.84162828827786' 'present']
 ['2' '231.0263393689437' 'present']
 ['4' '231.5105959318832' 'present']
 ['8' '243.1434482071379' 'present']
 ['8' '247.7451265880281' 'marauded']
 ['3' '247.95625824952933' 'presentdestroyed']
 ['4' '252.69109169113105' 'presentdestroyed']
 ['2' '254.45754035713486' 'presentdestroyed']
 ['2' '255.38215404128422' 'marauded']
 ['8' '257.32770148639025' 'destroyed']
 ['4' '258.2569705303655' 'presentdestroyed']
 ['2' '260.6429869417396' 'presentdestroyed']
 ['8' '261.559368309141' 'presentdestroyed']
 ['8' '261.94433187895686' 'presentdestroyed']
 ['4' '262.2827318689482' 'presentdestroyed']
 ['8' '281.99234271697287' 'present']
 ['4' '285.6910378614242' 'present']
 ['3' '298.4114381063997' 'present']
 ['3' '300.29708960521657' 'present']
 ['3' '301.33905730417956' 'present']
 ['2' '321.1877304761105' 'present']
 ['4' '326.78034135439276' 'present']
 ['2' '346.86469620187086' 'present']
 ['4' '351.49077744768533' 'present']
 ['4' '352.3614232293799' 'present']
 ['2' '357.0335654136302' 'present']]","[['F107' '19.134632157785596' 'absent']
 ['F41' '28.021680571831606' 'absentdestroyed']
 ['F43' '42.541298041318655' 'destroyed']
 ['F75' '110.72919898172488' 'mated']
 ['F52' '128.0536685994624' 'destroyed']
 ['F52' '128.09996489575872' 'destroyed']
 ['F103' '139.39554414265274' 'absent']
 ['F76' '166.7326350457351' 'destroyed']
 ['F90' '170.51942545108264' 'destroyed']
 ['F10' '176.40833968319737' 'absent']
 ['F51' '200.89641931141472' 'destroyed']
 ['F82' '240.16257413282165' 'mated']
 ['F30' '242.13184354779622' 'mated']
 ['F77' '251.09618314102312' 'destroyed']
 ['F31' '254.33393740304842' 'destroyed']
 ['F31' '254.38023369934473' 'absentdestroyed']
 ['F88' '310.5413748226971' 'mated']]",1000.0,2000.0,559.0,67.96922083372377,14.46386303230347,1335.0,226.55271787190813,48.87099971122408,348.0,61.015422747572835,13.633728171953859,11.0,1.0999999999999999,0.11000000000000004,73.0,3.417982737256767,0.16075102880658426
6,0.0,14,359.7527082611454,"[['9' '0.6505804222470581' 'present']
 ['7' '10.53470514759944' 'present']
 ['8' '11.55146184278348' 'present']
 ['9' '14.27384048694718' 'present']
 ['3' '24.883716485853313' 'present']
 ['9' '30.90400730874895' 'present']
 ['8' '32.022623607048004' 'present']
 ['3' '33.570707256014636' 'present']
 ['3' '41.223173973424444' 'present']
 ['9' '41.53257074091153' 'present']
 ['3' '41.75832728963589' 'marauded']
 ['7' '50.10910744229827' 'marauded']
 ['7' '50.90229662398137' 'presentdestroyed']
 ['9' '53.269208900006355' 'presentdestroyed']
 ['8' '54.53219412007971' 'presentdestroyed']
 ['8' '55.91823638874265' 'destroyed']
 ['7' '57.88616676778664' 'marauded']
 ['3' '59.46092250806893' 'destroyed']
 ['9' '66.03190468953044' 'present']
 ['7' '66.18420226029409' 'present']
 ['9' '66.59875199790929' 'present']
 ['3' '77.65914348412409' 'present']
 ['9' '82.1584988554276' 'present']
 ['3' '86.24229287199167' 'present']
 ['7' '98.79460146939185' 'present']
 ['8' '118.12438840773567' 'present']
 ['3' '123.35484713828504' 'present']
 ['9' '124.3352694450712' 'marauded']
 ['3' '127.2215713214555' 'presentdestroyed']
 ['9' '136.58153162061413' 'present']
 ['3' '153.96942808255827' 'present']
 ['7' '164.3456150928297' 'present']
 ['9' '166.82925308160046' 'present']
 ['3' '175.2442649664954' 'marauded']
 ['9' '176.87214064165633' 'presentdestroyed']
 ['9' '184.58743780278542' 'present']
 ['8' '201.38655945676518' 'present']
 ['8' '222.05192159764016' 'present']
 ['9' '226.22443179161033' 'present']
 ['10' '229.32369273904183' 'marauded']
 ['7' '269.29361073959217' 'present']
 ['9' '276.677341233397' 'present']
 ['3' '284.25798439656813' 'present']
 ['8' '285.1359225915007' 'present']
 ['8' '289.6923729829972' 'present']
 ['3' '295.7403318359854' 'present']
 ['7' '297.1647629650786' 'present']
 ['7' '298.1248339863621' 'present']
 ['8' '300.51089666362924' 'present']
 ['3' '303.48068793013834' 'present']
 ['8' '307.0333956919813' 'present']
 ['8' '312.41270340115756' 'present']
 ['3' '313.21541536371416' 'present']
 ['9' '318.9943013876622' 'present']
 ['8' '321.23965470724033' 'present']
 ['10' '325.4791503590143' 'present']
 ['8' '327.33534840079' 'marauded']
 ['8' '327.5804588898449' 'destroyed']
 ['8' '329.0674321897593' 'destroyed']
 ['7' '339.68069487434866' 'present']
 ['9' '342.72195391217366' 'present']
 ['9' '346.8335794123761' 'present']
 ['3' '349.81883187200583' 'present']
 ['3' '353.1205828512233' 'present']
 ['3' '358.50032330881123' 'marauded']]","[['F84' '68.10412204248944' 'mated']
 ['F27' '106.62766903963363' 'mated']
 ['F94' '111.72838811674079' 'mated']
 ['F59' '116.97453184623839' 'mated']
 ['F32' '129.8397549589291' 'destroyed']
 ['F101' '155.11211100214115' 'mated']
 ['F96' '160.69854294446887' 'mated']
 ['F42' '167.8692957989075' 'mated']
 ['F4' '183.5452258598062' 'mated']
 ['F86' '193.55707804416485' 'mated']
 ['F97' '208.46827883143195' 'mated']
 ['F66' '211.36421699324168' 'mated']
 ['F2' '219.1362221098654' 'mated']
 ['F17' '253.2962547452036' 'mated']
 ['F12' '267.9564232112383' 'mated']]",2000.0,0.0,560.0,71.4054646309234,16.045262072984837,1437.0,244.92974892594756,52.71785168316047,252.0,43.72102497552163,9.41799629345124,0.0,0.0,0.0,0.0,0.0,0.0
7,0.054,8,359.9068432096039,"[['8' '12.246320161630406' 'marauded']
 ['4' '20.63569577583914' 'marauded']
 ['10' '31.28307944394786' 'marauded']
 ['10' '32.26069896657989' 'presentdestroyed']
 ['8' '39.07276922080342' 'marauded']
 ['8' '49.43985488868275' 'present']
 ['8' '51.32003373600243' 'present']
 ['4' '67.29987434499539' 'present']
 ['4' '70.0820326186196' 'present']
 ['9' '74.09725127552079' 'present']
 ['8' '76.86707599853429' 'present']
 ['10' '77.68156828517661' 'present']
 ['4' '84.49275417219671' 'present']
 ['4' '90.76418534800858' 'present']
 ['8' '99.38453061768902' 'present']
 ['8' '99.43082691398533' 'present']
 ['4' '154.56149311442033' 'present']
 ['8' '161.9640847412759' 'present']
 ['8' '170.19835295333561' 'present']
 ['8' '172.41394419305794' 'present']
 ['10' '172.53204377285726' 'present']
 ['10' '202.26576119733483' 'present']
 ['10' '207.4627744563284' 'marauded']
 ['10' '216.56121374146255' 'present']
 ['8' '222.56239291008563' 'present']
 ['8' '227.1606734852461' 'present']
 ['4' '239.8342292349493' 'marauded']
 ['10' '255.5372137408934' 'marauded']
 ['4' '276.21190241235485' 'present']
 ['8' '276.3678569464042' 'marauded']
 ['8' '283.55282804666496' 'presentdestroyed']
 ['8' '295.44051327529667' 'present']
 ['4' '304.209352665934' 'marauded']
 ['10' '307.8031884966425' 'presentdestroyed']
 ['8' '311.58350394825004' 'present']
 ['4' '312.23557173057674' 'present']
 ['5' '314.2773148828072' 'present']
 ['4' '314.9289890730011' 'present']
 ['4' '318.01227729581393' 'present']
 ['8' '322.1407442520748' 'present']
 ['10' '323.38504173320183' 'marauded']
 ['4' '324.2144881827534' 'presentdestroyed']
 ['8' '324.55765238746386' 'presentdestroyed']
 ['4' '327.74690181151664' 'presentdestroyed']
 ['4' '328.9017701553341' 'presentdestroyed']
 ['8' '344.73199343525147' 'present']
 ['10' '348.13111505750425' 'present']
 ['4' '351.53707374398164' 'present']
 ['4' '351.58337004027794' 'present']
 ['4' '352.5332445445128' 'present']]","[['F56' '23.165012693815232' 'destroyed']
 ['F91' '61.891972680907564' 'mated']
 ['F36' '93.39254264737068' 'mated']
 ['F19' '104.1089457094987' 'mated']
 ['F67' '106.21556698020659' 'mated']
 ['F32' '129.8860512552254' 'mated']
 ['F83' '134.88553138110333' 'mated']
 ['F39' '136.72723938554716' 'absent']
 ['F63' '150.0896456367507' 'absent']
 ['F16' '158.66117367305634' 'mated']
 ['F90' '170.56572174737894' 'mated']
 ['F10' '176.36204338690106' 'absent']
 ['F4' '183.52207771165806' 'absent']
 ['F26' '243.78133035699227' 'destroyed']
 ['F21' '277.49893018842533' 'destroyed']
 ['F71' '281.9692712610549' 'destroyed']]",2000.0,1000.0,563.0,73.0617806431482,16.30365403808773,1270.0,221.67769244679093,48.672238947409554,361.0,60.804213295867044,13.388396186822716,13.0,1.3,0.13000000000000006,69.0,3.2903272135122896,0.1586076817558298
8,0.054,13,360.3087295826011,"[['5' '6.463386910613709' 'present']
 ['7' '30.953675401007857' 'present']
 ['5' '57.59448866579427' 'marauded']
 ['5' '63.07369496248194' 'presentdestroyed']
 ['7' '68.79435373621493' 'present']
 ['5' '69.0304815127893' 'marauded']
 ['4' '88.31378874549091' 'marauded']
 ['7' '92.88469412048492' 'presentdestroyed']
 ['7' '103.38090473565269' 'marauded']
 ['7' '105.5530958042096' 'presentdestroyed']
 ['7' '119.31527309250679' 'present']
 ['7' '122.63569523275582' 'marauded']
 ['7' '128.53903262170428' 'presentdestroyed']
 ['5' '136.82260766335244' 'present']
 ['7' '141.95902789757457' 'present']
 ['7' '143.89386689364528' 'present']
 ['7' '162.53375524375016' 'present']
 ['5' '187.1914119435431' 'present']
 ['7' '217.77873401565694' 'present']
 ['9' '218.09689462311113' 'present']
 ['5' '230.25252867757092' 'present']
 ['5' '230.6276104925279' 'present']
 ['5' '234.8397349063478' 'present']
 ['4' '242.2407998961843' 'present']
 ['5' '267.0735889842368' 'marauded']
 ['5' '280.69419052790687' 'present']
 ['7' '291.28501739294603' 'present']
 ['9' '294.1669218578372' 'present']
 ['5' '296.40561960045994' 'present']
 ['5' '298.52631517331326' 'present']
 ['7' '299.9847918430904' 'present']
 ['5' '316.2527783385207' 'present']
 ['5' '326.66696663525954' 'present']
 ['5' '331.10919303291183' 'present']
 ['5' '331.54490190598113' 'present']
 ['7' '349.81809412276044' 'marauded']]","[['F56' '23.18816084196338' 'mated']
 ['F99' '68.92875319107188' 'mated']
 ['F6' '86.11382829622133' 'mated']
 ['F52' '128.12311304390687' 'destroyed']
 ['F64' '128.6983519368197' 'absentdestroyed']
 ['F32' '129.86290310707724' '']
 ['F95' '142.926928155883' 'mated']
 ['F80' '144.69845999258496' 'mated']
 ['F65' '146.46986436449953' 'mated']
 ['F76' '166.75578319388325' 'mated']
 ['F42' '167.84614765075935' 'absent']
 ['F90' '170.5425735992308' 'absent']
 ['F10' '176.43148783134552' 'mated']
 ['F44' '192.42736713776435' 'mated']
 ['F1' '235.08893086118604' 'mated']
 ['F60' '243.04522813480457' 'mated']
 ['F26' '243.75818220884412' 'absent']
 ['F31' '254.35708555119658' 'absent']
 ['F21' '277.5220783365735' 'mated']
 ['F45' '318.37032585287295' 'mated']]",2000.0,2000.0,566.0,67.53348126230449,13.343858404314881,1407.0,245.59682899886658,54.02418462302711,250.0,42.88932341043281,9.250775136157008,11.0,1.0999999999999999,0.11000000000000004,66.0,3.093908663182693,0.1457475994513031
9,0.054,7,360.221632068601,"[['10' '15.76646016083975' 'present']
 ['0' '16.05236749286452' 'present']
 ['0' '21.60642799132931' 'present']
 ['10' '31.43711603962752' 'present']
 ['0' '49.63480913495486' 'present']
 ['0' '65.17871097257633' 'present']
 ['10' '79.73171574129456' 'present']
 ['0' '89.3809897978545' 'present']
 ['10' '94.05134177384613' 'marauded']
 ['10' '97.05789714498967' 'presentdestroyed']
 ['10' '99.56598962870426' 'destroyed']
 ['10' '117.45404062605857' 'present']
 ['10' '119.81473848107673' 'present']
 ['0' '131.16556485621092' 'present']
 ['7' '136.9846631025943' 'marauded']
 ['10' '156.06513478929924' 'present']
 ['7' '163.52870362797435' 'present']
 ['0' '177.53976594006855' 'marauded']
 ['0' '196.72951268879584' 'marauded']
 ['10' '208.86280810077645' 'present']
 ['0' '209.49887143408756' 'present']
 ['10' '218.84844601159082' 'present']
 ['0' '230.9014244381358' 'present']
 ['10' '233.28883196399454' 'present']
 ['7' '262.96816396987543' 'marauded']
 ['0' '266.17990977759416' 'presentdestroyed']
 ['0' '285.59959591732894' 'present']
 ['10' '324.76523266659734' 'present']
 ['10' '329.8663251160547' 'marauded']
 ['0' '331.76037355963206' 'presentdestroyed']
 ['10' '353.38011124631845' 'present']
 ['0' '358.5342088666476' 'present']]","[['F84' '68.08097389434128' 'absent']
 ['F58' '89.36933103407107' 'mated']
 ['F5' '106.75088633499061' 'mated']
 ['F105' '148.4181296372755' 'mated']
 ['F63' '150.135941933047' 'absent']
 ['F101' '155.0426665576967' 'absent']
 ['F101' '155.088962853993' 'absent']
 ['F22' '174.81881622407232' 'mated']
 ['F55' '185.1284508516249' 'mated']
 ['F62' '252.79458602374274' 'mated']
 ['F17' '253.27310659705546' 'absent']
 ['F70' '303.3492359706818' 'absent']
 ['F37' '349.65499124021335' 'mated']]",3000.0,0.0,557.0,70.73520272288208,14.955121408129289,1438.0,247.65684702769016,53.56752807880405,216.0,36.62075941859732,7.872658207781503,11.0,1.0999999999999999,0.11000000000000004,89.0,4.1970765856246475,0.19933127572016432
10,0.054,9,359.9102840763305,"[['7' '4.681561921589079' 'present']
 ['9' '20.074876266771206' 'marauded']
 ['1' '29.584346331905497' 'present']
 ['1' '35.74094652694565' 'marauded']
 ['8' '45.55537978566244' 'present']
 ['9' '50.148078812875205' 'present']
 ['1' '53.533825597000536' 'marauded']
 ['1' '55.17061370287852' 'presentdestroyed']
 ['7' '75.54545147116477' 'present']
 ['7' '79.37873406531537' 'present']
 ['1' '83.32593495197436' 'marauded']
 ['9' '107.69891741575256' 'present']
 ['1' '111.30388949883368' 'present']
 ['7' '112.85091515050094' 'present']
 ['9' '119.6695497555' 'present']
 ['7' '128.39273632540798' 'marauded']
 ['2' '130.52558703813096' 'presentdestroyed']
 ['9' '133.02049026574988' 'presentdestroyed']
 ['1' '138.23607357052651' 'present']
 ['7' '138.31369654385617' 'present']
 ['9' '145.02699703239435' 'marauded']
 ['1' '149.51765240095463' 'presentdestroyed']
 ['2' '150.85930114112932' 'presentdestroyed']
 ['9' '158.94639515590936' 'present']
 ['7' '162.58005154004647' 'present']
 ['7' '163.47281905477126' 'present']
 ['1' '178.3205805723047' 'marauded']
 ['9' '219.25356854239905' 'marauded']
 ['7' '222.06756887408176' 'presentdestroyed']
 ['7' '228.89440783684924' 'present']
 ['7' '230.52453566626335' 'present']
 ['7' '251.68341782221984' 'present']
 ['7' '268.31316829061893' 'present']
 ['7' '268.35946458691524' 'present']
 ['1' '272.36540150249175' 'marauded']
 ['9' '272.743151120518' 'presentdestroyed']
 ['9' '275.8080098175164' 'presentdestroyed']
 ['9' '277.97579583376705' 'presentdestroyed']
 ['7' '290.05985596842834' 'marauded']
 ['7' '312.35608776093505' 'present']
 ['1' '313.28523444652444' 'present']
 ['9' '315.1672714534527' 'marauded']
 ['7' '320.6648603560583' 'presentdestroyed']
 ['7' '321.35712865388473' 'presentdestroyed']
 ['1' '323.2053374808803' 'present']
 ['1' '324.8363703072396' 'present']
 ['1' '344.17557060480425' 'present']]","[['F43' '42.485413468115574' 'destroyed']
 ['F69' '107.67737651502722' 'mated']
 ['F39' '136.75038753369532' 'mated']
 ['F23' '138.34453930925952' 'mated']
 ['F105' '148.3718333409792' 'destroyed']
 ['F63' '150.06649748860255' 'destroyed']
 ['F63' '150.11279378489886' 'destroyed']
 ['F73' '150.53698202677145' 'absentdestroyed']
 ['F0' '152.91262690484012' 'mated']
 ['F20' '176.6518729873934' 'mated']
 ['F4' '183.4989295635099' 'destroyed']
 ['F47' '212.63000847277254' 'mated']
 ['F28' '233.56618333411785' 'mated']
 ['F62' '252.7714378755946' 'absent']
 ['F71' '281.9924194092031' 'mated']
 ['F70' '303.3723841188299' 'mated']]",3000.0,1000.0,554.0,71.32603089383964,15.039214155657852,1274.0,216.32425707167806,46.612548677040024,400.0,67.28827156101579,14.290419923114847,15.0,1.5000000000000002,0.15000000000000008,77.0,3.603167922441952,0.16932441700960205
11,0.0,6,359.95074332174545,"[['9' '4.93088346076424' 'present']
 ['10' '11.6027994576516' 'marauded']
 ['10' '14.828899864498313' 'presentdestroyed']
 ['2' '20.721694646960486' 'present']
 ['9' '22.40343083582123' 'marauded']
 ['9' '27.775535600921526' 'presentdestroyed']
 ['10' '31.840074982607362' 'marauded']
 ['9' '31.91048741938647' 'presentdestroyed']
 ['10' '33.31390978279651' 'destroyed']
 ['2' '38.06939973402702' 'presentdestroyed']
 ['8' '38.49517425113316' 'presentdestroyed']
 ['8' '44.06437624671072' 'marauded']
 ['10' '44.27569977213389' 'presentdestroyed']
 ['2' '50.13160724104977' 'presentdestroyed']
 ['9' '51.17381307793178' 'presentdestroyed']
 ['2' '51.552707424298845' 'presentdestroyed']
 ['2' '54.11418559145212' 'present']
 ['7' '58.67372333052' 'present']
 ['1' '59.79849366162749' 'marauded']
 ['9' '62.04130860233574' 'presentdestroyed']
 ['10' '62.48935646841267' 'presentdestroyed']
 ['9' '69.34430805773194' 'present']
 ['10' '73.75448562931099' 'marauded']
 ['9' '78.89596187404982' 'presentdestroyed']
 ['8' '83.03289191161349' 'marauded']
 ['8' '84.21787843072754' 'presentdestroyed']
 ['9' '91.11233598618563' 'marauded']
 ['2' '91.22661627352774' 'presentdestroyed']
 ['10' '92.65329995720877' 'destroyed']
 ['10' '93.09527351452164' 'presentdestroyed']
 ['10' '100.73857467172967' 'present']
 ['9' '105.74073683215207' 'present']
 ['10' '110.48242319545517' 'present']
 ['8' '112.85537061170284' 'present']
 ['9' '125.91277556943862' 'present']
 ['9' '126.31626940945115' 'present']
 ['2' '135.48581420951555' 'present']
 ['2' '136.2090705404341' 'present']
 ['10' '137.9709635033745' 'present']
 ['2' '146.27220566394493' 'present']
 ['10' '155.68283524144235' 'present']
 ['9' '165.6572366010051' 'present']
 ['1' '166.2485063569234' 'present']
 ['10' '168.10422279636148' 'present']
 ['9' '169.1524855242825' 'marauded']
 ['9' '170.15113093932735' 'presentdestroyed']
 ['10' '173.7771622406317' 'destroyed']
 ['10' '186.0842334998029' 'present']
 ['10' '187.93070122451775' 'present']
 ['8' '188.53169368814048' 'marauded']
 ['9' '190.7837768027029' 'destroyed']
 ['8' '193.05793110414336' 'presentdestroyed']
 ['8' '198.95628895167144' 'present']
 ['9' '206.05934507926926' 'present']
 ['8' '208.42992406511485' 'present']
 ['9' '208.7686167061447' 'present']
 ['9' '209.04658336971866' 'present']
 ['2' '212.7805378605624' 'present']
 ['9' '214.042457452194' 'present']
 ['10' '217.1348524036382' 'present']
 ['9' '218.41478960187132' 'present']
 ['9' '234.22717201047928' 'present']
 ['9' '236.58416002791515' 'present']
 ['10' '239.2519413693322' 'present']
 ['8' '239.26585277229617' 'present']
 ['10' '244.4039922469454' 'present']
 ['9' '247.98590967247588' 'present']
 ['2' '248.95091854843764' 'present']
 ['9' '252.2308684890523' 'present']
 ['9' '254.49397969896756' 'present']
 ['8' '255.8317875393951' 'present']
 ['9' '257.86438255232946' 'present']
 ['8' '259.7150412264768' 'present']
 ['10' '262.0327667003883' 'present']
 ['10' '264.7445987430966' 'present']
 ['2' '271.03000067207097' 'marauded']
 ['9' '274.6865045657934' 'presentdestroyed']
 ['10' '284.10378772048944' 'present']
 ['9' '288.4586516889206' 'present']
 ['10' '298.0591466631708' 'present']
 ['2' '299.2304049314689' 'present']
 ['8' '304.600380398801' 'marauded']
 ['9' '308.7939912850566' 'presentdestroyed']
 ['9' '310.0067275654487' 'destroyed']
 ['9' '312.90360963597806' 'present']
 ['10' '325.3967276144481' 'present']
 ['2' '342.8935259506052' 'present']
 ['10' '350.12410973503256' 'present']
 ['9' '356.4122334466342' 'present']]","[['F84' '68.05782574619313' 'absent']
 ['F99' '68.90560504292372' 'absent']
 ['F57' '70.95393118027837' 'mated']
 ['F18' '73.34949665030665' 'absent']
 ['F6' '86.09068014807318' 'destroyed']
 ['F102' '101.29575581794782' 'mated']
 ['F5' '106.72773818684246' 'absent']
 ['F64' '128.72150008496786' 'mated']
 ['F72' '129.83127520774192' 'absent']
 ['F3' '131.10206114984788' 'mated']
 ['F52' '140.14626119205502' 'mated']
 ['F105' '148.39498148912736' 'absent']
 ['F63' '150.0433493404544' 'absent']
 ['F63' '162.15909008119516' 'mated']]",3000.0,2000.0,574.0,71.84643367223521,14.914168712752062,1268.0,214.74932455026263,46.41174322757543,443.0,73.40988686918432,15.483567471487646,0.0,0.0,0.0,0.0,0.0,0.0
