id,probability_maraud,successful_mating,next_foraging_time,mar_attempts,mate_attempts,x_pos,y_pos,foraging_events,foraging_hrs,foraging_sqhrs,staying_events,staying_hrs,staying_sqhrs,repairing_events,repairing_hrs,repairing_sqhrs,marauding_events,marauding_hrs,marauding_sqhrs,traveling_events,traveling_hrs,traveling_sqhrs
0,0.054,5,359.9919515880475,"[['1' '11.061892055400419' 'present']
 ['7' '19.331080064582498' 'present']
 ['1' '20.948973459467883' 'present']
 ['1' '28.71972731717435' 'present']
 ['17' '31.203872346539935' 'present']
 ['18' '44.96838536099259' 'present']
 ['1' '45.851458914871706' 'marauded']
 ['17' '54.86651714601211' 'marauded']
 ['1' '59.05475505562829' 'presentdestroyed']
 ['17' '74.05432067656146' 'present']
 ['1' '76.11664523280135' 'present']
 ['1' '92.0537688303717' 'present']
 ['1' '95.60071118432454' 'marauded']
 ['7' '107.45061786823398' 'present']
 ['17' '111.14948659350102' 'present']
 ['1' '112.46069639711573' 'present']
 ['1' '117.75969093773249' 'marauded']
 ['1' '125.94582988231889' 'present']
 ['17' '145.50125771378126' 'present']
 ['1' '165.11998010442065' 'present']
 ['7' '197.91726354677857' 'present']
 ['17' '215.50635504040068' 'present']
 ['17' '218.93862217974433' 'present']
 ['7' '221.17698391359636' 'marauded']
 ['17' '223.2482060210908' 'presentdestroyed']
 ['17' '230.53635808264949' 'present']
 ['7' '239.27821214408343' 'present']
 ['11' '248.03305904780083' 'present']
 ['17' '249.67422022471766' 'present']
 ['17' '260.37774998945594' 'present']
 ['1' '261.3027636741492' 'present']
 ['7' '271.2281610255351' 'present']
 ['1' '273.30025783385804' 'present']
 ['18' '281.91562579700894' 'present']
 ['1' '324.2948708278455' 'marauded']
 ['1' '331.02904224671283' 'presentdestroyed']
 ['17' '345.46167586599876' 'present']
 ['1' '351.87497819176315' 'present']
 ['1' '352.51587992455217' 'marauded']]","[['F131' '42.345913399434636' 'mated']
 ['F79' '62.68111377367267' 'absent']
 ['F4' '83.2944687466736' 'mated']
 ['F1' '132.97491215905978' 'mated']
 ['F178' '180.58897242501223' 'absent']
 ['F165' '218.34604422469204' 'mated']
 ['F69' '283.77847040178483' 'mated']]",0.0,0.0,565.0,67.54112834888319,13.439652452720555,1463.0,246.17673968805713,52.23378510184352,240.0,42.51770938295969,9.463780709156536,11.0,1.0999999999999999,0.11000000000000004,95.0,2.8664275304850175,0.0985939643347051
1,0.054,11,360.05975960116535,"[['12' '0.1777141563763741' 'present']
 ['12' '0.3584074277596585' 'present']
 ['0' '0.6615015189729745' 'present']
 ['0' '10.108428808582422' 'present']
 ['0' '10.131576956730571' 'present']
 ['22' '10.170826637060046' 'present']
 ['0' '10.38966907282746' 'present']
 ['0' '17.108198982163245' 'present']
 ['0' '26.02801797684648' 'present']
 ['0' '28.95995537184656' 'marauded']
 ['14' '38.34311464196365' 'present']
 ['14' '46.61652960202117' 'present']
 ['14' '46.63967775016932' 'present']
 ['11' '50.047858100026275' 'present']
 ['12' '63.04101919498787' 'marauded']
 ['3' '78.03530612832088' 'present']
 ['14' '78.6432094794897' 'present']
 ['0' '108.40993907340734' 'present']
 ['0' '126.21398536757313' 'marauded']
 ['0' '134.23088203539598' 'marauded']
 ['0' '141.6209028456125' 'present']
 ['0' '142.463110429523' 'present']
 ['14' '142.63493135937907' 'present']
 ['22' '149.82673800098942' 'present']
 ['22' '149.85947442604433' 'present']
 ['22' '154.77249793129988' 'present']
 ['0' '155.9873080841883' 'present']
 ['0' '159.8638548331014' 'present']
 ['0' '160.81770700301854' 'present']
 ['0' '162.42844204127044' 'present']
 ['11' '164.92166429476475' 'present']
 ['22' '170.4202681994181' 'marauded']
 ['12' '181.05384587402517' 'present']
 ['0' '189.50437529183057' 'present']
 ['22' '191.9256380795414' 'present']
 ['11' '193.73371008779017' 'present']
 ['0' '196.9770887993728' 'marauded']
 ['0' '197.35686844905572' 'presentdestroyed']
 ['16' '201.4709874662639' 'presentdestroyed']
 ['0' '201.57608108538977' 'presentdestroyed']
 ['22' '204.86464004152668' 'present']
 ['0' '214.27132948946567' 'present']
 ['0' '216.61934645287792' 'marauded']
 ['22' '225.73122244278204' 'present']
 ['14' '238.82341553178398' 'present']
 ['14' '242.3172148669585' 'present']
 ['0' '245.43115266738027' 'present']
 ['0' '251.94355309887578' 'marauded']
 ['14' '256.0962467644775' 'presentdestroyed']
 ['22' '259.8417908328154' 'present']
 ['0' '269.91821153890487' 'present']
 ['11' '274.09945667776117' 'present']
 ['0' '277.8696605419956' 'present']
 ['0' '278.4160691124833' 'present']
 ['0' '285.3729298970828' 'present']
 ['22' '287.58664884842904' 'present']
 ['18' '287.97515394892736' 'present']
 ['3' '306.99483470763965' 'marauded']
 ['10' '308.6999772959407' 'presentdestroyed']
 ['14' '313.7550326436957' 'marauded']
 ['0' '318.56384652690514' 'destroyed']
 ['23' '338.90013049489454' 'present']
 ['0' '340.3031528357633' 'present']
 ['14' '342.4583901445051' 'present']
 ['16' '348.4171044447901' 'present']
 ['23' '355.66047702769936' 'marauded']
 ['14' '358.6944909430338' 'destroyed']]","[['F94' '15.238811823523585' 'mated']
 ['F199' '41.90703308994374' 'mated']
 ['F149' '41.971431076558844' 'mated']
 ['F117' '58.41302956320189' 'mated']
 ['F79' '62.69268784774675' 'mated']
 ['F138' '124.3019110699016' 'mated']
 ['F1' '132.9633380849857' 'destroyed']
 ['F119' '150.47662809954264' 'mated']
 ['F210' '155.93425441401718' 'mated']
 ['F23' '223.56983444624638' 'destroyed']
 ['F151' '272.3449965233324' 'mated']
 ['F69' '283.76689632771075' 'absent']
 ['F54' '285.17026881676134' 'mated']
 ['F42' '297.6558728705479' 'mated']]",0.0,500.0,560.0,67.31883306710229,13.29536446145687,1330.0,224.82268965868383,48.0696832774505,396.0,64.88806950944392,13.739316873534158,13.0,1.3,0.13000000000000006,58.0,1.7207319659830753,0.05572702331961589
2,0.0,7,360.0831082608205,"[['13' '2.1357299208770035' 'present']
 ['10' '5.364505555712559' 'marauded']
 ['14' '10.915791975085435' 'presentdestroyed']
 ['13' '19.839476054976195' 'present']
 ['13' '23.3398630302253' 'present']
 ['5' '23.843845277288988' 'present']
 ['11' '28.498239539720633' 'marauded']
 ['13' '29.573460526451896' 'presentdestroyed']
 ['11' '40.92576305547554' 'present']
 ['11' '51.162806717348175' 'marauded']
 ['5' '52.32375708124197' 'presentdestroyed']
 ['9' '52.76350638697838' 'presentdestroyed']
 ['20' '53.221610029011394' 'destroyed']
 ['14' '53.90500284597401' 'presentdestroyed']
 ['14' '55.018067834117765' 'presentdestroyed']
 ['13' '64.17517450824141' 'present']
 ['0' '67.6837042702261' 'present']
 ['20' '69.33840695580685' 'marauded']
 ['13' '80.31492629518975' 'present']
 ['14' '90.66196653504996' 'present']
 ['11' '94.78113305252779' 'marauded']
 ['11' '111.75950539668833' 'present']
 ['13' '113.93400193578324' 'present']
 ['14' '114.60142747333762' 'present']
 ['6' '117.19601297045527' 'present']
 ['14' '118.48935399407895' 'present']
 ['5' '121.08029409198677' 'marauded']
 ['14' '129.17262196038763' 'present']
 ['11' '145.9529873227802' 'marauded']
 ['13' '150.03912410417186' 'presentdestroyed']
 ['11' '150.34836042655985' 'presentdestroyed']
 ['5' '151.63535128750604' 'presentdestroyed']
 ['11' '166.00039947247316' 'present']
 ['14' '166.2434066038601' 'present']
 ['11' '170.35093694421874' 'present']
 ['14' '177.415072583634' 'present']
 ['11' '180.57616225919972' 'marauded']
 ['20' '182.0249913164657' 'destroyed']
 ['11' '182.04768200045007' 'destroyed']
 ['11' '184.20800504375808' 'presentdestroyed']
 ['11' '189.01389286479005' 'present']
 ['15' '196.17757868522267' 'present']
 ['14' '199.00713868259524' 'marauded']
 ['20' '204.44981522192384' 'presentdestroyed']
 ['20' '204.8017328763264' 'destroyed']
 ['5' '207.69038897361887' 'present']
 ['5' '212.03061476124256' 'present']
 ['5' '216.45287556835063' 'present']
 ['15' '227.84293672969702' 'present']
 ['14' '237.98256588799663' 'present']
 ['20' '241.97321870147115' 'marauded']
 ['14' '246.65817256988896' 'presentdestroyed']
 ['10' '251.53032808989337' 'present']
 ['14' '258.28247489986165' 'present']
 ['5' '259.3010075293898' 'present']
 ['3' '261.2628840581102' 'present']
 ['20' '264.0845271426906' 'marauded']
 ['14' '276.27338259024845' 'present']
 ['13' '279.2010209822793' 'present']
 ['11' '281.89271058621455' 'present']
 ['11' '283.2171596693861' 'present']
 ['11' '289.8795786904762' 'present']
 ['13' '301.7693313868145' 'present']
 ['14' '303.20768100654954' 'present']
 ['20' '313.13365678411907' 'present']
 ['14' '315.0322181647742' 'present']
 ['14' '320.9240626122837' 'present']
 ['14' '331.9599687253526' 'present']
 ['20' '339.6213737087615' 'marauded']
 ['20' '340.3951481455689' 'presentdestroyed']
 ['14' '343.87079257956464' 'presentdestroyed']
 ['20' '353.50517236409513' 'present']
 ['10' '353.5168676978087' 'present']
 ['5' '356.4039651898892' 'present']
 ['14' '359.02827435731274' 'present']]","[['F166' '104.79611050332562' 'mated']
 ['F0' '106.31505622721282' 'mated']
 ['F153' '117.95517246777476' 'absent']
 ['F159' '186.50991936099192' 'destroyed']
 ['F118' '195.62003303058106' 'mated']
 ['F60' '207.38020633521734' 'mated']
 ['F26' '217.78459324921954' 'absent']
 ['F24' '223.75067587079883' 'mated']
 ['F38' '230.7552171019919' 'mated']
 ['F170' '242.67291749812566' 'destroyed']
 ['F30' '254.29394760520373' 'absent']
 ['F186' '314.4585037117971' 'mated']]",0.0,1000.0,562.0,71.2578389126729,14.427198861119722,1267.0,215.6779779311039,46.12068345172579,439.0,73.06846331773312,15.315987787791432,0.0,0.0,0.0,0.0,0.0,0.0
3,0.054,12,360.2459176288156,"[['10' '1.5824285703883822' 'marauded']
 ['4' '5.173611378263411' 'destroyed']
 ['10' '9.956481852042275' 'present']
 ['9' '10.498340150232895' 'present']
 ['4' '14.894635887370024' 'present']
 ['9' '15.087198491762077' 'present']
 ['15' '28.296590226731343' 'present']
 ['23' '30.65256434761752' 'present']
 ['9' '30.881889433500458' 'present']
 ['13' '31.998057229625783' 'present']
 ['9' '33.53738527585081' 'present']
 ['10' '41.19789539368192' 'marauded']
 ['15' '50.23774700682559' 'present']
 ['16' '54.442418752540256' 'present']
 ['7' '56.09932826347056' 'present']
 ['23' '59.78010821265973' 'present']
 ['23' '62.80871878736599' 'present']
 ['22' '70.92682587277314' 'present']
 ['16' '71.60382182486248' 'present']
 ['22' '82.55712198044306' 'present']
 ['1' '84.927645797676' 'present']
 ['9' '89.89957646670084' 'present']
 ['10' '93.28762399353583' 'present']
 ['10' '94.2175819455435' 'present']
 ['10' '95.49361409118256' 'present']
 ['10' '95.85075103001837' 'present']
 ['9' '99.37597004897836' 'present']
 ['15' '102.83267640648243' 'marauded']
 ['9' '104.5474920749604' 'presentdestroyed']
 ['9' '106.09787113471708' 'destroyed']
 ['15' '121.78108459421111' 'present']
 ['16' '129.89133659366317' 'marauded']
 ['15' '130.21828719655338' 'presentdestroyed']
 ['16' '138.83915698857584' 'present']
 ['9' '142.82644837933' 'present']
 ['10' '143.53745648870606' 'present']
 ['22' '153.17881170053656' 'present']
 ['10' '155.5073846280723' 'present']
 ['23' '159.73945104075528' 'present']
 ['22' '160.18863642987833' 'present']
 ['9' '168.7036312466215' 'present']
 ['10' '169.5065225335391' 'present']
 ['10' '176.77831782936983' 'marauded']
 ['15' '176.8755171929406' 'destroyed']
 ['23' '178.0662326799063' 'presentdestroyed']
 ['16' '185.51923877464864' 'present']
 ['4' '188.55142597317362' 'present']
 ['15' '194.249306602845' 'present']
 ['22' '200.08802257772425' 'present']
 ['22' '200.39966625585672' 'present']
 ['15' '203.8427501171787' 'present']
 ['10' '208.93329730744688' 'marauded']
 ['9' '215.89202879493303' 'presentdestroyed']
 ['10' '218.59404370568342' 'marauded']
 ['15' '224.08088870164033' 'presentdestroyed']
 ['15' '229.40345544601115' 'marauded']
 ['9' '230.01279819969903' 'presentdestroyed']
 ['9' '245.85283153360834' 'present']
 ['10' '248.24961880091618' 'present']
 ['23' '249.31403196713893' 'present']
 ['9' '257.9148265272507' 'present']
 ['4' '265.3909229147996' 'present']
 ['16' '273.24962528703776' 'present']
 ['10' '279.2987852845364' 'present']
 ['1' '279.49650404382044' 'present']
 ['16' '284.9203765590055' 'present']
 ['4' '285.14895610201216' 'present']
 ['15' '285.873768717468' 'present']
 ['10' '296.574619514308' 'present']
 ['22' '300.90534887111954' 'present']
 ['23' '301.5027169538017' 'present']
 ['16' '302.82092501980594' 'present']
 ['10' '305.42407496559747' 'present']
 ['15' '311.2697260572286' 'present']
 ['9' '314.8306933063751' 'present']
 ['16' '320.6173101632878' 'present']
 ['0' '323.04224034652685' 'present']
 ['16' '324.09629314300423' 'marauded']
 ['9' '326.334408541715' 'presentdestroyed']
 ['10' '328.19166006878714' 'destroyed']
 ['16' '328.54785101613106' 'presentdestroyed']
 ['0' '333.0453683421722' 'present']
 ['15' '335.17429296787265' 'present']
 ['22' '336.5180185274316' 'present']
 ['15' '337.62349168323897' 'present']
 ['16' '346.8682684727493' 'present']
 ['9' '354.81954729996147' 'present']
 ['22' '356.33599330358015' 'present']]","[['F110' '40.22180196378309' 'mated']
 ['F91' '53.899537995852484' 'absent']
 ['F107' '101.37391128717772' 'mated']
 ['F43' '102.93069852058841' 'absentdestroyed']
 ['F99' '116.93152972394672' 'mated']
 ['F80' '139.98682154066432' 'mated']
 ['F87' '142.39155357168062' 'mated']
 ['F95' '149.65887275364332' 'mated']
 ['F19' '150.14175065586997' 'mated']
 ['F211' '176.64743759477503' 'mated']
 ['F57' '177.19534091433155' 'destroyed']
 ['F123' '185.43785224741686' 'mated']
 ['F167' '224.92522847488232' 'destroyed']
 ['F89' '245.7578167839479' 'mated']
 ['F213' '263.51059797750423' 'mated']
 ['F48' '290.20857069474783' 'mated']
 ['F104' '296.74868939665066' 'absent']
 ['F47' '330.93063067044005' 'absentdestroyed']
 ['F148' '334.743829488076' 'absent']]",0.0,1500.0,578.0,71.09022014717237,14.580427409779684,1345.0,230.1898686931083,49.84539093178351,318.0,54.947918112347246,11.937369696065957,13.0,1.3,0.13000000000000006,92.0,2.6540087878149854,0.08519804526748971
4,0.054,12,360.56361843777194,"[['20' '0.011574074074074073' 'present']
 ['23' '6.180387246555842' 'present']
 ['23' '19.978944754682416' 'present']
 ['1' '23.339203916116823' 'present']
 ['23' '31.22751880534959' 'present']
 ['22' '39.89895285121792' 'present']
 ['5' '43.04921648765966' 'present']
 ['22' '60.90389920837654' 'present']
 ['18' '78.05185114661607' 'present']
 ['23' '96.77540317101841' 'marauded']
 ['23' '124.37918666648888' 'marauded']
 ['20' '130.1434482179581' 'presentdestroyed']
 ['23' '137.17958484477668' 'present']
 ['20' '153.97744755657226' 'marauded']
 ['20' '158.58857928115634' 'presentdestroyed']
 ['20' '166.16971397439121' 'marauded']
 ['7' '166.7551547716376' 'presentdestroyed']
 ['20' '173.58422435001867' 'marauded']
 ['23' '177.415873048891' 'presentdestroyed']
 ['23' '211.0776522201193' 'present']
 ['5' '231.484795932614' 'present']
 ['10' '240.00583010877241' 'present']
 ['22' '282.0318746038603' 'present']
 ['23' '301.8330697683698' 'marauded']
 ['23' '326.2283915368201' 'present']
 ['23' '327.05054093664876' 'present']
 ['20' '341.0638637798307' 'present']
 ['23' '353.0459291208037' 'present']]","[['F84' '55.95225996822121' 'mated']
 ['F45' '62.57093281719274' 'mated']
 ['F157' '123.72340555960929' 'mated']
 ['F97' '145.07810279586687' 'mated']
 ['F53' '165.48089970205194' 'mated']
 ['F10' '165.83641282880146' 'mated']
 ['F35' '175.15824873595574' 'destroyed']
 ['F32' '185.09112148653293' 'mated']
 ['F76' '199.16867186658777' 'mated']
 ['F190' '245.360595151092' 'mated']
 ['F30' '254.31709575335188' 'absent']
 ['F133' '262.6052775039725' 'mated']
 ['F37' '273.84152985958286' 'mated']
 ['F196' '290.6852619037479' 'absent']
 ['F145' '294.01773115861494' 'mated']]",500.0,0.0,554.0,69.06255178241712,13.714886435283116,1445.0,249.87277387436046,53.95760370462638,223.0,36.53571762656702,7.627407235524478,19.0,1.9000000000000006,0.1900000000000001,91.0,2.639193417071681,0.08841306584362148
5,0.054,12,359.93367508314947,"[['13' '0.023148148148148147' 'present']
 ['19' '4.074065952878058' 'present']
 ['23' '7.370512136592723' 'present']
 ['11' '10.709213967368898' 'present']
 ['23' '23.146341621769217' 'present']
 ['11' '28.192231391297312' 'present']
 ['20' '48.99517236425897' 'present']
 ['19' '49.454367415191115' 'present']
 ['4' '49.50207153817892' 'present']
 ['11' '50.57490573984289' 'present']
 ['19' '52.55058098624843' 'present']
 ['23' '64.25385800343624' 'present']
 ['13' '67.42065517997335' 'present']
 ['19' '80.45944915579014' 'marauded']
 ['19' '81.10851655768805' 'presentdestroyed']
 ['23' '82.2843816547973' 'presentdestroyed']
 ['19' '101.48426536739511' 'marauded']
 ['4' '114.48498650884751' 'present']
 ['19' '126.08833427051778' 'present']
 ['19' '126.86325671260973' 'present']
 ['19' '127.22644353895312' 'present']
 ['13' '127.8392179998692' 'present']
 ['19' '128.65635322449785' 'marauded']
 ['19' '138.33969704013555' 'marauded']
 ['23' '138.75645391529588' 'presentdestroyed']
 ['20' '143.58551911841013' 'presentdestroyed']
 ['19' '143.98252655446265' 'presentdestroyed']
 ['11' '153.32348555876493' 'present']
 ['23' '170.28768617025506' 'present']
 ['19' '189.82425075065242' 'present']
 ['19' '195.98915765774416' 'present']
 ['11' '201.47322606285633' 'present']
 ['11' '210.321891069835' 'present']
 ['19' '217.31582047503494' 'marauded']
 ['20' '244.80606411614636' 'present']
 ['20' '257.0860047709742' 'present']
 ['11' '267.72664791174714' 'present']
 ['19' '268.07534643011365' 'present']
 ['20' '269.4622702761901' 'present']
 ['12' '273.68476676427133' 'present']
 ['11' '275.34294041672837' 'marauded']
 ['19' '286.48099941845766' 'present']
 ['13' '298.94552000492644' 'present']
 ['20' '313.7850787729637' 'present']
 ['11' '318.5781385606171' 'marauded']
 ['23' '328.13915779182395' 'present']
 ['11' '337.29401487185066' 'present']
 ['23' '337.46547221424254' 'marauded']
 ['19' '344.2473576576859' 'presentdestroyed']
 ['19' '345.8796164124864' 'present']
 ['19' '347.52402296764086' 'marauded']
 ['11' '351.2363660200677' 'destroyed']]","[['F65' '56.46554182323345' 'mated']
 ['F144' '66.72554058483523' 'mated']
 ['F52' '99.09033739904233' 'mated']
 ['F115' '100.90034757947635' 'mated']
 ['F61' '124.76543328527615' 'mated']
 ['F97' '145.05495464771872' 'destroyed']
 ['F85' '169.0929262314595' 'mated']
 ['F205' '169.51119199460086' 'mated']
 ['F207' '187.19868020784082' 'absent']
 ['F128' '205.84265313140145' 'mated']
 ['F24' '223.71115951012322' 'destroyed']
 ['F24' '223.73430765827138' 'destroyed']
 ['F75' '223.940579560223' 'absentdestroyed']
 ['F83' '236.7574370599243' 'mated']
 ['F190' '245.33744700294386' 'absent']
 ['F195' '249.900328696395' 'mated']
 ['F30' '254.27757939267627' 'absent']
 ['F12' '271.1183874772079' 'mated']
 ['F7' '317.92706644885595' 'mated']]",500.0,500.0,566.0,71.73370998383754,15.005382380662347,1360.0,230.03357013342918,49.55128934582134,308.0,55.07326444732575,12.272962852756574,11.0,1.0999999999999999,0.11000000000000004,86.0,2.2423624464140937,0.061085390946501984
6,0.054,11,359.9880511951331,"[['11' '2.1727957477024473' 'present']
 ['14' '2.2122204220706645' 'marauded']
 ['10' '8.718514060918613' 'presentdestroyed']
 ['15' '8.742575639361617' 'presentdestroyed']
 ['17' '9.539230080032151' 'present']
 ['23' '11.673502824785189' 'present']
 ['18' '25.00814119284325' 'present']
 ['17' '28.272413013642357' 'present']
 ['15' '32.09560246312659' 'present']
 ['15' '34.027047672517206' 'present']
 ['11' '37.47377942592501' 'present']
 ['11' '40.67964968409686' 'present']
 ['18' '42.03410587022473' 'marauded']
 ['18' '43.68869894195892' 'presentdestroyed']
 ['18' '48.57006239512079' 'presentdestroyed']
 ['20' '50.5330327934065' 'present']
 ['12' '51.7694099222615' 'present']
 ['12' '54.58686715504945' 'present']
 ['18' '60.91617448585431' 'present']
 ['12' '70.79556994400998' 'present']
 ['17' '74.73139075866722' 'present']
 ['15' '75.66278138937098' 'present']
 ['18' '78.20059419701106' 'marauded']
 ['12' '87.08058557990172' 'present']
 ['12' '93.02125637329628' 'marauded']
 ['12' '96.45938380123843' 'destroyed']
 ['12' '97.40942016253717' 'presentdestroyed']
 ['15' '119.19174934271575' 'present']
 ['14' '124.3360648127295' 'present']
 ['14' '127.43927849833474' 'present']
 ['12' '127.80048757000978' 'present']
 ['12' '131.14339629979736' 'present']
 ['23' '133.33487512921096' 'marauded']
 ['23' '134.01811293438445' 'presentdestroyed']
 ['23' '136.8664660003525' 'destroyed']
 ['15' '139.57669694257712' 'destroyed']
 ['1' '152.70684748418856' 'marauded']
 ['15' '155.2479209021357' 'presentdestroyed']
 ['12' '160.06801516403277' 'present']
 ['23' '172.89941455928385' 'present']
 ['23' '175.15366515791254' 'present']
 ['0' '185.1030826976642' 'present']
 ['17' '185.12596740263015' 'present']
 ['18' '192.84657886832235' 'present']
 ['18' '200.70400631296408' 'marauded']
 ['14' '204.26797539077586' 'presentdestroyed']
 ['11' '204.8622498952199' 'presentdestroyed']
 ['11' '206.43908832461088' 'presentdestroyed']
 ['7' '210.1482957342645' 'present']
 ['7' '216.2980885940215' 'present']
 ['15' '223.24223459245766' 'present']
 ['12' '223.55031355522235' 'present']
 ['15' '226.7679824091778' 'present']
 ['15' '229.09855539419863' 'present']
 ['18' '230.13694587365922' 'present']
 ['23' '242.1408127773329' 'marauded']
 ['14' '244.94602504702797' 'presentdestroyed']
 ['14' '247.4085453104393' 'presentdestroyed']
 ['15' '247.89365911266302' 'presentdestroyed']
 ['12' '248.70966663287373' 'presentdestroyed']
 ['17' '250.8219893693446' 'present']
 ['17' '255.08605361534666' 'present']
 ['23' '258.8772024841101' 'present']
 ['12' '262.7979001809491' 'present']
 ['20' '265.01638754468706' 'present']
 ['15' '271.68148624147045' 'present']
 ['15' '273.80770187104997' 'present']
 ['11' '274.2765676512161' 'marauded']
 ['0' '275.06346827290963' 'presentdestroyed']
 ['11' '279.4519005406907' 'presentdestroyed']
 ['11' '282.3128195719056' 'present']
 ['12' '283.2301676390048' 'present']
 ['18' '284.0041998452443' 'present']
 ['12' '284.07285943313684' 'present']
 ['11' '294.84413775854483' 'present']
 ['14' '304.5533192852711' 'present']
 ['15' '309.61985140823504' 'marauded']
 ['15' '312.5246986251155' 'destroyed']
 ['12' '317.4221467105232' 'present']
 ['11' '322.0184366275351' 'present']
 ['23' '327.40666420827597' 'present']
 ['18' '327.966089006658' 'marauded']
 ['11' '332.5977140465705' 'presentdestroyed']
 ['23' '335.0453234872958' 'presentdestroyed']
 ['18' '336.8477770488046' 'present']
 ['12' '340.51991892299355' 'present']
 ['14' '342.8787528527821' 'marauded']
 ['11' '344.73189462369123' 'destroyed']
 ['11' '352.5619896841235' 'present']
 ['14' '356.4177568430498' 'marauded']
 ['12' '357.0982642719644' 'presentdestroyed']]","[['F18' '1.1099523518279548' 'mated']
 ['F139' '48.917758900517626' 'destroyed']
 ['F78' '64.5771847161009' 'absent']
 ['F134' '71.63431541182302' 'mated']
 ['F153' '117.97832061592291' 'absent']
 ['F188' '130.32605069666968' 'mated']
 ['F171' '173.90397868078867' 'mated']
 ['F40' '190.23683933289618' 'mated']
 ['F46' '190.6131127327885' 'mated']
 ['F73' '209.9819294370129' 'mated']
 ['F77' '210.9973747627033' 'mated']
 ['F124' '212.92118545202504' 'mated']
 ['F64' '242.77126762364188' 'destroyed']
 ['F13' '247.2970356385187' 'destroyed']
 ['F108' '249.86502103557302' 'mated']
 ['F8' '275.242241442091' 'destroyed']
 ['F214' '277.97110750753586' 'destroyed']
 ['F3' '297.7658567687273' 'mated']
 ['F33' '298.2216705106703' 'absent']]",500.0,1000.0,560.0,72.41418658029674,15.04488176204288,1208.0,208.17552141776355,45.1429699132488,450.0,76.25661859046124,16.320038293278547,12.0,1.2,0.12000000000000005,74.0,2.0003069780544864,0.0567986968449931
7,0.054,4,360.28108062523324,"[['22' '24.81795410880143' 'present']
 ['22' '34.34443520885395' 'present']
 ['13' '40.15480351528821' 'present']
 ['9' '46.6196111668735' 'present']
 ['22' '60.74344052978658' 'present']
 ['18' '62.1077702535259' 'present']
 ['9' '70.27908210232816' 'present']
 ['22' '72.41708651181136' 'present']
 ['22' '93.42900339989819' 'present']
 ['13' '142.19488113127304' 'marauded']
 ['13' '142.32761755632794' 'destroyed']
 ['9' '208.20419977027248' 'present']
 ['13' '216.52649191953327' 'present']
 ['13' '220.51284685387293' 'present']
 ['9' '231.61938364543184' 'present']
 ['9' '233.2210390787072' 'present']
 ['13' '234.95212094302929' 'present']
 ['13' '270.57218152395996' 'present']
 ['9' '272.0536038402319' 'present']
 ['9' '278.6780072190682' 'present']
 ['13' '301.80206781186945' 'present']
 ['9' '313.5480342701235' 'marauded']
 ['13' '341.3723511018734' 'present']]","[['F129' '107.20528759672298' 'mated']
 ['F55' '109.65375344941442' 'mated']
 ['F146' '303.46851289077836' 'mated']
 ['F200' '344.8285455724038' 'mated']]",500.0,1500.0,573.0,70.91675256393101,14.777794071428715,1596.0,272.7949357172556,58.318955934184956,73.0,12.223875780457634,2.4765302563271394,13.0,1.3,0.13000000000000006,89.0,2.7721268286949385,0.09752229080932782
8,0.0,3,360.44797079963337,"[['3' '1.31181491522461' 'present']
 ['3' '23.147256916724267' 'present']
 ['4' '25.172109843095306' 'present']
 ['3' '33.28236385100692' 'present']
 ['3' '91.37660458264904' 'marauded']
 ['7' '122.69617794526533' 'present']
 ['4' '147.55682843726206' 'present']
 ['11' '148.25011471755738' 'present']
 ['23' '151.07855374768494' 'present']
 ['17' '186.4062635612813' 'present']
 ['4' '189.00687015668748' 'marauded']
 ['9' '193.46875329995723' 'presentdestroyed']
 ['3' '204.8906993698598' 'present']
 ['3' '217.65745723831955' 'present']
 ['22' '282.5470036828703' 'marauded']
 ['9' '298.4176726059785' 'present']
 ['4' '317.7949437411295' 'present']
 ['9' '319.5239372793605' 'present']
 ['16' '329.93896216642537' 'present']
 ['3' '340.4754169892732' 'marauded']
 ['18' '351.7133493389866' 'present']]","[['F71' '159.40118953864092' 'absent']
 ['F175' '182.74020119058153' 'mated']
 ['F183' '219.06851893850163' 'mated']
 ['F59' '221.29886529549336' 'mated']
 ['F47' '330.94699888296753' 'absent']]",1000.0,0.0,556.0,71.03297788498595,15.586545044299907,1602.0,264.5912846939307,55.84208125850736,138.0,24.449991879305248,5.484817264817604,0.0,0.0,0.0,0.0,0.0,0.0
9,0.054,15,360.37139460969985,"[['7' '4.103647074412833' 'present']
 ['18' '11.33688670221162' 'present']
 ['12' '11.90653497276654' 'present']
 ['3' '12.682252471208741' 'present']
 ['22' '14.019201781775521' 'present']
 ['22' '15.970368893385608' 'marauded']
 ['22' '22.883590120088538' 'presentdestroyed']
 ['7' '25.339074074264595' 'present']
 ['7' '25.36222222241274' 'present']
 ['12' '34.09381614446221' 'present']
 ['7' '36.00635058790736' 'present']
 ['12' '38.14246929326161' 'present']
 ['10' '39.110194663178156' 'present']
 ['7' '53.97375074755604' 'present']
 ['23' '54.55157341128563' 'marauded']
 ['22' '60.93862143059876' 'presentdestroyed']
 ['7' '61.99969734864779' 'present']
 ['18' '62.53187335576214' 'marauded']
 ['12' '64.26698540010766' 'presentdestroyed']
 ['22' '65.28633484426116' 'presentdestroyed']
 ['12' '65.38211834389887' 'presentdestroyed']
 ['12' '65.5735664851956' 'presentdestroyed']
 ['3' '70.41417054493394' 'present']
 ['18' '72.43643731203025' 'present']
 ['22' '72.53663108716165' 'present']
 ['12' '74.58200714218263' 'marauded']
 ['12' '76.28445434058108' 'presentdestroyed']
 ['12' '76.69737593941976' 'destroyed']
 ['12' '76.72052408756791' 'destroyed']
 ['18' '78.74115865075544' 'destroyed']
 ['3' '79.06223428616754' 'presentdestroyed']
 ['3' '80.92514104860533' 'presentdestroyed']
 ['18' '84.48126577263048' 'present']
 ['12' '86.19677489859338' 'present']
 ['7' '87.76174871623594' 'present']
 ['7' '90.2368038620685' 'marauded']
 ['7' '93.35235465105819' 'presentdestroyed']
 ['7' '94.47562900417009' 'presentdestroyed']
 ['7' '97.69913907929609' 'present']
 ['22' '101.21285432411908' 'present']
 ['7' '101.30397483358307' 'present']
 ['12' '101.91249696940467' 'present']
 ['12' '106.44682856142504' 'present']
 ['7' '107.31589564601175' 'marauded']
 ['12' '110.02621734706696' 'destroyed']
 ['7' '113.91189412726035' 'destroyed']
 ['12' '114.56149256405155' 'presentdestroyed']
 ['12' '118.26829276483849' 'present']
 ['7' '118.37751563585378' 'present']
 ['7' '121.700225316698' 'present']
 ['18' '123.03828866354114' 'present']
 ['12' '125.88080678193879' 'marauded']
 ['7' '126.25228810737872' 'presentdestroyed']
 ['7' '127.5265091502064' 'presentdestroyed']
 ['3' '127.63888359162283' 'presentdestroyed']
 ['7' '128.67811324472825' 'presentdestroyed']
 ['7' '128.7012613928764' 'presentdestroyed']
 ['7' '133.7343461917275' 'present']
 ['18' '138.68402300371264' 'present']
 ['3' '139.4830424269882' 'present']
 ['18' '151.5547667221828' 'present']
 ['7' '152.80139659598817' 'present']
 ['22' '152.91771509344792' 'marauded']
 ['22' '157.52053841298502' 'presentdestroyed']
 ['3' '160.57906993967603' 'present']
 ['3' '167.45300463674903' 'present']
 ['22' '167.80025035450086' 'present']
 ['7' '172.0581121958409' 'present']
 ['3' '173.4858692596017' 'present']
 ['7' '177.47571719481945' 'present']
 ['18' '179.3691289435842' 'present']
 ['7' '179.75996320835495' 'present']
 ['7' '180.99253501825396' 'present']
 ['7' '184.26317289390096' 'present']
 ['22' '186.0625345085289' 'present']
 ['12' '189.34260394401193' 'present']
 ['7' '190.62750874269392' 'present']
 ['7' '191.73948112452533' 'present']
 ['22' '195.28004959215792' 'present']
 ['18' '195.53155269122988' 'present']
 ['7' '197.20331709537322' 'present']
 ['7' '198.00249960245694' 'marauded']
 ['18' '199.6399688539224' 'presentdestroyed']
 ['22' '203.70501360057702' 'presentdestroyed']
 ['12' '203.99098084158487' 'destroyed']
 ['7' '204.8788878746307' 'presentdestroyed']
 ['12' '217.5373686971541' 'present']
 ['7' '219.28495640801864' 'present']
 ['12' '219.80087247735997' 'present']
 ['7' '221.7072608361011' 'present']
 ['18' '221.8485469875365' 'marauded']
 ['22' '224.8080910281926' 'presentdestroyed']
 ['22' '225.02414812463044' 'presentdestroyed']
 ['7' '227.38408108739003' 'presentdestroyed']
 ['7' '229.3368640498019' 'present']
 ['7' '234.97345605128902' 'present']
 ['7' '235.17647933824094' 'present']
 ['7' '238.4176486869285' 'present']
 ['12' '242.04023751375527' 'present']
 ['12' '242.77955987822585' 'present']
 ['23' '245.27361705635684' 'present']
 ['7' '252.48975533115294' 'present']
 ['3' '255.54171352340308' 'present']
 ['3' '256.9379896694264' 'present']
 ['12' '258.6769630497633' 'present']
 ['7' '259.86980838174094' 'present']
 ['7' '260.15837070345196' 'present']
 ['12' '260.6340656631588' 'present']
 ['12' '261.5052212057556' 'marauded']
 ['12' '263.88428009860206' 'destroyed']
 ['3' '265.1847629111812' 'presentdestroyed']
 ['22' '270.40093794558845' 'present']
 ['7' '276.75037598438894' 'present']
 ['22' '276.8439959922245' 'present']
 ['22' '278.6730234207183' 'marauded']
 ['12' '281.1171680192955' 'destroyed']
 ['3' '281.9451679620191' 'presentdestroyed']
 ['12' '287.44571717266456' 'marauded']
 ['12' '289.5731001446756' 'destroyed']
 ['7' '293.4742110608961' 'presentdestroyed']
 ['7' '295.8235318447631' 'present']
 ['18' '297.6906324074967' 'present']
 ['7' '299.6814085491943' 'present']
 ['12' '300.54603459827' 'present']
 ['18' '302.9388726034258' 'present']
 ['7' '308.02470802555' 'present']
 ['18' '311.16342271561797' 'present']
 ['18' '313.6728100025705' 'present']
 ['22' '315.62833680922955' 'present']
 ['18' '323.6418335595298' 'present']
 ['3' '334.8089281292234' 'present']
 ['22' '335.0420170763066' 'present']
 ['22' '335.81249548735127' 'marauded']
 ['7' '337.136898042825' 'presentdestroyed']
 ['12' '340.96790395459624' 'presentdestroyed']
 ['18' '341.2321569803991' 'presentdestroyed']
 ['12' '350.7233741351947' 'present']
 ['12' '352.58903899381096' 'present']
 ['3' '357.38903065272655' 'present']]","[['F150' '18.130465470686712' 'destroyed']
 ['F100' '38.6839881066889' 'mated']
 ['F91' '53.864815773630255' 'absent']
 ['F91' '53.88796392177841' 'absent']
 ['F91' '53.91111206992656' 'mated']
 ['F55' '109.64217937534035' 'destroyed']
 ['F5' '117.46108954489016' 'mated']
 ['F44' '118.73336545821093' 'mated']
 ['F184' '131.161928397494' 'destroyed']
 ['F185' '151.9424074564954' 'mated']
 ['F168' '156.7894062463115' 'destroyed']
 ['F192' '162.06087459326972' 'mated']
 ['F174' '162.81288928039737' 'mated']
 ['F81' '168.38124307938529' 'mated']
 ['F177' '179.29878041321473' 'mated']
 ['F15' '195.8244896451307' 'absent']
 ['F63' '207.74122230820527' 'absent']
 ['F183' '219.05215072597417' 'absent']
 ['F208' '247.31120303401832' 'mated']
 ['F132' '250.326053888362' 'mated']
 ['F179' '255.98679628031852' 'mated']
 ['F130' '273.96417582887335' 'mated']
 ['F98' '284.1881932223277' 'destroyed']
 ['F137' '309.1998773493546' 'mated']
 ['F21' '328.2205633925768' 'mated']
 ['F47' '330.963367095495' 'absent']]",1000.0,500.0,569.0,70.97371947058201,14.251848919229102,1217.0,201.26059087302002,42.39943370409738,506.0,85.58979796325438,18.154252800066804,5.0,0.5,0.05000000000000001,67.0,1.7448658241025627,0.048225308641975266
10,0.054,8,360.5677249764236,"[['18' '1.2696979409904912' 'present']
 ['15' '8.243449420223769' 'present']
 ['9' '13.963703456036027' 'present']
 ['13' '18.0459951446898' 'present']
 ['18' '18.939047634599632' 'marauded']
 ['19' '38.78237351773051' 'present']
 ['19' '42.14366528254979' 'present']
 ['13' '44.7681539906197' 'present']
 ['19' '45.663838966756195' 'present']
 ['12' '46.81173922817263' 'present']
 ['18' '52.272220647184305' 'present']
 ['19' '59.06115609994491' 'marauded']
 ['15' '60.09823469988334' 'presentdestroyed']
 ['12' '64.48940428531667' 'presentdestroyed']
 ['6' '64.64334376902498' 'presentdestroyed']
 ['19' '67.12626186193707' 'present']
 ['18' '74.0144544724954' 'marauded']
 ['3' '77.7220418249713' 'presentdestroyed']
 ['3' '78.59765017202122' 'presentdestroyed']
 ['12' '81.81117878338227' 'marauded']
 ['4' '84.87791474991371' 'presentdestroyed']
 ['12' '90.82069604563853' 'present']
 ['12' '95.33610151321743' 'present']
 ['12' '95.36883793827236' 'present']
 ['12' '105.52764602178473' 'present']
 ['19' '106.28446802087753' 'marauded']
 ['19' '116.21976667039836' 'present']
 ['9' '118.70060179367498' 'present']
 ['3' '125.40488523041728' 'marauded']
 ['20' '133.4057665466998' 'present']
 ['3' '140.10701558468992' 'present']
 ['15' '145.49929436958988' 'present']
 ['18' '146.54632832955335' 'present']
 ['3' '146.98630301036' 'marauded']
 ['18' '157.47083925491614' 'present']
 ['18' '166.6664282921051' 'present']
 ['3' '172.41570778653374' 'present']
 ['18' '174.68698257705645' 'present']
 ['19' '177.53510146822592' 'marauded']
 ['19' '178.7167279545712' 'presentdestroyed']
 ['18' '179.10944082464408' 'presentdestroyed']
 ['3' '195.55800100539142' 'present']
 ['12' '202.39409133670893' 'present']
 ['3' '205.60250501720088' 'present']
 ['3' '207.1484941557852' 'present']
 ['4' '209.20247070550005' 'present']
 ['12' '218.65420252354397' 'marauded']
 ['19' '221.66688745388205' 'destroyed']
 ['19' '237.29720947732193' 'present']
 ['19' '237.65351332679273' 'present']
 ['3' '240.55618110584007' 'present']
 ['12' '248.74240305792864' 'present']
 ['19' '249.00332197923876' 'present']
 ['3' '257.1160929636422' 'present']
 ['19' '258.1698356057134' 'present']
 ['12' '270.3337230254093' 'present']
 ['18' '283.4736874337219' 'present']
 ['19' '284.56661008074684' 'present']
 ['12' '285.8171693834282' 'present']
 ['18' '305.5746016214431' 'present']
 ['18' '311.5198791484823' 'present']
 ['3' '311.9209972953844' 'present']
 ['18' '313.2366057826424' 'present']
 ['12' '317.45488313557814' 'present']
 ['3' '319.75875607570555' 'present']
 ['19' '320.75681362925525' 'present']
 ['12' '321.8813091684574' 'present']
 ['3' '322.8370032536645' 'present']
 ['19' '330.9027733725913' 'present']
 ['18' '345.2971884091409' 'marauded']
 ['12' '355.34389531739583' 'present']
 ['13' '356.72786439761484' 'present']]","[['F41' '6.714100662676911' 'mated']
 ['F66' '8.676399089862327' 'mated']
 ['F164' '116.69315052622716' 'mated']
 ['F88' '131.00768082340457' 'destroyed']
 ['F175' '182.7054789683593' 'destroyed']
 ['F112' '192.74022985667523' 'mated']
 ['F63' '207.77395873326017' 'absent']
 ['F22' '212.2272514795659' 'mated']
 ['F160' '219.31728862825997' 'destroyed']
 ['F11' '234.8988311233031' 'mated']
 ['F203' '244.1724423396489' 'mated']
 ['F58' '308.99370045282745' 'mated']]",1000.0,1000.0,566.0,65.78796401809637,12.415941624665932,1396.0,229.62558716511649,47.898002946302384,362.0,61.117165099583794,12.979841814836524,12.0,1.2,0.12000000000000005,78.0,2.3511334815394163,0.07876800411522633
11,0.054,8,360.01339404997276,"[['6' '0.8176056934328724' 'present']
 ['5' '4.295245172313341' 'present']
 ['0' '10.361726786225919' 'present']
 ['6' '15.610388578687436' 'marauded']
 ['5' '15.995427719461222' 'presentdestroyed']
 ['6' '24.916412596553513' 'present']
 ['0' '30.233808115381343' 'present']
 ['6' '34.07781756500606' 'present']
 ['6' '34.271566931932355' 'present']
 ['5' '40.94429930325383' 'present']
 ['23' '53.01065576651375' 'present']
 ['23' '53.62902378701113' 'present']
 ['5' '57.42982454544286' 'marauded']
 ['23' '61.56933915130037' 'presentdestroyed']
 ['0' '62.49339030440471' 'presentdestroyed']
 ['5' '70.83311350598306' 'marauded']
 ['0' '77.99079224420558' 'presentdestroyed']
 ['23' '84.21138892201036' 'present']
 ['0' '84.33409490414408' 'marauded']
 ['0' '88.58137292567768' 'presentdestroyed']
 ['1' '95.02690735625659' 'marauded']
 ['5' '95.23466211741851' 'destroyed']
 ['5' '109.30406232693835' 'present']
 ['6' '115.93276430546972' 'marauded']
 ['0' '137.04202488185044' 'marauded']
 ['0' '137.92497686073258' 'presentdestroyed']
 ['0' '139.72311845916846' 'presentdestroyed']
 ['0' '142.49105271612453' 'presentdestroyed']
 ['0' '158.03706970659587' 'present']
 ['5' '158.5976730738162' 'present']
 ['0' '179.2646394821747' 'present']
 ['16' '183.9973184487359' 'present']
 ['0' '184.0043564768437' 'present']
 ['5' '184.1801588022514' 'present']
 ['6' '187.78829021698465' 'present']
 ['6' '196.94658747578157' 'present']
 ['5' '198.13457868236506' 'present']
 ['5' '205.82215402644155' 'present']
 ['17' '205.9368738153952' 'present']
 ['16' '210.36083523354793' 'present']
 ['6' '210.55026902746587' 'present']
 ['0' '211.36028552341202' 'marauded']
 ['0' '217.62847292762686' 'presentdestroyed']
 ['13' '220.76870397239486' 'present']
 ['6' '226.9535574191728' 'present']
 ['5' '227.18630142622982' 'marauded']
 ['6' '229.8402452078046' 'presentdestroyed']
 ['6' '231.10987688765957' 'presentdestroyed']
 ['5' '231.28152883307447' 'destroyed']
 ['1' '235.37568130546032' 'marauded']
 ['0' '240.8891424308269' 'presentdestroyed']
 ['1' '250.23650195762264' 'present']
 ['6' '251.38929874760112' 'present']
 ['5' '252.55478693240082' 'marauded']
 ['5' '254.62690721990353' 'presentdestroyed']
 ['0' '259.4171521275683' 'presentdestroyed']
 ['6' '259.653207580176' 'presentdestroyed']
 ['6' '292.0073216223591' 'present']
 ['0' '295.28130454947404' 'present']
 ['5' '297.3903754765006' 'marauded']
 ['5' '302.12932487280847' 'presentdestroyed']
 ['16' '302.5879313404623' 'presentdestroyed']
 ['16' '305.9077914433793' 'present']
 ['6' '307.7961718917789' 'marauded']
 ['23' '312.6721025667095' 'presentdestroyed']
 ['5' '316.8312538416733' 'present']
 ['23' '322.08666333056067' 'present']
 ['6' '325.7226579251932' 'present']
 ['23' '333.14522238841727' 'present']
 ['17' '342.46981512592447' 'present']
 ['1' '343.7094778835824' 'present']
 ['6' '351.1351028301602' 'present']
 ['16' '352.2272395044071' 'present']
 ['5' '356.27602290328764' 'marauded']]","[['F115' '100.85603708034733' 'destroyed']
 ['F115' '100.88877350540227' 'destroyed']
 ['F188' '130.3144766225956' 'absent']
 ['F135' '147.26447463878498' 'mated']
 ['F90' '148.3733988981384' 'mated']
 ['F50' '153.34202165248158' 'mated']
 ['F71' '159.42706995504716' 'mated']
 ['F191' '179.25942754911242' 'mated']
 ['F26' '217.79616732329362' 'destroyed']
 ['F170' '242.66134342405158' '']
 ['F202' '248.32848685052357' 'mated']
 ['F49' '264.24478039185374' 'mated']
 ['F109' '345.99701236144807' 'mated']]",1000.0,1500.0,563.0,69.63474986980282,13.795045704663771,1234.0,205.5864167819712,44.17234739585873,481.0,81.96503857542461,17.222572458907415,10.0,0.9999999999999999,0.10000000000000003,71.0,1.8718399299877146,0.05197616598079555
12,0.054,8,360.0842748943278,"[['6' '12.564569061428271' 'marauded']
 ['6' '35.95163773139126' 'present']
 ['10' '39.542902703625465' 'present']
 ['10' '53.20997076368195' 'present']
 ['13' '56.79892583084858' 'present']
 ['6' '87.00516249952021' 'present']
 ['6' '87.56572261592439' 'present']
 ['9' '98.25426621204669' 'present']
 ['9' '135.75469777342397' 'present']
 ['16' '135.85108516912365' 'marauded']
 ['9' '150.52233383779512' 'present']
 ['9' '174.2514579746097' 'present']
 ['1' '210.11746108152548' 'marauded']
 ['10' '229.93440364631826' 'present']
 ['10' '230.53037669899905' 'present']
 ['9' '231.4962354972837' 'marauded']
 ['14' '241.50850445423572' 'present']
 ['6' '249.6623990912079' 'marauded']
 ['9' '252.54419644814226' 'presentdestroyed']
 ['1' '277.4993230125048' 'present']
 ['1' '292.05794145145927' 'marauded']
 ['9' '310.43566347672646' 'present']
 ['9' '332.97056325295915' 'present']
 ['1' '342.07102217009117' 'present']
 ['9' '342.59088522578253' 'present']
 ['14' '342.74403063055985' 'marauded']
 ['9' '348.36478340089775' 'presentdestroyed']
 ['9' '349.78758402891077' 'presentdestroyed']
 ['6' '354.0779702955531' 'present']]","[['F140' '52.74201842455894' 'mated']
 ['F152' '170.45225449431481' 'mated']
 ['F161' '202.436010787754' 'mated']
 ['F51' '202.47800627692274' 'mated']
 ['F113' '241.10984482850822' 'mated']
 ['F179' '255.97522220624444' 'destroyed']
 ['F98' '284.1997672964018' 'mated']
 ['F3' '297.7494885561998' 'destroyed']
 ['F47' '330.9749411695691' 'mated']
 ['F74' '337.13868233867294' 'mated']]",1500.0,0.0,546.0,73.10335223319754,16.181129006045424,1421.0,241.05798150812402,51.50949747943268,262.0,42.86922494558452,8.867705855150266,8.0,0.7999999999999999,0.08000000000000002,78.0,2.387527396141476,0.07823216735253768
13,0.054,6,359.9138302937106,"[['23' '3.12993114685519' 'marauded']
 ['23' '13.20192635119629' 'present']
 ['7' '39.53974317526545' 'present']
 ['7' '43.56997096668359' 'present']
 ['20' '49.400909287939385' 'present']
 ['7' '55.16331654212345' 'present']
 ['7' '66.35289535564893' 'present']
 ['7' '71.7428097378487' 'marauded']
 ['7' '73.24631226550922' 'presentdestroyed']
 ['20' '87.57997548899944' 'present']
 ['7' '100.19976442991681' 'marauded']
 ['15' '108.22251313455004' 'present']
 ['7' '112.8294196150346' 'present']
 ['23' '114.25794609452943' 'marauded']
 ['10' '121.13327366973633' 'destroyed']
 ['17' '124.66226006449205' 'present']
 ['7' '129.84205329045653' 'marauded']
 ['20' '136.6444127146632' 'presentdestroyed']
 ['7' '158.4567345786086' 'marauded']
 ['20' '162.35022332312897' 'destroyed']
 ['20' '166.88399935463852' 'present']
 ['7' '166.9503245534459' 'present']
 ['7' '167.08592685363448' 'marauded']
 ['23' '168.79326549531228' 'presentdestroyed']
 ['11' '174.39003553884902' 'presentdestroyed']
 ['7' '209.090387006727' 'marauded']
 ['23' '211.92376087638817' 'presentdestroyed']
 ['7' '214.2038419095237' 'presentdestroyed']
 ['7' '229.30892176320037' 'present']
 ['7' '236.04576684558657' 'present']
 ['23' '247.27141145454206' 'marauded']
 ['7' '249.55909042055177' 'destroyed']
 ['17' '254.01354990926893' 'destroyed']
 ['20' '257.8811906631232' 'present']
 ['17' '258.4211768484692' 'marauded']
 ['7' '262.17502798635337' 'presentdestroyed']
 ['20' '269.605843285848' 'present']
 ['7' '290.2864403632065' 'marauded']
 ['15' '300.6754088041908' 'present']
 ['7' '303.97388164204864' 'present']
 ['20' '313.6619306248155' 'marauded']
 ['0' '314.92602192900256' 'presentdestroyed']
 ['20' '330.9829765454865' 'marauded']
 ['20' '331.1061246936347' 'presentdestroyed']
 ['20' '336.0168861952501' 'presentdestroyed']
 ['5' '336.60527496562094' 'presentdestroyed']
 ['7' '337.10895575622345' 'presentdestroyed']
 ['7' '343.32598035778994' 'marauded']
 ['7' '349.47352172989326' 'presentdestroyed']
 ['7' '349.9402533705881' 'destroyed']
 ['15' '354.3916142304497' 'present']
 ['17' '357.864854496669' 'marauded']]","[['F194' '63.123916337773565' 'mated']
 ['F29' '63.86156127131163' 'mated']
 ['F155' '78.39837611803883' 'destroyed']
 ['F141' '95.55628528438642' 'absent']
 ['F102' '136.0707543931107' 'destroyed']
 ['F172' '145.63732402741675' 'mated']
 ['F205' '169.47167563392526' 'destroyed']
 ['F178' '180.61212057316038' 'mated']
 ['F187' '198.80248063155625' 'mated']
 ['F193' '234.5434099343034' 'mated']
 ['F186' '314.4421354992696' 'destroyed']
 ['F7' '317.9039183007078' 'destroyed']]",1500.0,500.0,563.0,69.0577172455436,13.683553580841696,1200.0,200.69595103148956,43.22604259558844,501.0,87.1853884041893,18.992316133274176,8.0,0.7999999999999999,0.08000000000000002,70.0,2.3209166900042635,0.08573388203017832
14,0.054,13,360.13643291971994,"[['19' '13.29033719104747' 'present']
 ['1' '15.22338150765151' 'present']
 ['19' '15.666325874689791' 'marauded']
 ['22' '18.699371212199402' 'destroyed']
 ['19' '19.538971017938152' 'presentdestroyed']
 ['22' '26.603513795256436' 'present']
 ['6' '26.81656587787327' 'marauded']
 ['1' '28.95439064611986' 'presentdestroyed']
 ['12' '50.22047732345153' 'present']
 ['1' '55.156803975464285' 'present']
 ['22' '56.83733971837186' 'present']
 ['22' '60.02976257641932' 'marauded']
 ['22' '72.65765306759457' 'present']
 ['22' '73.93007904564638' 'present']
 ['22' '89.83592305488988' 'present']
 ['19' '95.42120878660016' 'present']
 ['22' '97.12300087099905' 'present']
 ['19' '99.51782573340371' 'marauded']
 ['19' '101.46111721924696' 'presentdestroyed']
 ['1' '110.3966176549834' 'present']
 ['6' '118.83592780416028' 'present']
 ['22' '124.08468421729596' 'present']
 ['6' '125.9132803752256' 'present']
 ['6' '129.142726623114' 'present']
 ['19' '133.7719113432004' 'marauded']
 ['22' '150.70610790061232' 'present']
 ['22' '155.3377923370562' 'marauded']
 ['22' '162.224427411512' 'presentdestroyed']
 ['1' '166.33002125127067' 'present']
 ['6' '166.81734923025277' 'present']
 ['22' '169.23854143641915' 'present']
 ['1' '179.97411443666425' 'present']
 ['1' '182.8801686459647' 'present']
 ['1' '183.59999845458032' 'marauded']
 ['6' '186.72676470906976' 'presentdestroyed']
 ['19' '187.12110805539112' 'presentdestroyed']
 ['6' '195.8946701784247' 'present']
 ['22' '203.06047116371522' 'present']
 ['22' '204.40074300184696' 'present']
 ['12' '207.47863817252892' 'present']
 ['22' '230.0188672194543' 'present']
 ['6' '240.4216426061681' 'present']
 ['19' '248.32677315448143' 'marauded']
 ['19' '250.486774066827' 'presentdestroyed']
 ['1' '250.60419117200576' 'presentdestroyed']
 ['20' '260.4505343147828' 'marauded']
 ['6' '262.26570538774195' 'presentdestroyed']
 ['6' '265.04199354663695' 'presentdestroyed']
 ['16' '266.88358211667094' 'presentdestroyed']
 ['22' '267.5047761660179' 'presentdestroyed']
 ['19' '268.90608076059976' 'present']
 ['22' '270.16238674007485' 'present']
 ['22' '270.9315369080858' 'present']
 ['22' '275.3113256648324' 'present']
 ['1' '278.9220062170131' 'present']
 ['12' '280.84441378252745' 'present']
 ['1' '281.5895146424695' 'present']
 ['22' '284.5584042007976' 'marauded']
 ['12' '289.60782236689784' 'destroyed']
 ['19' '294.1800385830488' 'present']
 ['1' '296.31505174558856' 'present']
 ['1' '302.14774795547316' 'present']
 ['22' '316.52964923493664' 'present']
 ['6' '325.699509777045' 'present']
 ['1' '332.5085216839399' 'marauded']
 ['22' '336.54596081403315' 'presentdestroyed']
 ['12' '339.402940705285' 'presentdestroyed']
 ['19' '349.6754934783944' 'present']
 ['19' '349.77788111045896' 'present']
 ['1' '351.124668081092' 'present']]","[['F176' '47.4533613848386' 'mated']
 ['F154' '64.82796066997207' 'destroyed']
 ['F201' '69.35420927694057' 'absent']
 ['F92' '114.73403996849102' 'mated']
 ['F153' '117.96674654184883' 'absent']
 ['F138' '124.29033699582753' 'absent']
 ['F142' '145.20266810176213' 'mated']
 ['F31' '148.06744064890827' 'mated']
 ['F96' '150.2309833132857' 'mated']
 ['F34' '152.45692804265246' 'mated']
 ['F136' '157.79539790714733' 'destroyed']
 ['F62' '164.84516057610182' 'mated']
 ['F39' '173.99606243762787' 'mated']
 ['F14' '179.00624837127623' 'mated']
 ['F159' '186.521493435066' 'destroyed']
 ['F2' '192.47936238460562' 'mated']
 ['F23' '223.58140852032045' 'mated']
 ['F170' '242.68449157219973' 'mated']
 ['F93' '242.90502250155328' 'absent']
 ['F93' '242.92817064970143' 'mated']]",1500.0,1000.0,566.0,69.9847949716696,14.656740266949974,1310.0,220.1020156882221,46.235674313604676,411.0,66.95710181025115,13.960727735382447,12.0,1.2,0.12000000000000005,77.0,1.9568664596584617,0.05358367626886139
15,0.054,7,360.14889740071465,"[['3' '1.07049567118354' 'present']
 ['6' '24.72803557756134' 'present']
 ['13' '38.40462282325479' 'marauded']
 ['6' '41.72330172841011' 'presentdestroyed']
 ['10' '44.21335052321538' 'presentdestroyed']
 ['16' '47.67608670667917' 'present']
 ['6' '67.38408667059366' 'present']
 ['20' '71.38864273608132' 'present']
 ['13' '89.99971508475872' 'present']
 ['6' '90.2208565678633' 'present']
 ['3' '96.56291269946273' 'present']
 ['6' '108.66782967660967' 'marauded']
 ['3' '112.19971824752675' 'presentdestroyed']
 ['6' '129.66372327586237' 'present']
 ['20' '141.89409137803486' 'present']
 ['13' '153.22321851695162' 'present']
 ['10' '155.73342016261267' 'marauded']
 ['16' '155.91547004379115' 'presentdestroyed']
 ['20' '163.74377921033994' 'present']
 ['20' '164.14490014400084' 'marauded']
 ['3' '169.74833631926202' 'presentdestroyed']
 ['20' '172.38306071559586' 'present']
 ['3' '172.84566750814307' 'present']
 ['16' '173.7930395628312' 'present']
 ['13' '177.45260916399215' 'present']
 ['16' '185.33486610400496' 'marauded']
 ['3' '196.7964135343174' 'present']
 ['3' '196.8582204568433' 'present']
 ['10' '204.36929022902638' 'present']
 ['10' '239.6060805327417' 'present']
 ['6' '262.7315546019201' 'present']
 ['10' '267.9800817282652' 'present']
 ['20' '271.0409859347086' 'present']
 ['13' '272.4435544518166' 'present']
 ['20' '275.21208226252674' 'marauded']
 ['3' '276.59907333386644' 'presentdestroyed']
 ['3' '278.71947832537415' 'presentdestroyed']
 ['3' '293.99326031537873' 'present']
 ['6' '305.29033897233774' 'present']
 ['20' '313.52363293079236' 'marauded']
 ['3' '339.08731855997536' 'present']
 ['3' '339.9635784495907' 'present']
 ['3' '339.9867265977389' 'marauded']
 ['3' '341.43854543296607' 'presentdestroyed']
 ['3' '343.9790084395894' 'presentdestroyed']
 ['3' '344.742498865912' 'presentdestroyed']
 ['16' '348.03773071289964' 'present']
 ['3' '351.1065032666617' 'present']
 ['3' '359.5130811772463' 'present']]","[['F147' '132.91012748354945' 'mated']
 ['F210' '155.90151798896227' 'destroyed']
 ['F205' '169.4880438464527' 'destroyed']
 ['F57' '177.20691498840563' 'absent']
 ['F156' '179.01628968561172' 'mated']
 ['F159' '186.48677121284376' 'destroyed']
 ['F20' '194.83163507976377' 'mated']
 ['F158' '214.7027287195189' 'absent']
 ['F167' '224.9368025489564' 'absent']
 ['F143' '231.2380148655701' 'mated']
 ['F27' '238.29962221942856' 'mated']
 ['F214' '277.9595334334618' 'destroyed']
 ['F180' '281.25095850328654' 'absentdestroyed']
 ['F196' '290.70841005189607' 'mated']
 ['F33' '298.2332445847444' 'mated']]",1500.0,1500.0,565.0,68.03957787748247,13.455380292434462,1392.0,240.8698497630782,52.015251377491445,283.0,48.716750815822365,10.96470914761706,7.0,0.7,0.07,66.0,1.691459903052441,0.0460819615912208
16,0.054,9,359.97479562367334,"[['19' '1.297466995167334' 'present']
 ['17' '1.312128655557635' 'present']
 ['1' '6.536539095684269' 'marauded']
 ['17' '15.074196665870769' 'present']
 ['1' '15.19543922104997' 'present']
 ['3' '18.767608662743115' 'marauded']
 ['17' '20.152988599660723' 'presentdestroyed']
 ['22' '21.913746996989218' 'destroyed']
 ['17' '30.041920562515138' 'marauded']
 ['17' '32.182634607891636' 'presentdestroyed']
 ['3' '33.254421564405376' 'presentdestroyed']
 ['11' '44.67236166951718' 'present']
 ['18' '62.664609780817074' 'present']
 ['15' '66.50589956594077' 'present']
 ['11' '70.32984682900542' 'present']
 ['3' '84.50991946387086' 'present']
 ['17' '87.77355784557912' 'marauded']
 ['17' '96.28736649493027' 'present']
 ['17' '98.89984069259145' 'present']
 ['18' '100.6117868431502' 'marauded']
 ['17' '102.15213973467185' 'presentdestroyed']
 ['18' '105.01730221856971' 'destroyed']
 ['13' '108.45590816240514' 'presentdestroyed']
 ['19' '109.59090817113729' 'present']
 ['17' '113.27052813620044' 'present']
 ['18' '114.96507567477826' 'present']
 ['3' '120.47276734640462' 'marauded']
 ['1' '123.72064204418581' 'presentdestroyed']
 ['17' '127.60991067754621' 'present']
 ['11' '130.3754139749232' 'present']
 ['17' '143.29662614854982' 'present']
 ['22' '144.51424965395887' 'marauded']
 ['11' '148.09827401503125' 'presentdestroyed']
 ['14' '148.5815942517129' 'presentdestroyed']
 ['4' '166.06188217324896' 'marauded']
 ['15' '181.82688022095655' 'present']
 ['17' '184.1738657238793' 'present']
 ['17' '186.99010011773112' 'marauded']
 ['19' '189.85897297287465' 'presentdestroyed']
 ['4' '209.59206770354874' 'present']
 ['1' '213.49275608091608' 'present']
 ['3' '217.30340192016513' 'marauded']
 ['18' '230.42974305674036' 'marauded']
 ['1' '236.53931755673395' 'presentdestroyed']
 ['17' '243.62542526842586' 'present']
 ['18' '249.2850933871506' 'present']
 ['3' '250.23011488063185' 'marauded']
 ['3' '265.16161476303307' 'present']
 ['17' '275.174970494074' 'present']
 ['18' '281.523564250905' 'present']
 ['11' '283.75553577389235' 'present']
 ['1' '287.1541926822515' 'present']
 ['17' '289.4342362462637' 'present']
 ['17' '297.1877233930718' 'present']
 ['14' '306.7822315813868' 'marauded']
 ['18' '313.2693422076974' 'presentdestroyed']
 ['13' '326.16370785179004' 'present']
 ['1' '329.96323722642904' 'present']
 ['1' '333.19878478104' 'present']
 ['11' '337.2660725852491' 'present']
 ['18' '339.3391538649282' 'marauded']
 ['3' '339.7161133469791' 'presentdestroyed']
 ['17' '342.26854227430715' 'presentdestroyed']
 ['18' '342.85308608303995' 'destroyed']
 ['17' '344.3240914038008' 'presentdestroyed']
 ['3' '346.94661760299505' 'present']
 ['18' '347.65927337230806' 'present']]","[['F201' '69.37057748946803' 'mated']
 ['F16' '94.08910900039524' 'destroyed']
 ['F107' '101.36233721310364' 'absentdestroyed']
 ['F43' '102.94227259466248' 'destroyed']
 ['F86' '136.11585118432367' 'mated']
 ['F210' '155.91788620148972' 'absent']
 ['F116' '179.83914790121136' 'mated']
 ['F120' '185.67441610864262' 'mated']
 ['F212' '204.8407917965112' 'mated']
 ['F167' '224.95317076148385' 'destroyed']
 ['F83' '236.72271483770209' 'destroyed']
 ['F106' '239.63499803408132' 'mated']
 ['F8' '275.27018372869253' 'mated']
 ['F104' '296.76026347072474' 'mated']
 ['F148' '334.7554035621501' 'mated']]",2000.0,0.0,577.0,67.72199276342033,13.18299210163263,1192.0,204.34778632702947,43.34633094033091,504.0,85.45068082772409,18.50285754439023,9.0,0.8999999999999999,0.09000000000000002,58.0,1.6269507233208769,0.04929698216735252
17,0.054,6,359.83391224145805,"[['16' '1.6852938816463494' 'present']
 ['0' '3.8985957452594655' 'present']
 ['0' '9.615824231149032' 'present']
 ['0' '13.053593768592087' 'present']
 ['6' '18.100605667638217' 'present']
 ['0' '18.437477577422833' 'present']
 ['0' '18.652677506672067' 'present']
 ['16' '18.762041282783642' 'present']
 ['0' '25.27673883362972' 'present']
 ['0' '25.299886981777867' 'present']
 ['11' '29.952169895981953' 'present']
 ['0' '33.79672115108766' 'present']
 ['0' '37.74592236599317' 'present']
 ['20' '46.49561340976726' 'present']
 ['16' '49.257704836132426' 'present']
 ['13' '55.99718427240302' 'marauded']
 ['23' '56.34466735367708' 'presentdestroyed']
 ['16' '58.32478361451139' 'presentdestroyed']
 ['13' '65.03585468800858' 'marauded']
 ['0' '65.28219219183374' 'presentdestroyed']
 ['6' '66.71640525573154' 'presentdestroyed']
 ['0' '66.80855199181372' 'presentdestroyed']
 ['0' '70.73287099797861' 'presentdestroyed']
 ['20' '70.94981467404399' 'destroyed']
 ['20' '72.3642061668332' 'destroyed']
 ['20' '75.85694239610591' 'present']
 ['13' '81.77840421966665' 'present']
 ['0' '90.42341873200017' 'present']
 ['0' '91.31233527506745' 'present']
 ['20' '109.51236038405536' 'present']
 ['16' '112.25256658650352' 'present']
 ['16' '112.8600001612313' 'present']
 ['0' '138.52574799538442' 'present']
 ['0' '138.54889614353257' 'present']
 ['0' '141.64405099376066' 'present']
 ['13' '142.62656872396883' 'present']
 ['16' '142.8117855327883' 'present']
 ['13' '150.23043971299256' 'marauded']
 ['20' '164.268048292149' 'marauded']
 ['0' '168.041547177259' 'presentdestroyed']
 ['0' '172.57617766651484' 'present']
 ['16' '175.09396860339965' 'present']
 ['13' '175.16748386002337' 'present']
 ['16' '175.498498270229' 'marauded']
 ['16' '176.78761131823592' 'presentdestroyed']
 ['13' '187.4676154549082' 'marauded']
 ['0' '192.43259858294542' 'presentdestroyed']
 ['23' '206.66510601866403' 'present']
 ['20' '218.618327055719' 'present']
 ['13' '224.64775649469624' 'present']
 ['6' '235.60516238213552' 'marauded']
 ['0' '253.893791760254' 'present']
 ['0' '266.1014551139778' 'marauded']
 ['16' '269.531232186355' 'presentdestroyed']
 ['0' '280.56090329933903' 'present']
 ['16' '281.64600438827483' 'marauded']
 ['16' '287.21378740193984' 'presentdestroyed']
 ['0' '291.973584090221' 'present']
 ['16' '292.61250490394735' 'present']
 ['0' '299.0899566656937' 'present']
 ['0' '301.03339124185266' 'present']
 ['0' '304.0483161971971' 'present']
 ['20' '304.62276948289895' 'present']
 ['0' '309.01085842842895' 'marauded']
 ['0' '315.59088808290096' 'destroyed']
 ['16' '320.5819008271261' 'present']
 ['16' '326.63077356290796' 'marauded']
 ['0' '340.029737985465' 'present']]","[['F139' '48.93412711304509' 'mated']
 ['F78' '64.59355292862837' 'mated']
 ['F107' '101.35076313902957' 'absent']
 ['F169' '116.5868642224597' 'mated']
 ['F153' '117.99468882845038' 'mated']
 ['F162' '182.10123844642305' 'destroyed']
 ['F167' '224.96474483555792' 'absent']
 ['F214' '277.98747572006334' 'mated']
 ['F186' '314.42576728674214' 'destroyed']
 ['F121' '317.71182049157613' 'mated']]",2000.0,500.0,567.0,67.49012934835027,13.23069257534101,1308.0,222.03709678473868,47.695290308537096,393.0,67.2285125661275,14.546446654923916,12.0,1.2,0.12000000000000005,76.0,2.045791750028489,0.059477880658436184
18,0.054,8,360.1129249537791,"[['0' '9.551265705794355' 'present']
 ['10' '27.995076350410223' 'marauded']
 ['9' '29.8786946328075' 'presentdestroyed']
 ['10' '30.689581537961864' 'presentdestroyed']
 ['10' '35.00332112987097' 'presentdestroyed']
 ['16' '55.98233619753711' 'present']
 ['13' '70.80382036161954' 'present']
 ['9' '125.88863451391151' 'present']
 ['0' '134.46499852907388' 'present']
 ['0' '140.4600355019892' 'present']
 ['22' '141.84194822333706' 'present']
 ['9' '143.39999829893836' 'present']
 ['10' '167.90939509767853' 'present']
 ['16' '207.70219123758352' 'marauded']
 ['16' '210.0944754307193' 'presentdestroyed']
 ['9' '213.05690839074276' 'presentdestroyed']
 ['0' '218.03558931709406' 'present']
 ['6' '227.7187834267717' 'present']
 ['3' '228.05565293555017' 'present']
 ['7' '230.72805914100317' 'marauded']
 ['10' '242.86780341358198' 'present']
 ['10' '257.92713755357687' 'present']
 ['6' '266.32023989691635' 'present']
 ['22' '267.58438116099137' 'present']
 ['9' '272.9987335998997' 'marauded']
 ['10' '276.01850633622445' 'destroyed']
 ['6' '286.80423639901977' 'present']
 ['16' '290.98309361892296' 'present']
 ['9' '299.6028437543385' 'present']
 ['9' '302.1352561249899' 'present']
 ['10' '311.7602880867901' 'present']
 ['0' '315.6256103051232' 'present']
 ['16' '324.7331363280627' 'present']
 ['10' '353.800561115585' 'marauded']
 ['10' '357.64078718695214' 'presentdestroyed']]","[['F43' '102.95864080718995' 'mated']
 ['F114' '108.30490924344411' 'mated']
 ['F68' '204.7192129866467' 'mated']
 ['F63' '207.75759052073272' 'absentdestroyed']
 ['F26' '217.82890374834852' 'mated']
 ['F36' '239.73513726569234' 'mated']
 ['F82' '240.944458827219' 'mated']
 ['F13' '247.31340385104616' 'mated']
 ['F70' '313.44290991609466' 'mated']]",2000.0,1000.0,560.0,68.23427744669313,13.98853544816389,1540.0,257.9883856703019,55.36457745524514,173.0,29.625306124189873,6.401240734247946,14.0,1.4000000000000001,0.14000000000000007,85.0,2.9130853917209967,0.10234482167352525
19,0.054,15,360.3131817293044,"[['10' '15.271258112595703' 'present']
 ['0' '33.275988101085495' 'present']
 ['14' '45.95496382640154' 'present']
 ['10' '47.65207266372188' 'present']
 ['16' '50.81541331604614' 'present']
 ['5' '54.80311694194782' 'present']
 ['10' '68.32442647367775' 'marauded']
 ['14' '69.3555726833411' 'presentdestroyed']
 ['14' '76.13842405821735' 'present']
 ['20' '78.09932339080294' 'present']
 ['3' '84.05186876322279' 'marauded']
 ['5' '95.07850200065323' 'present']
 ['5' '95.50553369416228' 'present']
 ['10' '125.4161693979603' 'present']
 ['20' '130.36028086284495' 'present']
 ['14' '131.69856070604177' 'present']
 ['14' '131.72170885418993' 'present']
 ['10' '139.93756599775944' 'present']
 ['10' '139.9607141459076' 'present']
 ['10' '140.00859177424618' 'present']
 ['20' '155.227052857236' 'marauded']
 ['5' '163.43812302350278' 'marauded']
 ['5' '164.66622252169105' 'presentdestroyed']
 ['5' '165.60784766181015' 'destroyed']
 ['10' '169.13032365416663' 'presentdestroyed']
 ['5' '177.0749336569953' 'present']
 ['5' '177.09808180514347' 'present']
 ['20' '178.72624844049938' 'marauded']
 ['5' '184.64587515517195' 'presentdestroyed']
 ['5' '184.6690233033201' 'presentdestroyed']
 ['10' '202.1161143033559' 'present']
 ['10' '204.15562449713852' 'present']
 ['5' '204.17531952312106' 'present']
 ['10' '206.23509319749763' 'present']
 ['5' '206.53144946028488' 'present']
 ['10' '213.0980145864353' 'present']
 ['10' '213.12116273458346' 'present']
 ['16' '216.32815357727804' 'present']
 ['20' '219.7838843455302' 'present']
 ['5' '226.88859389719212' 'present']
 ['5' '229.10692040820112' 'marauded']
 ['5' '236.5244243062672' 'presentdestroyed']
 ['10' '246.6743065537027' 'present']
 ['10' '259.30085129946445' 'present']
 ['5' '260.242838697632' 'present']
 ['10' '269.5120882609383' 'present']
 ['14' '271.0954440245823' 'marauded']
 ['14' '273.07306430574613' 'presentdestroyed']
 ['10' '276.046448622826' 'destroyed']
 ['10' '284.0405738105539' 'present']
 ['10' '287.38392836517335' 'present']
 ['10' '296.1145273575853' 'present']
 ['14' '297.05817236522984' 'present']
 ['10' '297.628608317434' 'marauded']
 ['5' '298.9333285388236' 'presentdestroyed']
 ['3' '300.01616096941535' 'presentdestroyed']
 ['14' '300.5942194295088' 'presentdestroyed']
 ['14' '306.91017386798836' 'present']
 ['20' '307.1657252013887' 'present']
 ['10' '310.95297511756047' 'marauded']
 ['14' '315.05536631292233' 'presentdestroyed']
 ['20' '316.1206306964582' 'presentdestroyed']
 ['10' '325.9844166778397' 'present']
 ['10' '333.3628282198074' 'present']
 ['10' '341.9190876013841' 'present']
 ['10' '357.43352839082297' 'present']]","[['F127' '12.733883375374203' 'mated']
 ['F206' '30.46632443503243' 'mated']
 ['F154' '64.83953474404615' 'mated']
 ['F111' '115.79530831887124' 'mated']
 ['F88' '131.01925489747865' 'mated']
 ['F198' '132.55622742057722' 'mated']
 ['F85' '169.08135215738542' 'destroyed']
 ['F14' '178.99467429720215' 'destroyed']
 ['F175' '182.71705304243338' 'destroyed']
 ['F207' '187.2102542819149' 'mated']
 ['F28' '197.37958480721556' 'mated']
 ['F72' '205.3089970647549' 'mated']
 ['F63' '207.78553280733425' 'mated']
 ['F158' '214.72587686766704' 'mated']
 ['F75' '223.92900548614892' 'absent']
 ['F83' '236.74586298585024' '']
 ['F167' '236.98789298370608' 'mated']
 ['F64' '242.7992099102434' 'mated']
 ['F189' '264.49228538617405' 'mated']
 ['F173' '278.9695669607282' 'mated']
 ['F47' '330.9074825222919' 'absent']]",2000.0,1500.0,570.0,72.69040287188926,15.384301322400308,1366.0,228.73877908998807,48.67902436113894,335.0,54.97074901644896,11.702468645995467,17.0,1.7000000000000004,0.1700000000000001,81.0,1.944444444444444,0.04822530864197523
20,0.054,12,360.1234182562433,"[['23' '0.9882877335541284' 'present']
 ['10' '1.5544862837868416' 'present']
 ['5' '2.129443340058369' 'marauded']
 ['17' '2.5925367257862204' 'presentdestroyed']
 ['15' '4.6452609237274185' 'destroyed']
 ['15' '5.542395393952476' 'presentdestroyed']
 ['23' '6.208329533157383' 'presentdestroyed']
 ['4' '8.463464144772905' 'presentdestroyed']
 ['10' '8.93246226488196' 'presentdestroyed']
 ['15' '11.178176906330284' 'present']
 ['19' '12.082146419931991' 'present']
 ['4' '14.757181396889703' 'marauded']
 ['23' '15.452334092057427' 'presentdestroyed']
 ['4' '17.348621874970537' 'presentdestroyed']
 ['4' '18.65850631016036' 'presentdestroyed']
 ['4' '18.97577085353' 'presentdestroyed']
 ['13' '19.707390651233027' 'presentdestroyed']
 ['13' '20.14635107038078' 'presentdestroyed']
 ['13' '20.169499218528927' 'destroyed']
 ['5' '20.243703145719245' 'presentdestroyed']
 ['17' '23.55112559151406' 'present']
 ['7' '23.82241446001035' 'present']
 ['5' '24.932962928939038' 'present']
 ['4' '29.416213893621723' 'marauded']
 ['4' '30.679973323155583' 'presentdestroyed']
 ['17' '32.04313182108368' 'presentdestroyed']
 ['4' '32.58856571993692' 'presentdestroyed']
 ['4' '34.32379130785892' 'presentdestroyed']
 ['4' '37.9443383252202' 'marauded']
 ['6' '39.66043404402042' 'presentdestroyed']
 ['19' '49.282507702937274' 'present']
 ['17' '49.371401591619815' 'present']
 ['13' '53.04343693440841' 'present']
 ['17' '54.79978409822027' 'present']
 ['4' '55.25341632407147' 'marauded']
 ['17' '76.05641123276615' 'present']
 ['17' '79.17419562771045' 'marauded']
 ['17' '82.56224149770176' 'presentdestroyed']
 ['4' '82.87361010862581' 'presentdestroyed']
 ['4' '90.00393358819562' 'present']
 ['4' '90.30911324419658' 'marauded']
 ['19' '93.11438714224211' 'presentdestroyed']
 ['4' '95.68259558226609' 'presentdestroyed']
 ['10' '97.36143276741744' 'presentdestroyed']
 ['13' '99.3812941906128' 'present']
 ['23' '99.82874482358672' 'marauded']
 ['5' '100.22696282713812' 'presentdestroyed']
 ['19' '101.60741351554326' 'presentdestroyed']
 ['10' '101.7666995660626' 'presentdestroyed']
 ['19' '106.87110265936784' 'destroyed']
 ['13' '108.50220445870144' 'present']
 ['17' '111.35020965413652' 'marauded']
 ['4' '111.38789836074868' 'presentdestroyed']
 ['17' '119.22451839137827' 'marauded']
 ['5' '123.99291797109166' 'presentdestroyed']
 ['13' '126.17569068515729' 'present']
 ['19' '136.57272739307268' 'present']
 ['4' '138.06908288800042' 'present']
 ['10' '141.46409019423555' 'present']
 ['15' '144.07650470681367' 'present']
 ['15' '146.49982029210497' 'marauded']
 ['4' '146.9107478702751' 'presentdestroyed']
 ['17' '148.15854404788794' 'presentdestroyed']
 ['4' '151.91639761504842' 'presentdestroyed']
 ['15' '152.36900299367036' 'destroyed']
 ['13' '155.08640382635554' 'present']
 ['5' '162.02157422085241' 'present']
 ['23' '163.88038966484837' 'present']
 ['13' '165.82924568041665' 'present']
 ['5' '175.37831401383298' 'present']
 ['7' '181.73255000167535' 'present']
 ['17' '182.8029138096185' 'marauded']
 ['5' '187.19280140675428' 'presentdestroyed']
 ['4' '188.2055398074912' 'presentdestroyed']
 ['4' '188.72375022406098' 'destroyed']
 ['4' '188.74689837220913' 'destroyed']
 ['19' '189.784133983063' 'presentdestroyed']
 ['6' '190.0477461225567' 'destroyed']
 ['4' '192.85957876444834' 'present']
 ['4' '194.08855570361217' 'present']
 ['13' '196.05374147881625' 'marauded']
 ['17' '196.63874925513633' 'destroyed']
 ['5' '202.1925163228855' 'presentdestroyed']
 ['5' '202.68013323495816' 'presentdestroyed']
 ['4' '207.926487600677' 'marauded']
 ['4' '217.14815588698883' 'present']
 ['19' '220.21315595082314' 'present']
 ['19' '222.62443013002206' 'present']
 ['4' '223.721668053997' 'marauded']
 ['4' '224.55936389197936' 'presentdestroyed']
 ['15' '232.49623303857058' 'present']
 ['13' '235.39632297229488' 'present']
 ['19' '244.53928270357227' 'present']
 ['4' '245.81439625043336' 'marauded']
 ['23' '245.8639487193986' 'destroyed']
 ['6' '250.165303110999' 'destroyed']
 ['19' '251.8012185260216' 'presentdestroyed']
 ['19' '252.6885944422484' 'destroyed']
 ['15' '255.4772430026356' 'present']
 ['4' '258.2453062098751' 'present']
 ['13' '268.2972137767155' 'present']
 ['5' '269.3869585977366' 'present']
 ['4' '270.02426333708974' 'present']
 ['10' '277.1279874589441' 'present']
 ['4' '279.39175867202573' 'present']
 ['23' '283.56271243298664' 'marauded']
 ['4' '294.2048949268244' 'marauded']
 ['10' '295.15100353882326' 'destroyed']
 ['19' '305.05603860092543' 'present']
 ['6' '305.6147182304138' 'present']
 ['4' '313.06127547026733' 'present']
 ['4' '320.28777397941803' 'present']
 ['23' '323.3569444276698' 'marauded']
 ['5' '329.76879161463376' 'presentdestroyed']
 ['19' '332.8142984070332' 'present']
 ['4' '335.76399216003955' 'present']
 ['17' '346.71577898098127' 'present']
 ['15' '348.01474357793836' 'present']
 ['4' '348.06131942105475' 'present']
 ['14' '352.7277831424413' 'present']
 ['4' '354.3388360211559' 'present']]","[['F206' '30.454750360958357' 'absentdestroyed']
 ['F84' '55.94068589414714' 'destroyed']
 ['F45' '62.559358743118665' 'absentdestroyed']
 ['F25' '67.29428992150054' 'mated']
 ['F155' '78.4099501921129' 'mated']
 ['F141' '95.5678593584605' 'destroyed']
 ['F0' '106.30348215313875' 'destroyed']
 ['F164' '116.67678231369969' 'destroyed']
 ['F126' '130.83685832400965' 'mated']
 ['F209' '132.97427565233207' 'mated']
 ['F215' '157.78757013001004' 'mated']
 ['F182' '175.1367446698777' 'mated']
 ['F57' '177.2184890624797' 'mated']
 ['F181' '178.54320802267452' 'mated']
 ['F32' '185.07954741245885' 'destroyed']
 ['F159' '186.49834528691784' 'destroyed']
 ['F124' '212.9048172394976' 'destroyed']
 ['F158' '214.71430279359296' 'destroyed']
 ['F160' '219.33365684078743' 'mated']
 ['F24' '223.69958543604915' 'absent']
 ['F24' '223.7227335841973' 'absentdestroyed']
 ['F167' '224.976318909632' 'destroyed']
 ['F143' '231.22644079149603' '']
 ['F11' '234.88246291077564' 'absent']
 ['F64' '242.78763583616933' 'absent']
 ['F195' '249.88875462232093' 'absentdestroyed']
 ['F30' '254.2660053186022' 'absent']
 ['F30' '254.3055216792778' 'absent']
 ['F125' '263.6922010975167' 'mated']
 ['F103' '279.8989219151038' 'mated']
 ['F180' '281.2625325773606' 'mated']
 ['F196' '290.696835977822' 'absentdestroyed']]",2500.0,0.0,569.0,71.03641996849916,14.366759877066483,1001.0,170.41327315131107,36.37439975649115,674.0,115.59051986770648,25.07232815867187,16.0,1.6000000000000003,0.1600000000000001,63.0,1.5252991256248183,0.03804441015089161
21,0.0,5,360.1676106844159,"[['5' '2.1062951919102213' 'present']
 ['15' '2.6260419319516926' 'present']
 ['11' '3.4094631679947693' 'present']
 ['23' '3.867540994042194' 'marauded']
 ['5' '5.036350650266222' 'presentdestroyed']
 ['11' '7.555303633184006' 'presentdestroyed']
 ['17' '7.823768509442571' 'presentdestroyed']
 ['6' '11.636878080559812' 'destroyed']
 ['23' '11.65035467663704' 'destroyed']
 ['3' '11.851439332697568' 'present']
 ['19' '12.969337312572357' 'marauded']
 ['5' '15.146222258719236' 'presentdestroyed']
 ['23' '15.732937591637254' 'presentdestroyed']
 ['17' '16.848274967479746' 'presentdestroyed']
 ['18' '18.824324919966838' 'presentdestroyed']
 ['4' '19.013225344010323' 'presentdestroyed']
 ['17' '20.17613674780887' 'present']
 ['6' '21.131184261286467' 'present']
 ['23' '21.459484264577124' 'present']
 ['17' '21.83597091877771' 'present']
 ['18' '25.040877617898186' 'present']
 ['18' '25.460508859351837' 'present']
 ['15' '26.188688580121276' 'marauded']
 ['19' '27.386880349005402' 'presentdestroyed']
 ['19' '27.697184746806847' 'destroyed']
 ['19' '39.02339756997526' 'present']
 ['6' '40.44850560848129' 'present']
 ['5' '43.778128818812235' 'present']
 ['19' '45.83385156817529' 'marauded']
 ['15' '46.628163030924235' 'presentdestroyed']
 ['15' '49.845042946480724' 'presentdestroyed']
 ['5' '53.77453743485512' 'present']
 ['23' '54.20445518239259' 'present']
 ['5' '54.67996879379967' 'marauded']
 ['7' '54.758175610807925' 'presentdestroyed']
 ['23' '57.338992886589374' 'destroyed']
 ['16' '58.686859643618405' 'presentdestroyed']
 ['23' '61.958965869734186' 'presentdestroyed']
 ['18' '66.96679481075873' 'marauded']
 ['18' '69.67082638951582' 'destroyed']
 ['14' '71.01960360573413' 'presentdestroyed']
 ['5' '73.18078700304015' 'presentdestroyed']
 ['5' '73.2039351511883' 'presentdestroyed']
 ['16' '85.53674134979599' 'present']
 ['4' '91.63939528864668' 'present']
 ['16' '98.29879714497274' 'present']
 ['15' '102.0496974738556' 'marauded']
 ['17' '102.1289915865237' 'presentdestroyed']
 ['15' '102.32396455747137' 'presentdestroyed']
 ['15' '102.34711270561952' 'presentdestroyed']
 ['19' '102.54924188987572' 'presentdestroyed']
 ['18' '104.10109744602181' 'presentdestroyed']
 ['18' '110.33951453074614' 'marauded']
 ['11' '111.19725849373617' 'presentdestroyed']
 ['5' '121.05235180538523' 'present']
 ['17' '127.05466804347229' 'present']
 ['23' '127.25908505713168' 'present']
 ['19' '129.67255031518698' 'present']
 ['23' '133.60450003716016' 'present']
 ['18' '135.2112838224308' 'present']
 ['16' '139.61426381166527' 'present']
 ['18' '148.5041814125845' 'present']
 ['19' '152.488565220721' 'present']
 ['19' '152.51171336886915' 'marauded']
 ['17' '161.99959421443262' 'present']
 ['18' '170.19036179961407' 'present']
 ['15' '175.04862110522268' 'present']
 ['6' '175.53294932168606' 'present']
 ['15' '177.49895017550003' 'present']
 ['15' '177.92728025789927' 'present']
 ['11' '182.19675548200416' 'present']
 ['17' '183.54424643051902' 'marauded']
 ['6' '185.97186121394012' 'presentdestroyed']
 ['19' '186.72250939605794' 'presentdestroyed']
 ['19' '187.09795990724297' 'destroyed']
 ['4' '190.15670539153712' 'presentdestroyed']
 ['6' '191.22458899037647' 'present']
 ['5' '192.5978763127922' 'present']
 ['3' '198.26205918194358' 'present']
 ['19' '200.40599100534627' 'marauded']
 ['15' '200.4806214160031' 'presentdestroyed']
 ['15' '201.24632081752802' 'destroyed']
 ['15' '212.3269785519983' 'present']
 ['15' '215.1470260386056' 'marauded']
 ['23' '221.62867788706285' 'presentdestroyed']
 ['18' '222.13187969287316' 'presentdestroyed']
 ['5' '227.86242008947534' 'present']
 ['16' '229.69271823469197' 'marauded']
 ['5' '245.54010067914237' 'present']
 ['5' '249.09821432744704' 'present']
 ['16' '249.43235038251743' 'present']
 ['6' '250.34204315293402' 'present']
 ['5' '250.41237352109806' 'present']
 ['18' '250.97856740057676' 'present']
 ['17' '252.36564887372654' 'present']
 ['18' '253.754914260571' 'present']
 ['18' '254.5309676985198' 'present']
 ['17' '260.94003136266576' 'present']
 ['18' '261.8760261098214' 'present']
 ['16' '265.884555664494' 'present']
 ['23' '270.99081014874275' 'present']
 ['18' '272.3865170349345' 'present']
 ['23' '273.89396245057196' 'marauded']
 ['4' '274.68128244663984' 'presentdestroyed']
 ['18' '285.2345094418824' 'present']
 ['15' '287.1149000166499' 'present']
 ['18' '288.93476283325356' 'present']
 ['16' '290.5927081486279' 'present']
 ['11' '292.5117965846453' 'present']
 ['17' '297.715171139419' 'present']
 ['18' '303.7728228375754' 'present']
 ['18' '307.98310270825124' 'present']
 ['15' '311.98250769365666' 'present']
 ['23' '315.99669883025956' 'present']
 ['18' '322.8759329456718' 'present']
 ['18' '326.3968136889376' 'present']
 ['5' '330.0719448332318' 'present']
 ['5' '331.61859525274104' 'present']
 ['15' '333.0784814066911' 'present']
 ['17' '336.60714749657967' 'present']
 ['18' '342.7102121586482' 'present']
 ['15' '356.09441580610496' 'present']
 ['6' '356.35457260049424' 'marauded']
 ['23' '357.26716516693335' 'destroyed']
 ['19' '358.17498657077215' 'presentdestroyed']]","[['F16' '94.10068307446932' 'mated']
 ['F115' '100.8724052928748' 'absent']
 ['F86' '136.1042771102496' 'absent']
 ['F205' '169.4996179205268' 'absent']
 ['F162' '182.11281252049713' 'mated']
 ['F207' '187.18710613376675' 'absentdestroyed']
 ['F128' '205.83107905732737' 'destroyed']
 ['F26' '217.81253553582107' 'destroyed']
 ['F75' '223.95215363429708' 'mated']
 ['F83' '236.73428891177616' 'destroyed']
 ['F8' '275.25860965461845' 'destroyed']
 ['F214' '277.9479593593877' 'destroyed']
 ['F56' '285.3599033771364' 'mated']
 ['F17' '337.2573018618743' 'mated']]",2500.0,500.0,574.0,68.92129250779863,13.400790421929706,1201.0,202.9709372605371,43.277196519450705,534.0,88.13378998521267,18.323473709468228,0.0,0.0,0.0,0.0,0.0,0.0
22,0.054,9,360.41502497181585,"[['14' '1.741500737262121' 'marauded']
 ['14' '2.0308211307884476' 'presentdestroyed']
 ['14' '12.106765447889364' 'present']
 ['7' '29.272070286115124' 'present']
 ['9' '36.27364403843265' 'present']
 ['14' '38.3199664938155' 'present']
 ['9' '48.030688933690136' 'marauded']
 ['3' '49.70194238409122' 'presentdestroyed']
 ['14' '68.68868803695497' 'present']
 ['1' '83.30144915714227' 'present']
 ['9' '100.24122377278728' 'present']
 ['3' '101.21018433142373' 'marauded']
 ['14' '116.76151366753099' 'marauded']
 ['7' '117.39746051496083' 'presentdestroyed']
 ['14' '121.57721264470518' 'presentdestroyed']
 ['14' '122.67471089529523' 'presentdestroyed']
 ['9' '143.86309623174614' 'present']
 ['1' '146.74301907999458' 'present']
 ['9' '149.37697153614735' 'present']
 ['9' '163.4817525001336' 'present']
 ['9' '173.05433220638744' 'marauded']
 ['9' '174.89867710745796' 'presentdestroyed']
 ['3' '184.63083939347408' 'present']
 ['14' '195.80609388527898' 'present']
 ['3' '204.08983512964102' 'present']
 ['14' '204.2448272426277' 'present']
 ['14' '206.53890088850952' 'present']
 ['14' '213.82403129139811' 'present']
 ['9' '215.86888064678487' 'present']
 ['9' '217.63107890928444' 'present']
 ['3' '217.69019366337446' 'present']
 ['3' '227.91293281996704' 'present']
 ['9' '232.4801626776301' 'present']
 ['14' '239.78365825890023' 'marauded']
 ['9' '251.03548503184888' 'present']
 ['9' '251.7202028132406' 'present']
 ['9' '252.28897530568457' 'present']
 ['18' '259.49635421515114' 'present']
 ['9' '274.4397680761211' 'present']
 ['14' '276.59910286809315' 'present']
 ['14' '277.4389582106648' 'present']
 ['3' '280.9976836194575' 'present']
 ['1' '295.38063935242286' 'present']
 ['0' '295.7386031036698' 'present']
 ['14' '298.7999970549799' 'present']
 ['3' '302.2067177715785' 'marauded']
 ['14' '307.89524960201453' 'presentdestroyed']
 ['14' '317.75821219788475' 'marauded']
 ['1' '325.48109760497283' 'present']
 ['9' '331.4683587664822' 'present']
 ['3' '340.60815341432817' 'present']
 ['9' '354.5695824612938' 'present']]","[['F150' '18.142039544760785' 'mated']
 ['F176' '47.441787310764525' 'absent']
 ['F91' '53.87638984770433' 'destroyed']
 ['F99' '116.91516151141926' 'absentdestroyed']
 ['F184' '131.17350247156807' 'mated']
 ['F168' '156.80098032038558' 'mated']
 ['F136' '157.8069719812214' 'mated']
 ['F159' '186.53306750914007' 'mated']
 ['F9' '189.33733907495994' 'mated']
 ['F15' '195.8360637192048' 'mated']
 ['F101' '231.5362548117791' 'mated']
 ['F93' '242.91659657562735' 'destroyed']
 ['F30' '266.3402439015' 'mated']]",2500.0,1000.0,577.0,71.16025970924045,14.97539484023709,1432.0,237.08831768486735,50.58582637627214,294.0,48.659917714134224,10.66860727554074,10.0,0.9999999999999999,0.10000000000000003,76.0,2.25875605596269,0.07340963648834015
23,0.054,10,360.1871787518665,"[['5' '3.3606868497327533' 'present']
 ['4' '9.66075024789124' 'present']
 ['4' '14.465837728716545' 'present']
 ['5' '19.400074637792954' 'present']
 ['6' '26.18234389055376' 'present']
 ['5' '28.8249802714833' 'present']
 ['4' '29.67931288414304' 'present']
 ['11' '30.810447570828714' 'present']
 ['6' '32.72703676365005' 'present']
 ['6' '34.785022402932306' 'marauded']
 ['5' '40.52774428154864' 'presentdestroyed']
 ['4' '41.356701042721085' 'presentdestroyed']
 ['11' '43.92718409140778' 'marauded']
 ['4' '48.201876140744375' 'presentdestroyed']
 ['12' '50.17144875889714' 'presentdestroyed']
 ['13' '51.11704793498913' 'presentdestroyed']
 ['13' '57.57487523742521' 'present']
 ['5' '61.394530829013' 'present']
 ['4' '64.26499328318809' 'marauded']
 ['11' '68.01427822841188' 'presentdestroyed']
 ['3' '72.9676354238881' 'present']
 ['6' '74.10183838239834' 'marauded']
 ['0' '76.06677274830557' 'presentdestroyed']
 ['5' '78.57822268893665' 'presentdestroyed']
 ['0' '79.15529713214829' 'presentdestroyed']
 ['11' '81.04840615098801' 'presentdestroyed']
 ['4' '86.19411762746134' 'marauded']
 ['3' '89.03282526355635' 'presentdestroyed']
 ['5' '91.40999990930077' 'destroyed']
 ['13' '100.20193455787141' 'present']
 ['6' '104.96372698538856' 'present']
 ['4' '106.18297205500502' 'present']
 ['11' '111.98420336997434' 'present']
 ['14' '115.31839962721271' 'present']
 ['0' '117.21134462499704' 'present']
 ['4' '119.35544550032706' 'present']
 ['6' '126.60557705567868' 'present']
 ['4' '136.994872782937' 'present']
 ['4' '139.95746171196345' 'present']
 ['17' '140.5125176789087' 'marauded']
 ['4' '141.74328354437387' 'presentdestroyed']
 ['4' '141.83365951009415' 'presentdestroyed']
 ['13' '144.71819701381705' 'presentdestroyed']
 ['11' '148.86767450712395' 'present']
 ['6' '151.32560441660374' 'marauded']
 ['13' '156.2774850321498' 'presentdestroyed']
 ['3' '157.95728784232324' 'presentdestroyed']
 ['5' '158.56973078721467' 'present']
 ['11' '164.89372200816322' 'present']
 ['6' '166.79420108210462' 'present']
 ['6' '175.82682670218202' 'present']
 ['11' '178.17776301786014' 'marauded']
 ['4' '188.86941566620717' 'marauded']
 ['11' '195.35286569932305' 'destroyed']
 ['4' '197.23992982086415' 'marauded']
 ['4' '198.24326165400961' 'presentdestroyed']
 ['4' '198.96807761326022' 'presentdestroyed']
 ['4' '203.1240363080174' 'presentdestroyed']
 ['4' '204.67388054509752' 'present']
 ['3' '205.0671408145079' 'present']
 ['1' '205.2025107186573' 'present']
 ['3' '207.83625132906505' 'present']
 ['11' '210.34503921798316' 'present']
 ['4' '213.21590621156324' 'marauded']
 ['3' '218.60523955520065' 'presentdestroyed']
 ['6' '222.84379682973548' 'present']
 ['4' '224.5362157438312' 'present']
 ['4' '224.95249556670376' 'present']
 ['17' '227.4584131391602' 'present']
 ['5' '227.66556286554157' 'present']
 ['6' '227.88570568638838' 'present']
 ['4' '230.03126857349224' 'marauded']
 ['4' '233.36344143791584' 'presentdestroyed']
 ['3' '237.94031792774896' 'present']
 ['13' '241.28272257673115' 'present']
 ['13' '242.92980413389765' 'present']
 ['9' '243.25614609727918' 'present']
 ['11' '243.79593831569966' 'present']
 ['13' '244.5515825204123' 'present']
 ['17' '251.872326275864' 'present']
 ['17' '255.5603817999787' 'present']
 ['4' '266.64789047179295' 'present']
 ['14' '279.06163236422174' 'present']
 ['11' '279.34861628437204' 'present']
 ['13' '283.63290363644217' 'marauded']
 ['13' '284.29660567622636' 'presentdestroyed']
 ['4' '285.1115016115318' 'presentdestroyed']
 ['13' '285.4920823985011' 'presentdestroyed']
 ['4' '289.4795060365117' 'presentdestroyed']
 ['4' '291.2694009416906' 'marauded']
 ['17' '292.1725756952098' 'presentdestroyed']
 ['3' '292.9666500079542' 'presentdestroyed']
 ['4' '297.5391268568865' 'presentdestroyed']
 ['4' '310.1910505491966' 'present']
 ['4' '334.7227349016256' 'present']
 ['5' '335.3771888294395' 'present']
 ['20' '335.6628589344196' 'present']
 ['4' '337.1495901441106' 'present']
 ['4' '344.5888045298274' 'marauded']
 ['0' '344.8461982277208' 'presentdestroyed']
 ['3' '347.2442077713515' 'presentdestroyed']
 ['13' '351.9450238496799' 'presentdestroyed']
 ['3' '352.4492325244591' 'present']
 ['13' '352.90952698559056' 'present']
 ['3' '353.32462922948235' 'present']
 ['3' '354.8640908843219' 'present']
 ['4' '359.11009692533094' 'present']]","[['F141' '95.58422757098796' 'mated']
 ['F164' '116.66041410117222' 'absent']
 ['F122' '117.94334126506325' 'mated']
 ['F102' '136.08232846718477' 'mated']
 ['F67' '137.32286995732213' 'mated']
 ['F172' '145.62574995334268' 'destroyed']
 ['F50' '153.3304475784075' 'destroyed']
 ['F163' '160.11945653591783' 'mated']
 ['F53' '165.46932562797787' 'absent']
 ['F205' '169.46010155985118' 'absent']
 ['F35' '175.14667466188166' 'absent']
 ['F35' '175.1698228100298' 'mated']
 ['F191' '179.24785347503834' 'absentdestroyed']
 ['F197' '187.09271147901913' 'mated']
 ['F76' '199.1570977925137' 'destroyed']
 ['F6' '225.81331886082063' 'mated']
 ['F170' '242.6497693499775' 'absent']
 ['F13' '247.28546156444463' 'absent']
 ['F105' '249.36323430068452' 'mated']
 ['F145' '294.00615708454086' 'destroyed']
 ['F204' '300.50252044449115' 'mated']]",2500.0,1500.0,559.0,71.24595339798785,15.097414571303483,1147.0,193.5127880396946,41.878506233578804,538.0,91.61034048450243,19.703698393050665,16.0,1.6000000000000003,0.1600000000000001,79.0,2.2222001826291846,0.0669795953360768
