id,probability_maraud,successful_mating,next_foraging_time,mar_attempts,mate_attempts,x_pos,y_pos,foraging_events,foraging_hrs,foraging_sqhrs,staying_events,staying_hrs,staying_sqhrs,repairing_events,repairing_hrs,repairing_sqhrs,marauding_events,marauding_hrs,marauding_sqhrs,traveling_events,traveling_hrs,traveling_sqhrs
0,0.0,15,360.48142484172814,"[['7' '21.476857559728362' 'present']
 ['10' '32.17961482732886' 'present']
 ['10' '36.859356566483655' 'present']
 ['10' '46.78379772053575' 'present']
 ['1' '53.55443549248871' 'present']
 ['15' '59.14362655802102' 'present']
 ['4' '71.64363487556365' 'present']
 ['7' '77.06267025233362' 'marauded']
 ['1' '91.65904886674042' 'present']
 ['7' '101.0196393613114' 'marauded']
 ['10' '124.17127760935018' 'present']
 ['7' '129.35715337293425' 'present']
 ['1' '130.78908337220443' 'present']
 ['1' '163.70760258824427' 'present']
 ['1' '212.77203634411117' 'marauded']
 ['7' '223.42890959221242' 'present']
 ['1' '226.22820886958183' 'present']
 ['4' '317.956198671608' 'present']
 ['10' '328.82309821991447' 'present']
 ['15' '329.39063816021553' 'present']]","[['F206' '29.661039483911114' 'mated']
 ['F205' '50.423053152600005' 'mated']
 ['F40' '74.81777980256904' 'mated']
 ['F33' '81.4624262246345' 'destroyed']
 ['F91' '82.38843288103564' 'destroyed']
 ['F62' '95.80989073403822' 'absent']
 ['F62' '95.8237796229271' 'absent']
 ['F199' '129.1791886097844' 'mated']
 ['F140' '136.720537509196' 'mated']
 ['F128' '153.2853622102027' 'mated']
 ['F111' '156.6264798445052' 'mated']
 ['F158' '156.67938630107048' 'mated']
 ['F10' '169.89032471369012' 'mated']
 ['F51' '195.27066750157212' 'mated']
 ['F186' '195.8272100123107' 'mated']
 ['F125' '208.20410910819078' 'mated']
 ['F213' '212.53957484279135' 'mated']
 ['F139' '212.8672167761946' 'destroyed']
 ['F152' '221.7655174810833' 'mated']
 ['F95' '224.15648990415474' 'mated']
 ['F50' '282.74108677246454' 'absent']]",0.0,0.0,573.0,70.53388108998033,15.5846702224042,1632.0,271.3724177656379,57.67997390682469,107.0,18.09426869850208,3.750478391944746,0.0,0.0,0.0,0.0,0.0,0.0
1,0.054,10,360.1669098209231,"[['7' '34.13136408904644' 'present']
 ['15' '34.752127848002736' 'marauded']
 ['7' '50.12247873500273' 'present']
 ['15' '60.25386690513076' 'present']
 ['10' '79.33930212362475' 'present']
 ['4' '84.16192658822685' 'present']
 ['4' '85.804718987267' 'present']
 ['4' '108.60201733463155' 'marauded']
 ['15' '125.93856600135834' 'present']
 ['15' '130.14972917445365' 'present']
 ['10' '176.01412876168945' 'present']
 ['10' '220.75368426157885' 'present']
 ['7' '241.74863327572572' 'marauded']
 ['7' '242.51114323571642' 'presentdestroyed']
 ['15' '245.07986382555112' 'presentdestroyed']
 ['15' '273.0361367340705' 'present']
 ['4' '282.77073528232035' 'present']
 ['7' '319.3711453292112' 'present']
 ['4' '325.17614376663585' 'marauded']]","[['F121' '2.102466938621895' 'mated']
 ['F198' '92.88192728526136' 'mated']
 ['F23' '134.06446352349838' 'absent']
 ['F67' '134.72096953502066' 'absent']
 ['F87' '146.9986976315033' 'absent']
 ['F146' '155.8105516460196' 'mated']
 ['F88' '164.3766614887117' 'mated']
 ['F153' '184.345628318732' 'absent']
 ['F179' '190.50545777897227' 'mated']
 ['F139' '212.8649019613798' 'absent']
 ['F64' '220.62278377137577' 'mated']
 ['F22' '224.81052931781213' 'absent']
 ['F175' '238.75160890398436' 'mated']
 ['F154' '291.17138634249943' 'mated']
 ['F114' '300.05094912145603' 'mated']
 ['F108' '346.39529185721324' 'mated']]",0.0,100.0,567.0,73.36452185450769,16.41356877630529,1526.0,258.59575377301104,55.44495231279201,144.0,24.45657228078711,5.381249509379396,27.0,2.700000000000001,0.2700000000000002,110.0,1.0347167940204316,0.011059670781893014
2,0.0,7,360.8075872949047,"[['15' '10.485505446971292' 'present']
 ['7' '19.502483288887706' 'present']
 ['7' '19.822438938599674' 'present']
 ['10' '80.3206538688667' 'present']
 ['4' '105.63619939195566' 'present']
 ['4' '135.99397390215518' 'present']
 ['4' '136.01087335372864' 'present']
 ['4' '143.2609092784597' 'present']
 ['4' '159.2672877700351' 'present']
 ['10' '176.62247362467403' 'present']
 ['10' '182.40134724226223' 'present']
 ['10' '185.1930289031903' 'present']
 ['10' '187.06961812454705' 'present']
 ['10' '187.16777547166373' 'marauded']
 ['7' '207.45274681373604' 'marauded']
 ['7' '216.23737379256795' 'present']
 ['1' '225.62855664426735' 'present']
 ['10' '227.96977974591596' 'present']
 ['4' '238.55683492129074' 'present']
 ['1' '238.78816940783338' 'marauded']
 ['4' '243.4024222910965' 'presentdestroyed']
 ['4' '265.14340948235' 'present']
 ['15' '273.25676189696725' 'present']
 ['1' '281.4587732759479' 'present']
 ['4' '286.8853559365418' 'present']
 ['7' '288.1849778467406' 'present']
 ['4' '302.4745236356028' 'present']
 ['4' '317.29505816326764' 'present']]","[['F79' '51.61896008049966' 'mated']
 ['F147' '54.591989992941876' 'mated']
 ['F21' '131.10895930549924' 'mated']
 ['F136' '150.28247022322017' 'mated']
 ['F25' '166.92045999747845' 'mated']
 ['F12' '170.8781748139976' 'mated']
 ['F153' '184.35735168702422' 'mated']]",0.0,200.0,569.0,67.8636460642894,13.130455227668616,1639.0,273.98643104794064,58.19816165248084,103.0,18.316151358773432,3.972685599614473,0.0,0.0,0.0,0.0,0.0,0.0
3,0.0,5,360.58087656145284,"[['1' '43.52146459310243' 'present']
 ['7' '55.512752227160206' 'present']
 ['4' '73.48642761014175' 'marauded']
 ['7' '78.41571596816176' 'presentdestroyed']
 ['1' '81.40106310475618' 'present']
 ['10' '109.08117554705665' 'present']
 ['15' '122.65803313587662' 'present']
 ['4' '136.0024236279419' 'present']
 ['7' '233.4906046692376' 'marauded']
 ['10' '233.84289288827281' 'presentdestroyed']
 ['15' '252.04957089453347' 'present']
 ['10' '252.48206697364873' 'present']
 ['1' '268.75046106916136' 'present']
 ['15' '272.8423060441672' 'present']
 ['4' '288.0750556096995' 'present']
 ['10' '312.4278078676839' 'present']
 ['15' '335.25146098498766' 'present']
 ['10' '336.63542054741436' 'marauded']
 ['15' '346.4148130255011' 'present']
 ['7' '348.26207790013933' 'marauded']]","[['F203' '56.300022233833865' 'mated']
 ['F188' '92.49951644805674' 'mated']
 ['F123' '130.06021241565688' 'mated']
 ['F125' '208.20179429337597' 'absent']
 ['F20' '224.81231731192182' 'mated']
 ['F161' '237.78789791759579' 'destroyed']
 ['F73' '334.13822060646' 'mated']]",0.0,300.0,555.0,74.56498982776971,16.65298025144037,1522.0,260.73726028923414,56.85568280503864,148.0,24.705039277122957,5.173492235326956,0.0,0.0,0.0,0.0,0.0,0.0
4,0.054,10,360.52515210360315,"[['1' '6.257673672261333' 'present']
 ['7' '11.897882908498465' 'marauded']
 ['1' '22.65877064025065' 'present']
 ['1' '43.735425346249485' 'present']
 ['10' '87.55562073420973' 'marauded']
 ['1' '97.2647579403771' 'marauded']
 ['15' '105.93820275583805' 'present']
 ['15' '118.5110231979066' 'present']
 ['15' '190.1390361062137' 'marauded']
 ['15' '192.80803671544828' 'destroyed']
 ['15' '196.8649716355987' 'presentdestroyed']
 ['1' '208.61785795586084' 'present']
 ['7' '266.18310517994814' 'present']
 ['1' '268.3616908631279' 'marauded']
 ['10' '274.797538226574' 'destroyed']
 ['7' '285.52367105727956' 'present']
 ['1' '297.75699610351813' 'present']
 ['1' '345.2064196485268' 'marauded']
 ['1' '348.0371473705137' 'presentdestroyed']
 ['15' '348.9984821324003' 'presentdestroyed']
 ['15' '350.702005588049' 'destroyed']]","[['F43' '87.4950474804753' 'mated']
 ['F120' '94.58286750592846' 'destroyed']
 ['F75' '94.90117238096803' 'mated']
 ['F31' '132.77982109886102' 'mated']
 ['F10' '169.8880098988753' 'absent']
 ['F200' '170.86821285874316' 'mated']
 ['F6' '179.95643917454117' 'mated']
 ['F107' '186.97310335249574' 'mated']
 ['F89' '188.56989410584518' 'mated']
 ['F19' '199.1220955177253' 'mated']
 ['F94' '224.60895574333531' 'mated']
 ['F22' '224.81380296031762' 'mated']
 ['F108' '346.3920182147077' 'destroyed']]",100.0,0.0,572.0,68.23905696633781,13.647542197573607,1493.0,253.215723399648,53.8775825215894,217.0,36.69459295565839,7.968967413301061,11.0,1.0999999999999999,0.11000000000000004,87.0,0.8289452855294392,0.008766289437585739
5,0.0,8,360.2473808149468,"[['10' '12.755819101904898' 'marauded']
 ['10' '44.455284972737566' 'present']
 ['10' '56.80296867023925' 'present']
 ['1' '65.24767319206573' 'present']
 ['1' '70.36600534283748' 'present']
 ['15' '88.33426421359003' 'present']
 ['10' '129.30993090334468' 'present']
 ['10' '135.28348742912976' 'present']
 ['10' '152.34060334726354' 'present']
 ['4' '180.70315017156778' 'present']
 ['15' '220.65949541480433' 'present']
 ['4' '300.6817386391656' 'present']
 ['4' '322.94447066789746' 'present']
 ['7' '327.6814408833631' 'present']
 ['4' '328.5455868080254' 'marauded']
 ['15' '329.82381330398795' 'presentdestroyed']
 ['15' '331.7474563170675' 'destroyed']]","[['F162' '52.9068142585724' 'mated']
 ['F137' '109.10728411231041' 'mated']
 ['F86' '119.24799171277171' 'mated']
 ['F199' '129.1759149672789' 'absent']
 ['F174' '168.38453045421926' 'absent']
 ['F130' '196.56526291233277' 'mated']
 ['F132' '197.09047010914878' 'mated']
 ['F3' '211.78328263103197' 'mated']
 ['F55' '219.14868096676332' 'mated']
 ['F190' '281.27491726106155' 'mated']]",100.0,100.0,561.0,74.43199731741683,16.096198326955946,1617.0,273.509009746452,58.4761333299823,67.0,12.102957474675787,2.6195816264988525,0.0,0.0,0.0,0.0,0.0,0.0
6,0.0,9,360.27245804105706,"[['1' '12.351010420736229' 'present']
 ['7' '32.402130801156886' 'present']
 ['4' '59.635674861197664' 'present']
 ['1' '61.61605250672236' 'present']
 ['4' '63.38617451246704' 'present']
 ['7' '95.54269701437916' 'present']
 ['1' '132.93866607818507' 'present']
 ['1' '134.66008283607022' 'marauded']
 ['7' '162.7607163384355' 'present']
 ['4' '166.09878707706483' 'marauded']
 ['15' '179.5618685015854' 'marauded']
 ['4' '180.7100946160122' 'presentdestroyed']
 ['1' '181.34797241360684' 'presentdestroyed']
 ['4' '225.37400420383827' 'present']
 ['1' '226.12262041226154' 'marauded']
 ['10' '226.7215186951385' 'destroyed']
 ['15' '294.98801992306045' 'present']
 ['1' '300.5953668010553' 'present']
 ['10' '303.67031909608244' 'present']
 ['7' '304.8463500539261' 'marauded']]","[['F184' '27.718780334971495' 'mated']
 ['F9' '109.09867570049165' 'mated']
 ['F96' '155.93841000755128' 'mated']
 ['F107' '186.96847372286612' 'absent']
 ['F4' '189.36692382258644' 'absent']
 ['F103' '202.9018857784228' 'mated']
 ['F2' '233.02184557159796' 'destroyed']
 ['F161' '237.79117156010128' 'mated']
 ['F54' '284.2541625826579' 'mated']
 ['F169' '285.2592546960854' 'mated']
 ['F124' '328.4976028493165' 'mated']
 ['F157' '357.57236490942984' 'mated']]",100.0,200.0,554.0,68.76992971101625,13.854128843746041,1525.0,260.6507453311479,56.73893792399398,189.0,30.90003724869373,6.2154516530709065,0.0,0.0,0.0,0.0,0.0,0.0
7,0.054,10,360.6394982790593,"[['4' '8.419839775342124' 'present']
 ['10' '19.51993789813537' 'present']
 ['4' '43.336746004491594' 'present']
 ['1' '46.26176788561547' 'present']
 ['1' '68.2451868463165' 'present']
 ['4' '127.40688035296618' 'present']
 ['10' '129.03635488082767' 'present']
 ['15' '150.55192068874996' 'present']
 ['1' '163.60011169014822' 'marauded']
 ['1' '178.58788076558008' 'marauded']
 ['15' '185.856206083108' 'present']
 ['10' '193.7294245668119' 'marauded']
 ['15' '200.8353023861536' 'presentdestroyed']
 ['1' '227.62394717381162' 'present']
 ['10' '244.99304069214955' 'present']
 ['4' '297.8126892298117' 'present']
 ['1' '334.131989711325' 'marauded']
 ['1' '338.07328626988567' 'destroyed']
 ['15' '346.403238951427' 'present']
 ['1' '355.4754116660186' 'marauded']]","[['F43' '87.49273266566048' 'absent']
 ['F115' '99.63523815615046' 'mated']
 ['F141' '105.19042486578351' 'mated']
 ['F214' '113.63418566236672' 'mated']
 ['F27' '201.32791915430553' 'destroyed']
 ['F129' '203.04862277622658' 'mated']
 ['F98' '203.56694628743722' 'mated']
 ['F133' '221.39198315220642' 'mated']
 ['F66' '246.85285539321455' 'mated']
 ['F167' '257.55339950303716' 'mated']
 ['F208' '278.1854214373699' 'mated']
 ['F173' '298.1162332270984' 'mated']]",100.0,300.0,559.0,68.5417464273179,14.012213069046252,1513.0,260.2199718818005,57.22667757310951,162.0,28.12294183230637,6.115361510004259,24.0,2.400000000000001,0.24000000000000016,94.0,0.8637332041540744,0.008959190672153644
8,0.0,5,360.0549296356362,"[['15' '10.088706946578036' 'present']
 ['4' '38.431706737088376' 'present']
 ['15' '53.702184447610456' 'marauded']
 ['1' '73.96782721200253' 'present']
 ['10' '76.84334639042477' 'present']
 ['10' '78.23589466733857' 'present']
 ['1' '78.29154976100382' 'present']
 ['1' '84.1409848378532' 'present']
 ['10' '84.48083729565123' 'marauded']
 ['4' '150.46011867784148' 'present']
 ['7' '156.86606467659797' 'present']
 ['7' '185.9034783237475' 'marauded']
 ['1' '226.1141706864748' 'present']
 ['4' '296.1700621274219' 'present']
 ['7' '308.92968009224506' 'present']
 ['1' '317.7146360022075' 'present']
 ['15' '343.6108848872862' 'present']]","[['F117' '33.34097511143825' 'mated']
 ['F142' '131.68542977669833' 'mated']
 ['F67' '134.7261456183019' 'mated']
 ['F11' '169.45666852011936' 'mated']
 ['F197' '213.7450425224818' 'absent']
 ['F97' '312.19477114414036' 'mated']]",200.0,0.0,551.0,67.50003107169273,14.037445294018834,1604.0,274.3869273307163,59.0405781961522,107.0,18.239243243951616,3.963719168824625,0.0,0.0,0.0,0.0,0.0,0.0
9,0.0,5,360.07593996365654,"[['7' '4.147778666426888' 'present']
 ['10' '20.57669580497077' 'marauded']
 ['1' '43.51220533384318' 'present']
 ['10' '55.01721132250789' 'present']
 ['7' '57.008319451388964' 'present']
 ['10' '100.3845702470173' 'present']
 ['15' '147.25776703264367' 'present']
 ['7' '149.04670509285188' 'marauded']
 ['10' '162.87244349497036' 'present']
 ['1' '214.886188779789' 'marauded']
 ['7' '248.8410249665337' 'present']
 ['15' '261.42249893043765' 'present']
 ['15' '275.17621145284807' 'present']
 ['7' '304.05037835458603' 'present']
 ['4' '330.53518019296007' 'present']]","[['F131' '92.41355833762513' 'mated']
 ['F57' '93.09919990452701' 'mated']
 ['F180' '96.48998940830032' 'mated']
 ['F39' '143.43831369079692' 'absent']
 ['F101' '166.34499502437973' 'mated']
 ['F194' '169.4321605467783' 'mated']]",200.0,100.0,569.0,70.9812891649752,15.053844679634366,1608.0,270.37071223279565,57.72255564955037,112.0,18.658384963101494,3.8980725265286265,0.0,0.0,0.0,0.0,0.0,0.0
10,0.054,11,360.31259268857366,"[['4' '36.315208885940834' 'present']
 ['1' '58.75377760482562' 'marauded']
 ['1' '74.41874044321005' 'present']
 ['15' '121.09839465187108' 'present']
 ['7' '145.86941155120198' 'present']
 ['15' '194.95488209608482' 'marauded']
 ['7' '206.16959727473977' 'present']
 ['7' '249.94537382995625' 'present']
 ['7' '286.69698555508586' 'marauded']
 ['15' '314.44448194422523' 'present']
 ['7' '316.855971196186' 'present']
 ['7' '344.773810402048' 'marauded']]","[['F104' '43.620107089954715' 'mated']
 ['F176' '58.35459243837413' 'mated']
 ['F138' '65.47848026362145' 'destroyed']
 ['F29' '80.63992009425807' 'mated']
 ['F118' '116.6236478506652' 'mated']
 ['F136' '150.27784059359055' 'absent']
 ['F185' '171.67477819614126' 'mated']
 ['F72' '178.18913745553402' 'absent']
 ['F78' '183.4810958020795' 'mated']
 ['F4' '189.36923863740125' 'absent']
 ['F38' '210.51575404031482' 'mated']
 ['F116' '241.4042150372963' 'mated']
 ['F74' '262.68496451189645' 'mated']
 ['F76' '275.23699469820957' 'absent']
 ['F154' '291.1662102592182' 'destroyed']
 ['F126' '332.95259583434756' 'mated']
 ['F150' '357.7431619935431' 'mated']]",200.0,200.0,574.0,71.20785512750946,14.392405077031178,1565.0,262.27181884104505,55.04345180642076,154.0,24.429419380440343,4.941574427144821,15.0,1.5000000000000002,0.15000000000000008,83.0,0.7836357283584033,0.008294753086419757
11,0.0,10,359.9662363759441,"[['7' '15.075080666100305' 'present']
 ['1' '56.596902766496456' 'present']
 ['4' '70.7784334142853' 'present']
 ['1' '73.80024033500482' 'present']
 ['7' '79.92262203743181' 'present']
 ['15' '114.13284657579264' 'present']
 ['1' '116.2028040121577' 'marauded']
 ['7' '140.35312236260344' 'present']
 ['4' '157.8341925303797' 'marauded']
 ['1' '159.3283839228567' 'destroyed']
 ['4' '169.9972182059645' 'present']
 ['15' '180.11185413242686' 'present']
 ['7' '211.0388099883294' 'present']
 ['4' '211.10071688304402' 'present']
 ['1' '227.5122238055194' 'marauded']
 ['7' '234.03150155275262' 'presentdestroyed']
 ['7' '254.1657141087582' 'present']
 ['4' '265.52935993700675' 'marauded']
 ['7' '288.1351539822257' 'present']
 ['15' '326.4497170088054' 'present']
 ['1' '333.4748744923715' 'present']
 ['4' '358.0823438182316' 'present']]","[['F14' '39.323500783192635' 'mated']
 ['F79' '51.61378399721841' 'absent']
 ['F210' '80.64164924754489' 'mated']
 ['F212' '84.96343817095955' 'mated']
 ['F120' '94.59077077806359' 'mated']
 ['F71' '151.92423197572037' 'mated']
 ['F70' '185.1359060873189' 'mated']
 ['F1' '209.11720988415402' 'mated']
 ['F8' '211.20048854319074' 'mated']
 ['F94' '224.60568210082982' 'absent']
 ['F182' '280.0547115724706' 'mated']
 ['F60' '327.2599973466496' 'mated']]",200.0,300.0,564.0,71.01418174359786,15.11349227838849,1522.0,264.7699563714525,58.18441517144959,146.0,24.233063373047077,5.037650124710779,0.0,0.0,0.0,0.0,0.0,0.0
12,0.0,9,360.23745351950345,"[['1' '1.9907375099587525' 'present']
 ['7' '28.92911886075288' 'present']
 ['15' '32.237193671208026' 'present']
 ['4' '36.056440699960596' 'present']
 ['1' '55.72972941716761' 'present']
 ['15' '62.883653846213505' 'present']
 ['15' '91.13962801534747' 'marauded']
 ['7' '145.4297635241351' 'present']
 ['15' '147.25027613454762' 'present']
 ['10' '158.4600342190271' 'present']
 ['10' '158.91874157359595' 'present']
 ['4' '159.25748205712424' 'present']
 ['4' '208.0946536309349' 'present']
 ['15' '218.27303827604894' 'present']
 ['4' '239.69877705987153' 'present']
 ['1' '265.93659495850295' 'present']
 ['7' '305.3264592091233' 'present']
 ['4' '309.1810855103172' 'present']
 ['1' '323.1415293546484' 'present']
 ['15' '336.145193945337' 'present']]","[['F58' '31.032280776159585' 'absent']
 ['F91' '82.39537732548008' 'mated']
 ['F120' '94.5874971355581' 'destroyed']
 ['F62' '95.81683517848266' 'destroyed']
 ['F49' '108.52126198343029' 'absent']
 ['F112' '144.2488115648391' 'mated']
 ['F13' '210.78428556151437' 'mated']
 ['F53' '215.58297920612895' 'mated']
 ['F36' '247.22052436911912' 'mated']
 ['F208' '278.18024535408864' 'absent']
 ['F201' '282.0492295925339' 'mated']
 ['F209' '295.8135335039164' 'mated']
 ['F193' '326.3399344051181' 'mated']
 ['F135' '335.3046936260916' 'mated']]",300.0,0.0,565.0,72.81883299604421,15.512722385036682,1650.0,281.24370636039,59.80916986699781,39.0,6.009089892468095,1.1885097638765165,0.0,0.0,0.0,0.0,0.0,0.0
13,0.0,8,360.1225437439921,"[['10' '48.72814804118121' 'present']
 ['4' '67.72907274330107' 'present']
 ['4' '70.76998368849856' 'present']
 ['1' '86.13645041238621' 'marauded']
 ['1' '94.75081991610327' 'present']
 ['15' '172.27202762728558' 'present']
 ['10' '219.81393901028005' 'marauded']
 ['4' '262.5223336997739' 'present']
 ['7' '278.81889724806865' 'marauded']
 ['15' '298.8917661109393' 'present']
 ['4' '304.3947018795767' 'present']
 ['1' '344.43164206681' 'present']]","[['F32' '26.882356166274015' 'mated']
 ['F0' '85.50968234115948' 'mated']
 ['F49' '108.51894716861548' 'absent']
 ['F183' '126.4309938566418' 'mated']
 ['F149' '145.46552760107386' 'mated']
 ['F20' '224.8039711284138' 'destroyed']
 ['F189' '238.40054897319428' 'mated']
 ['F102' '241.55486019129916' 'mated']
 ['F168' '242.67488529103838' 'mated']
 ['F68' '297.73592159470826' 'mated']]",300.0,100.0,577.0,70.77371551840729,14.487971595387167,1592.0,271.3532549349193,58.74541438026179,113.0,18.20896211952345,3.7376294455935812,0.0,0.0,0.0,0.0,0.0,0.0
14,0.0,6,360.24561336943617,"[['1' '25.020549108832846' 'present']
 ['10' '26.666556677623316' 'present']
 ['1' '31.768738147265456' 'present']
 ['10' '51.48535325356768' 'present']
 ['10' '82.35606804555934' 'present']
 ['10' '90.65077818528138' 'present']
 ['10' '96.87140889930957' 'present']
 ['4' '125.17736343454247' 'present']
 ['7' '156.91485186479974' 'marauded']
 ['10' '160.92533755018007' 'presentdestroyed']
 ['1' '176.34820479781408' 'present']
 ['1' '176.3628449721667' 'present']
 ['1' '185.0605625708285' 'marauded']
 ['4' '207.58930543830547' 'present']
 ['1' '218.81027255986126' 'present']
 ['1' '235.67575005510045' 'present']
 ['7' '240.59326304551476' 'present']
 ['4' '246.32053214925966' 'marauded']
 ['7' '256.80529585345306' 'present']
 ['7' '259.2485883849507' 'present']
 ['7' '260.20503468025066' 'present']
 ['1' '275.62783801314515' 'marauded']
 ['15' '285.38564083227794' 'present']
 ['7' '286.80543528087264' 'present']
 ['4' '358.0921647457481' 'present']]","[['F207' '96.81857759740349' 'mated']
 ['F172' '130.39690875627142' 'mated']
 ['F211' '137.6720527527924' 'mated']
 ['F81' '147.2198871265689' 'mated']
 ['F100' '148.11993761064167' 'mated']
 ['F160' '166.4064832892992' 'absent']
 ['F185' '171.67246338132645' 'absent']
 ['F44' '174.9674806234111' 'absent']
 ['F41' '186.0863477249518' 'destroyed']
 ['F151' '209.43814214852804' 'mated']
 ['F168' '242.67257047622357' 'absent']]",300.0,200.0,579.0,71.83734157636633,14.731103794545866,1568.0,263.719273433722,55.956052686553335,145.0,24.599794124523946,5.204209427076706,0.0,0.0,0.0,0.0,0.0,0.0
15,0.054,12,360.14191483356376,"[['4' '40.01399331176921' 'present']
 ['10' '56.72510889482448' 'present']
 ['7' '60.0386414589768' 'present']
 ['7' '70.70628884006184' 'present']
 ['4' '76.35827820976577' 'present']
 ['10' '76.99231672134333' 'present']
 ['1' '96.68223112768551' 'marauded']
 ['7' '145.69212541571633' 'present']
 ['10' '162.76685503765006' 'marauded']
 ['1' '166.42110665282615' 'presentdestroyed']
 ['10' '220.9575829826466' 'marauded']
 ['1' '255.18317450668314' 'present']
 ['7' '261.9113864733839' 'marauded']
 ['10' '272.46634161168964' 'present']
 ['1' '333.73717164586384' 'present']
 ['4' '357.41064792044085' 'present']]","[['F83' '50.04759181339756' 'mated']
 ['F17' '60.15707104718465' 'mated']
 ['F56' '75.69335573810334' 'mated']
 ['F48' '104.79330998568001' 'mated']
 ['F90' '121.91044018840998' 'mated']
 ['F159' '128.44323735457854' 'absent']
 ['F172' '130.3945939414566' 'absent']
 ['F215' '137.8394979635625' 'mated']
 ['F39' '143.44348977407816' 'mated']
 ['F88' '164.36831530520368' 'destroyed']
 ['F44' '174.9697954382259' 'mated']
 ['F143' '185.34848261462412' 'mated']
 ['F35' '189.9160245272825' 'mated']
 ['F94' '224.5972323750431' 'absentdestroyed']
 ['F122' '289.283809253957' 'mated']
 ['F148' '307.68331192567223' 'mated']]",300.0,300.0,559.0,69.58606901905647,14.71380598332519,1567.0,263.39203596568166,56.178200546962245,145.0,24.65440486932209,5.131200884863275,15.0,1.5000000000000002,0.15000000000000008,91.0,0.8764451658565976,0.009580761316872431
16,0.0,10,360.34693546640517,"[['7' '34.884547586424816' 'present']
 ['4' '48.711333232203664' 'marauded']
 ['1' '56.60862613478869' 'present']
 ['1' '98.25326288268734' 'present']
 ['1' '117.51690803746659' 'present']
 ['4' '121.23871519066685' 'present']
 ['4' '131.40771615845915' 'present']
 ['7' '131.51404095103257' 'marauded']
 ['4' '143.46699208081864' 'present']
 ['1' '151.30155020854278' 'marauded']
 ['1' '155.67248448705487' 'presentdestroyed']
 ['10' '177.71485371323718' 'present']
 ['10' '183.9788864067428' 'marauded']
 ['1' '210.65830695520097' 'present']
 ['7' '211.75366526961227' 'present']
 ['15' '246.437378702482' 'present']
 ['15' '275.96051512374606' 'present']
 ['7' '290.2783418020025' 'present']
 ['10' '295.99262481741255' 'present']
 ['7' '315.1783466466824' 'present']
 ['4' '332.8302804623451' 'marauded']
 ['15' '335.2412428980377' 'destroyed']]","[['F58' '31.034595590974398' 'mated']
 ['F83' '50.04431817089207' 'destroyed']
 ['F181' '61.26491054412755' 'mated']
 ['F127' '103.4526386088845' 'mated']
 ['F37' '110.14261056769482' 'mated']
 ['F45' '151.32795984889123' 'absentdestroyed']
 ['F146' '155.80537556273836' 'absentdestroyed']
 ['F96' '155.93006382404326' 'destroyed']
 ['F16' '168.8710778308757' 'mated']
 ['F177' '201.51948198511667' 'mated']
 ['F195' '203.8417210684832' 'mated']
 ['F197' '213.74967215211143' 'mated']
 ['F155' '280.02604545351096' 'mated']
 ['F52' '295.2832093985655' 'mated']]",400.0,0.0,583.0,69.6812898941612,14.63279304353782,1520.0,259.3556070028214,55.45646901500038,172.0,31.03021261218746,6.921203933434326,0.0,0.0,0.0,0.0,0.0,0.0
17,0.0,16,360.0330484853401,"[['4' '7.729098721689484' 'present']
 ['15' '33.437591237052345' 'present']
 ['15' '39.74890018486142' 'marauded']
 ['1' '59.89577014395343' 'present']
 ['7' '73.01554766795589' 'present']
 ['1' '75.63396743416139' 'present']
 ['15' '91.66452034680287' 'present']
 ['10' '204.8613249662313' 'present']
 ['4' '212.70119444458203' 'present']
 ['4' '229.65269973297714' 'present']
 ['4' '306.3635448039234' 'present']
 ['15' '324.3953787893347' 'present']
 ['10' '328.3892730520203' 'marauded']
 ['1' '346.1009484017617' 'present']
 ['4' '356.51141969153986' 'present']]","[['F104' '43.614931006673466' 'destroyed']
 ['F77' '51.94533022007753' 'mated']
 ['F18' '63.87898540823462' 'mated']
 ['F164' '92.54111965678075' 'mated']
 ['F171' '98.3637791129136' 'mated']
 ['F49' '108.52453562593578' 'mated']
 ['F5' '142.97933437578757' 'mated']
 ['F59' '143.1213571100014' 'mated']
 ['F113' '170.29739206172832' 'mated']
 ['F106' '179.74677513028215' 'mated']
 ['F192' '195.46610117495618' 'mated']
 ['F34' '212.01446612012916' 'mated']
 ['F139' '212.87239285947584' 'mated']
 ['F84' '256.3632686165341' 'mated']
 ['F76' '275.2421707814908' 'mated']
 ['F82' '291.89642076117514' 'mated']
 ['F63' '296.86220999326315' 'mated']]",400.0,100.0,567.0,72.25164314881508,15.028666461340615,1643.0,275.6712022912978,58.40643907181674,82.0,12.07978894612247,2.3384519113054316,0.0,0.0,0.0,0.0,0.0,0.0
18,0.0,13,360.00216562195914,"[['10' '26.67350112206776' 'present']
 ['15' '36.26833588108455' 'marauded']
 ['10' '49.45702564267316' 'present']
 ['1' '69.35020196791129' 'present']
 ['10' '74.90012200400542' 'present']
 ['15' '94.55856978067649' 'present']
 ['10' '113.02051390496386' 'marauded']
 ['1' '131.46824509549603' 'present']
 ['1' '139.14580147610332' 'marauded']
 ['10' '154.76284727148803' 'present']
 ['1' '170.2761120796584' 'marauded']
 ['10' '182.41060650152147' 'present']
 ['15' '202.53462311731258' 'present']
 ['7' '256.38578951407476' 'marauded']
 ['4' '300.69239963748845' 'present']
 ['15' '325.7556170666916' 'present']
 ['1' '348.59333427220196' 'present']]","[['F145' '65.40813608663619' 'mated']
 ['F138' '65.48310989325108' 'mated']
 ['F163' '71.94461149551711' 'mated']
 ['F62' '95.83032690793809' 'mated']
 ['F109' '105.24932849667951' 'mated']
 ['F159' '128.44651099708403' 'mated']
 ['F23' '134.05928744021713' 'absent']
 ['F178' '138.93261442315705' 'mated']
 ['F61' '155.83146644516648' 'mated']
 ['F41' '186.0886625397666' 'mated']
 ['F156' '217.65556172744812' 'mated']
 ['F94' '224.60050601754858' 'absent']
 ['F202' '232.92090755300893' 'mated']
 ['F196' '278.10099870299024' 'mated']
 ['F92' '318.12581958924244' 'mated']]",400.0,200.0,566.0,70.3922587342525,14.546690071794592,1563.0,259.3508394335812,54.67042581143501,184.0,30.290606677325467,6.337414723763724,0.0,0.0,0.0,0.0,0.0,0.0
19,0.0,8,360.2160641102042,"[['7' '48.774233753562456' 'marauded']
 ['15' '58.89253268394006' 'marauded']
 ['1' '96.24845124872706' 'present']
 ['7' '101.12985744826133' 'present']
 ['7' '111.92203635175066' 'present']
 ['15' '129.92486658359078' 'present']
 ['7' '132.48178642444572' 'present']
 ['15' '148.38207752058705' 'present']
 ['10' '185.66830055585444' 'present']
 ['10' '187.7133435035996' 'present']
 ['15' '191.10413259223108' 'present']
 ['10' '223.01818960869207' 'present']
 ['15' '251.83759426060777' 'present']
 ['7' '269.48054408196407' 'present']
 ['15' '281.48413802786143' 'marauded']
 ['7' '320.3441404761921' 'present']
 ['15' '331.33151405280057' 'present']
 ['10' '332.75248958673006' 'present']]","[['F110' '10.27954935759767' 'mated']
 ['F105' '22.256170406015613' 'mated']
 ['F46' '24.301692053908262' 'mated']
 ['F191' '96.05680364213431' 'absent']
 ['F80' '139.98011634500958' 'mated']
 ['F42' '145.71141697900845' 'mated']
 ['F87' '147.00524491651427' 'mated']
 ['F25' '166.9152839141972' 'absent']
 ['F153' '184.35217560374298' 'absent']
 ['F4' '189.3744147206825' 'mated']
 ['F204' '216.3069018725192' 'mated']
 ['F50' '282.7462628557458' 'destroyed']]",400.0,300.0,574.0,73.17582008155257,15.00834636870558,1619.0,268.44923875148976,56.65464872275167,95.0,18.432754799312907,4.39996168094457,0.0,0.0,0.0,0.0,0.0,0.0
20,0.0,8,360.2697234638116,"[['1' '42.96211066674983' 'marauded']
 ['7' '47.84575100894455' 'presentdestroyed']
 ['10' '72.01776645914016' 'marauded']
 ['1' '74.4271901689968' 'presentdestroyed']
 ['10' '75.02491002318617' 'presentdestroyed']
 ['1' '94.39641307979338' 'present']
 ['1' '104.43529058932656' 'present']
 ['7' '113.33358505613117' 'present']
 ['1' '117.52535776325334' 'present']
 ['1' '131.3597953697093' 'marauded']
 ['4' '134.84162432094806' 'presentdestroyed']
 ['15' '174.7031298594042' 'present']
 ['7' '233.59809556733364' 'present']
 ['7' '251.48721696168877' 'present']
 ['1' '253.96656089113878' 'present']
 ['4' '264.61990959177956' 'present']
 ['1' '269.2474407435562' 'present']
 ['15' '274.30467040123125' 'present']
 ['15' '275.3038044618178' 'marauded']
 ['15' '275.9689648495328' 'destroyed']
 ['15' '283.1113966779907' 'marauded']
 ['7' '283.1645923086379' 'destroyed']
 ['15' '290.5345316580667' 'present']
 ['15' '311.4159712572448' 'present']
 ['15' '316.39541593681247' 'present']]","[['F7' '94.41303266616845' 'mated']
 ['F191' '96.0600772846398' 'mated']
 ['F159' '128.4380612712973' 'absent']
 ['F59' '143.11808346749592' 'absent']
 ['F119' '150.21572348232223' 'mated']
 ['F174' '168.3897065375005' 'mated']
 ['F166' '169.12993068810835' 'mated']
 ['F85' '173.89075987832842' 'mated']
 ['F15' '207.37814104390938' 'mated']
 ['F2' '233.02839285660895' 'mated']
 ['F161' '237.7846242750903' 'absent']]",500.0,0.0,561.0,74.30057173559905,15.924034030871043,1506.0,255.37113727347503,55.46106221314539,171.0,30.445958100583653,7.142795095849429,0.0,0.0,0.0,0.0,0.0,0.0
21,0.0,7,360.304742579778,"[['7' '11.889020808672663' 'present']
 ['15' '18.286826853639138' 'present']
 ['10' '51.90599870952054' 'marauded']
 ['7' '59.92746454433618' 'marauded']
 ['1' '61.62164096404267' 'presentdestroyed']
 ['1' '84.71369160843696' 'present']
 ['7' '86.92602482530019' 'marauded']
 ['1' '91.97251483431343' 'destroyed']
 ['10' '94.09293211710612' 'presentdestroyed']
 ['15' '144.64593131835267' 'present']
 ['4' '205.54286962182735' 'present']
 ['7' '206.3653422998034' 'present']
 ['7' '273.59194308157' 'present']
 ['15' '304.4758124960749' 'present']
 ['1' '322.75950020385574' 'present']
 ['10' '327.42480670587776' 'present']
 ['7' '327.6926177980037' 'marauded']
 ['1' '353.07556597083527' 'present']]","[['F65' '16.51749439669823' 'mated']
 ['F0' '85.50505271152984' 'absent']
 ['F187' '105.20594703352792' 'mated']
 ['F170' '131.03262446848197' 'mated']
 ['F112' '144.24363548155785' 'absent']
 ['F45' '151.33123349139672' 'mated']
 ['F27' '201.33446643931651' 'mated']
 ['F69' '220.56253043219357' 'mated']
 ['F50' '282.751438939027' 'mated']]",500.0,100.0,571.0,75.38254515024452,16.152165098156107,1561.0,260.2021872986009,55.34005951042133,146.0,24.532984603173066,5.217977835899175,0.0,0.0,0.0,0.0,0.0,0.0
22,0.0,7,360.1580151588909,"[['7' '70.61428252766473' 'present']
 ['7' '78.97160326897172' 'present']
 ['10' '87.90141613167923' 'present']
 ['7' '93.59698769852953' 'marauded']
 ['1' '105.89535982788976' 'marauded']
 ['10' '141.71351737888006' 'present']
 ['15' '142.7876809104241' 'present']
 ['7' '174.49486216725393' 'present']
 ['4' '175.8061927615501' 'present']
 ['15' '192.37526321214224' 'present']
 ['10' '193.5968674565381' 'present']
 ['4' '217.8337418485777' 'present']
 ['15' '235.97373108228538' 'present']
 ['4' '263.42152679701286' 'present']
 ['1' '266.13653704833865' 'present']
 ['1' '269.2539880285672' 'marauded']
 ['4' '277.16983967290804' 'present']
 ['15' '283.1010445114282' 'present']
 ['7' '283.8265770301789' 'present']
 ['4' '285.1287728483833' 'present']
 ['7' '304.53619317297995' 'present']
 ['15' '316.4380286261556' 'marauded']
 ['4' '325.02421400052975' 'present']
 ['7' '327.9655670174248' 'marauded']
 ['1' '344.1133105990215' 'present']
 ['1' '348.04369465552475' 'present']]","[['F47' '62.841738838627805' 'mated']
 ['F33' '81.46760230791575' 'mated']
 ['F160' '166.4111129189288' 'mated']
 ['F72' '178.19608189997848' 'mated']
 ['F24' '210.03573748544773' 'mated']
 ['F30' '223.69247639600755' 'mated']
 ['F99' '234.5807231941029' 'mated']]",500.0,200.0,558.0,71.27219799161082,14.76213777112723,1538.0,258.3393318097993,54.249493545406104,180.0,30.569489649014056,6.500525990826373,0.0,0.0,0.0,0.0,0.0,0.0
23,0.0,7,360.01372120993597,"[['1' '25.53345837645914' 'present']
 ['7' '34.5130999356129' 'marauded']
 ['15' '42.740949491477785' 'present']
 ['15' '51.72481232876982' 'marauded']
 ['4' '74.57462388665195' 'marauded']
 ['1' '105.26602402501004' 'present']
 ['4' '105.62584722539314' 'present']
 ['10' '146.0778125129288' 'present']
 ['10' '213.1413762738615' 'present']
 ['4' '217.74204550937532' 'present']
 ['1' '222.13410487210237' 'present']
 ['1' '256.3760447409629' 'marauded']
 ['4' '276.90554218583793' 'present']
 ['4' '278.70543471461895' 'present']
 ['1' '281.466264174044' 'present']
 ['10' '295.5060362743017' 'present']
 ['15' '316.87626569683243' 'present']
 ['15' '318.16809755301585' 'marauded']
 ['10' '333.9287315636274' 'present']
 ['4' '353.51669534755354' 'present']]","[['F28' '42.91898785851516' 'mated']
 ['F18' '63.87380932495337' 'absent']
 ['F144' '131.38705374548246' 'mated']
 ['F23' '134.06963960677962' 'mated']
 ['F134' '137.58100047831238' 'mated']
 ['F93' '170.82984681298714' 'mated']
 ['F165' '237.872746522743' 'mated']
 ['F26' '332.65492328486073' 'mated']]",500.0,300.0,570.0,72.45470366684405,15.556771207768207,1526.0,257.16409079316605,54.55837434533567,174.0,30.497311919147478,6.712299578109726,0.0,0.0,0.0,0.0,0.0,0.0
