id,probability_maraud,successful_mating,next_foraging_time,mar_attempts,mate_attempts,x_pos,y_pos,foraging_events,foraging_hrs,foraging_sqhrs,staying_events,staying_hrs,staying_sqhrs,repairing_events,repairing_hrs,repairing_sqhrs,marauding_events,marauding_hrs,marauding_sqhrs,traveling_events,traveling_hrs,traveling_sqhrs
0,0.054,6,360.0022202778773,"[['20' '2.9662996779592574' 'present']
 ['9' '7.540969099656114' 'present']
 ['8' '34.1679073677851' 'present']
 ['14' '44.09862490501718' 'marauded']
 ['9' '51.850303580877544' 'marauded']
 ['23' '68.4177228305345' 'present']
 ['11' '96.33949928897619' 'present']
 ['17' '99.15968464897186' 'present']
 ['19' '103.34135147726204' 'present']
 ['14' '105.20813257629992' 'present']
 ['14' '105.56709116171517' 'present']
 ['9' '111.94436784515652' 'marauded']
 ['19' '115.80820261933621' 'presentdestroyed']
 ['23' '119.70712197714757' 'presentdestroyed']
 ['11' '139.20841232782482' 'present']
 ['8' '172.39955122788248' 'present']
 ['17' '174.71311832154686' 'present']
 ['11' '177.19424039801072' 'present']
 ['7' '177.23294408491228' 'marauded']
 ['19' '181.28249645456563' 'presentdestroyed']
 ['17' '182.02556583967697' 'presentdestroyed']
 ['15' '196.64391616780182' 'present']
 ['17' '198.00285194311863' 'present']
 ['23' '214.5047805027327' 'present']
 ['8' '246.36416540444245' 'present']
 ['15' '253.63051770026948' 'present']
 ['9' '266.8856873262985' 'present']
 ['8' '281.2732199891472' 'present']
 ['11' '297.27188937459215' 'present']
 ['17' '297.6843441689271' 'present']
 ['20' '302.78939243293144' 'marauded']
 ['1' '306.15683007611057' 'presentdestroyed']
 ['19' '306.23570472238663' 'presentdestroyed']
 ['15' '306.3033418937653' 'presentdestroyed']
 ['9' '306.91300571200406' 'presentdestroyed']
 ['14' '308.8602985264262' 'presentdestroyed']
 ['11' '310.51204663207244' 'marauded']
 ['20' '313.63061241726564' 'presentdestroyed']
 ['23' '318.3564514601387' 'present']
 ['21' '325.8941140357814' 'present']
 ['21' '326.9793544508367' 'present']
 ['20' '329.0437961589942' 'present']
 ['20' '329.0484257886239' 'present']
 ['7' '344.62357496369145' 'present']
 ['17' '346.56815668133913' 'present']
 ['17' '346.5785088479016' 'present']
 ['14' '357.2190395785455' 'present']]","[['F53' '102.44769719390146' 'absent']
 ['F52' '102.7937513471809' 'mated']
 ['F92' '118.67413459089636' 'destroyed']
 ['F201' '163.00448149456793' 'mated']
 ['F25' '168.68770940123827' 'mated']
 ['F95' '218.3135877570386' 'absent']
 ['F98' '233.0144658177283' 'mated']
 ['F39' '234.14684664103342' 'mated']
 ['F85' '272.9820116105889' 'mated']]",0.0,0.0,571.0,69.49885082658174,14.004767875787111,1491.0,252.07453828821693,54.20224348062229,221.0,36.95869039122713,7.822052689840492,8.0,0.7999999999999999,0.08000000000000002,77.0,0.7131497249604836,0.007673182441700967
1,0.054,9,360.6092028165853,"[['21' '15.630613281100322' 'marauded']
 ['11' '20.101231153199087' 'presentdestroyed']
 ['23' '25.366396690259037' 'present']
 ['0' '33.72509516985536' 'present']
 ['11' '71.5836460666096' 'present']
 ['23' '77.16734015635645' 'present']
 ['8' '89.28497487214977' 'present']
 ['19' '97.42494202317286' 'present']
 ['14' '106.4885792928122' 'present']
 ['9' '117.53219173023491' 'present']
 ['21' '118.3744899723378' 'present']
 ['23' '121.20437914243281' 'present']
 ['9' '123.51713286425816' 'present']
 ['11' '133.1051449810336' 'marauded']
 ['9' '138.60139238866066' 'destroyed']
 ['14' '144.37270540309328' 'marauded']
 ['7' '149.45198485782396' 'destroyed']
 ['21' '153.02151096475046' 'present']
 ['0' '155.06832278367045' 'present']
 ['21' '160.46658433777995' 'present']
 ['9' '167.32292866181132' 'marauded']
 ['19' '175.11412273114223' 'present']
 ['14' '176.39894381993645' 'present']
 ['8' '209.59798087887853' 'present']
 ['0' '215.71998513375786' 'present']
 ['8' '221.81311377266474' 'marauded']
 ['7' '230.62305701333366' 'marauded']
 ['23' '245.2373005845923' 'marauded']
 ['9' '271.5139332391027' 'present']
 ['21' '286.5660598733694' 'present']
 ['20' '291.5709646089419' 'present']
 ['21' '301.0631992605873' 'present']
 ['19' '307.0687885894184' 'present']
 ['21' '314.9141486888048' 'present']
 ['14' '315.0183032647241' 'present']
 ['20' '329.16608622365817' 'present']
 ['14' '351.7754738833418' 'present']
 ['15' '356.0934623331465' 'present']
 ['19' '357.02003337763153' 'present']
 ['11' '358.64540464321306' 'present']]","[['F64' '113.959645538093' 'mated']
 ['F143' '130.2001452031767' 'mated']
 ['F210' '142.9518201993494' 'mated']
 ['F200' '151.29226337546248' 'destroyed']
 ['F137' '157.2713318087703' 'absent']
 ['F6' '157.97137784842948' 'absent']
 ['F110' '158.1896802397308' 'mated']
 ['F145' '212.67757893425286' 'mated']
 ['F95' '218.3159025718534' 'mated']
 ['F206' '231.525996759756' 'absentdestroyed']
 ['F79' '233.46379008081388' 'destroyed']
 ['F79' '233.47304934007312' 'destroyed']
 ['F186' '236.84746399112598' 'destroyed']
 ['F27' '305.5243810590443' 'mated']
 ['F198' '307.8317933335346' 'mated']
 ['F146' '309.22029534157883' 'absent']
 ['F41' '328.68678334844157' 'mated']]",0.0,100.0,574.0,68.58446119456559,13.486930465237732,1462.0,247.08092085422018,51.98990000537639,236.0,42.45538436500219,9.424108385658435,12.0,1.2,0.12000000000000005,86.0,0.8072422268517704,0.008744855967078198
2,0.0,7,359.95659652524716,"[['8' '2.204386363992464' 'present']
 ['21' '25.336179842537263' 'present']
 ['9' '29.627016409958518' 'present']
 ['23' '31.678496747770144' 'present']
 ['14' '55.72823890507744' 'present']
 ['9' '64.04489639042559' 'present']
 ['15' '69.75835042846963' 'present']
 ['8' '77.31130960885484' 'present']
 ['14' '82.02338344540246' 'marauded']
 ['1' '101.5632018836834' 'present']
 ['23' '102.85068677760961' 'present']
 ['9' '111.43453788155075' 'present']
 ['19' '125.79187427656585' 'present']
 ['14' '127.94390540737213' 'marauded']
 ['19' '128.56483006710715' 'presentdestroyed']
 ['0' '132.11973783173022' 'presentdestroyed']
 ['21' '133.44635491070053' 'destroyed']
 ['1' '142.06333909293085' 'present']
 ['9' '143.81807873062843' 'present']
 ['21' '146.3087448595855' 'present']
 ['11' '165.90074481710286' 'present']
 ['20' '173.43589180669335' 'present']
 ['14' '175.0950686142356' 'present']
 ['20' '182.45483145472946' 'present']
 ['1' '187.9431485647479' 'marauded']
 ['11' '188.50053145972913' 'presentdestroyed']
 ['14' '190.45860736335854' 'presentdestroyed']
 ['0' '204.40833977361604' 'marauded']
 ['20' '206.94045096887635' 'presentdestroyed']
 ['11' '211.22152738690806' 'destroyed']
 ['19' '214.04095503115542' 'present']
 ['20' '217.3090576451931' 'present']
 ['0' '223.77039037213882' 'present']
 ['15' '224.5005137947164' 'marauded']
 ['23' '230.13648853613276' 'presentdestroyed']
 ['20' '237.60364492421493' 'marauded']
 ['1' '242.08876073459643' 'presentdestroyed']
 ['0' '252.37766197303094' 'present']
 ['21' '253.89962629984322' 'marauded']
 ['7' '260.1212826976735' 'presentdestroyed']
 ['21' '260.2206590528989' 'presentdestroyed']
 ['23' '268.65471189674156' 'present']
 ['21' '273.1031875451751' 'marauded']
 ['11' '273.7414964071617' 'presentdestroyed']
 ['7' '284.4223008433622' 'present']
 ['11' '285.17889002885056' 'present']
 ['17' '288.2217148271719' 'present']
 ['23' '291.4612666333832' 'present']
 ['20' '292.49730840734475' 'present']
 ['19' '298.89834750637556' 'present']
 ['9' '298.9767031122208' 'present']
 ['7' '299.62475405164275' 'present']
 ['20' '313.2336699166712' 'present']
 ['7' '313.91194781203376' 'present']
 ['7' '325.58595752649984' 'present']
 ['7' '331.45761382815004' 'present']
 ['7' '334.19636077248254' 'marauded']
 ['1' '343.3630796856734' 'present']
 ['14' '354.69826216159083' 'present']
 ['21' '356.0880894303366' 'present']
 ['0' '359.70953935041877' 'present']]","[['F43' '45.26859837441311' 'absent']
 ['F97' '45.58750081324668' 'mated']
 ['F136' '88.63511592001312' 'destroyed']
 ['F117' '90.37812659031357' 'mated']
 ['F37' '104.91909303500793' 'absent']
 ['F202' '127.06856067219157' 'mated']
 ['F74' '183.80368070500822' 'mated']
 ['F47' '186.33110777342213' 'mated']
 ['F128' '197.18852947642472' 'mated']
 ['F21' '204.25569879888076' 'absent']
 ['F161' '234.38847331388902' 'mated']
 ['F60' '245.11986472738656' 'absent']
 ['F139' '332.0282906382341' 'absent']]",0.0,200.0,575.0,71.59603010181252,15.248390229840997,1394.0,233.48773557001454,49.64081180294809,322.0,55.085926513507516,12.134389407891005,0.0,0.0,0.0,0.0,0.0,0.0
3,0.0,13,359.9519831173096,"[['0' '5.909836203132994' 'present']
 ['23' '17.760536470951248' 'present']
 ['19' '23.251756156376988' 'present']
 ['1' '40.968190325662825' 'present']
 ['8' '41.31868361968412' 'marauded']
 ['15' '53.70076370338384' 'present']
 ['8' '63.68426867630118' 'present']
 ['8' '68.458612909491' 'present']
 ['8' '77.32303297714708' 'present']
 ['11' '77.41406267160113' 'present']
 ['20' '84.37903671201803' 'present']
 ['7' '90.85624447665961' 'present']
 ['0' '95.77593377845172' 'marauded']
 ['19' '119.64326870883737' 'present']
 ['8' '120.53490917762706' 'present']
 ['15' '129.66903508532656' 'present']
 ['0' '130.50232713861195' 'present']
 ['7' '148.37066638024808' 'marauded']
 ['1' '151.9589756236585' 'destroyed']
 ['17' '159.44366162170607' 'present']
 ['23' '178.79650972799675' 'marauded']
 ['23' '179.98665267942366' 'presentdestroyed']
 ['0' '186.6026399046415' 'present']
 ['9' '188.42589196129043' 'present']
 ['15' '223.72191824711427' 'present']
 ['15' '239.11194772976793' 'present']
 ['0' '244.97691136053268' 'present']
 ['14' '248.5404866639397' 'present']
 ['15' '252.71472041510228' 'present']
 ['19' '261.83031390971956' 'marauded']
 ['9' '263.42208639154006' 'presentdestroyed']
 ['19' '268.3958270881777' 'presentdestroyed']
 ['15' '273.42630852245475' 'present']
 ['1' '279.2782185294664' 'present']
 ['11' '287.11410261597507' 'present']
 ['21' '293.58544574414657' 'marauded']
 ['1' '293.9343071753862' 'presentdestroyed']
 ['11' '297.0540296161854' 'destroyed']
 ['9' '299.6254443613019' 'presentdestroyed']
 ['14' '304.23287301813536' 'present']
 ['21' '309.90267343813144' 'present']
 ['8' '310.3328827776605' 'present']
 ['9' '335.8125905434854' 'present']
 ['14' '337.6743715405184' 'present']
 ['15' '358.88859637468914' 'present']
 ['1' '359.7012826607709' 'present']]","[['F131' '93.30801275955598' 'mated']
 ['F69' '109.99151350224646' 'mated']
 ['F179' '118.76383465905724' 'mated']
 ['F152' '145.4448122156165' 'absent']
 ['F46' '157.00549032552323' 'mated']
 ['F87' '158.2350001185743' 'mated']
 ['F185' '202.10677800196268' 'mated']
 ['F108' '204.15128397654755' 'mated']
 ['F81' '210.48417666351023' 'mated']
 ['F159' '213.58519585796867' 'mated']
 ['F118' '235.86836331955' 'mated']
 ['F61' '253.33288434702806' 'mated']
 ['F174' '261.6724619381139' 'mated']
 ['F105' '289.4001212205727' 'mated']]",0.0,300.0,570.0,70.87871053486566,13.926088874584625,1493.0,252.73500428598604,53.774498086685455,227.0,36.55430629365061,7.712973549310803,0.0,0.0,0.0,0.0,0.0,0.0
4,0.0,6,360.290581252844,"[['9' '1.9579614189500223' 'present']
 ['21' '25.2401354033132' 'present']
 ['17' '28.903282648231144' 'present']
 ['11' '30.66270471066515' 'marauded']
 ['11' '41.71090722646507' 'marauded']
 ['8' '42.39126851679776' 'presentdestroyed']
 ['21' '50.83349657062961' 'present']
 ['9' '58.85404929342513' 'present']
 ['21' '61.27208993820409' 'marauded']
 ['14' '66.20542653858027' 'presentdestroyed']
 ['7' '75.90294514240075' 'present']
 ['15' '78.3539248731894' 'marauded']
 ['11' '92.52222212052364' 'marauded']
 ['15' '96.37429994603788' 'presentdestroyed']
 ['15' '102.47748035796799' 'present']
 ['11' '106.57449918944829' 'present']
 ['0' '108.35990515323691' 'present']
 ['21' '112.69670120559618' 'present']
 ['14' '116.40007957600875' 'present']
 ['11' '121.2064658087834' 'present']
 ['23' '124.9275991835326' 'present']
 ['14' '159.6285583877732' 'present']
 ['21' '161.65620344653678' 'present']
 ['19' '162.09379866834914' 'marauded']
 ['11' '163.52567984913404' 'presentdestroyed']
 ['9' '170.10952322310118' 'marauded']
 ['0' '176.0436958355996' 'destroyed']
 ['1' '184.5511747792412' 'present']
 ['8' '192.3003201506225' 'present']
 ['14' '199.17742464697702' 'present']
 ['9' '211.28474080947757' 'present']
 ['19' '218.7434699193754' 'present']
 ['17' '224.0519233173015' 'present']
 ['21' '224.7923861247542' 'marauded']
 ['7' '230.55051695499307' 'destroyed']
 ['21' '242.01378065845842' 'present']
 ['9' '245.78335068872317' 'present']
 ['0' '250.607587171091' 'present']
 ['0' '272.9663556614174' 'present']
 ['20' '273.5386069286203' 'present']
 ['8' '280.4325300105905' 'marauded']
 ['8' '280.5371596402202' 'presentdestroyed']
 ['20' '280.8831936301157' 'presentdestroyed']
 ['0' '293.30577489040286' 'present']
 ['8' '297.36730714548037' 'present']
 ['17' '298.7496772793798' 'present']
 ['9' '304.9991394485591' 'present']
 ['8' '316.0601598546861' 'marauded']
 ['20' '334.18830146394333' 'present']]","[['F45' '161.69461446954173' 'mated']
 ['F1' '171.77289875955282' 'destroyed']
 ['F213' '196.34706846197827' 'absent']
 ['F145' '212.67430529174737' 'absent']
 ['F29' '240.90040965267474' 'mated']
 ['F93' '248.37928579647505' 'mated']
 ['F49' '264.59496097555217' 'mated']
 ['F109' '290.89145827307' 'mated']
 ['F127' '321.14273465412674' 'destroyed']
 ['F115' '331.6162590088955' 'mated']]",100.0,0.0,567.0,69.2281392031749,13.384669439653033,1359.0,229.58035951585705,48.824918694012126,377.0,61.25601529021918,12.760975672733627,0.0,0.0,0.0,0.0,0.0,0.0
5,0.0,8,360.1781666980411,"[['19' '10.62039937466071' 'present']
 ['23' '31.980470291387494' 'marauded']
 ['11' '36.78773662938041' 'destroyed']
 ['0' '39.60373440961695' 'destroyed']
 ['21' '46.44361059323122' 'present']
 ['0' '61.92331755572393' 'present']
 ['20' '87.08361310361227' 'present']
 ['23' '91.7577455108467' 'present']
 ['8' '107.699863913749' 'present']
 ['17' '116.56435936873243' 'marauded']
 ['0' '122.79528193735334' 'destroyed']
 ['9' '137.09010676773096' 'present']
 ['14' '138.86491793373543' 'marauded']
 ['7' '140.58028979118814' 'presentdestroyed']
 ['0' '150.98488441099613' 'present']
 ['21' '163.50048613711328' 'present']
 ['21' '179.57799263191478' 'marauded']
 ['17' '193.8627808238169' 'present']
 ['8' '199.6293907578613' 'present']
 ['20' '207.76153878211244' 'present']
 ['19' '213.57888562613257' 'present']
 ['14' '217.4643372526481' 'present']
 ['23' '220.6585769906917' 'present']
 ['7' '228.9897284112775' 'present']
 ['7' '235.191604161413' 'present']
 ['21' '238.91500175843467' 'present']
 ['14' '242.19290062260347' 'present']
 ['7' '246.6052926677588' 'marauded']
 ['14' '261.3654283435957' 'present']
 ['7' '265.3932579551886' 'present']
 ['19' '266.06392861068116' 'present']
 ['8' '266.43221925418834' 'present']
 ['15' '270.8133810082626' 'present']
 ['1' '272.0717084889679' 'present']
 ['0' '283.8628969575011' 'present']
 ['1' '303.43540194313334' 'marauded']
 ['8' '304.410448298852' 'presentdestroyed']
 ['20' '305.2361507795869' 'presentdestroyed']
 ['1' '308.2471305491806' 'presentdestroyed']
 ['1' '322.0926402614275' 'present']
 ['1' '323.72459094150327' 'present']
 ['17' '325.0291365853347' 'present']
 ['1' '330.4273656750665' 'present']
 ['11' '358.2385375775517' 'present']]","[['F18' '26.4571720342035' 'mated']
 ['F22' '65.66471454893095' 'mated']
 ['F184' '87.24661632661991' 'mated']
 ['F104' '106.32273344305014' 'mated']
 ['F92' '118.67086094839087' 'destroyed']
 ['F67' '121.37683441079312' 'destroyed']
 ['F40' '126.46208005511383' 'mated']
 ['F0' '127.42976967105942' 'mated']
 ['F175' '161.51425382630842' 'mated']
 ['F155' '300.7095561695435' 'mated']
 ['F198' '307.82620487621426' 'absentdestroyed']]",100.0,100.0,573.0,70.71957579950252,14.61143710990527,1467.0,252.41741706074544,54.72343996723067,225.0,36.89424780498946,7.606696411423328,0.0,0.0,0.0,0.0,0.0,0.0
6,0.0,5,359.8180163469734,"[['11' '1.734669373683783' 'present']
 ['0' '17.42154457024024' 'present']
 ['21' '18.221229199084114' 'marauded']
 ['7' '20.406863301395905' 'presentdestroyed']
 ['19' '21.103652009490048' 'destroyed']
 ['8' '33.544918053706745' 'present']
 ['17' '50.00557179279384' 'present']
 ['9' '55.765922039059355' 'marauded']
 ['7' '58.29269423581717' 'presentdestroyed']
 ['7' '62.010379461196585' 'presentdestroyed']
 ['19' '72.3543564013475' 'present']
 ['17' '79.78831135330162' 'marauded']
 ['19' '85.90203099720277' 'destroyed']
 ['23' '88.53320025622605' 'present']
 ['21' '92.23916671487534' 'present']
 ['23' '93.44769049622099' 'present']
 ['21' '103.57666018453344' 'present']
 ['19' '105.06719422802215' 'present']
 ['1' '115.44201948940633' 'present']
 ['23' '121.99627873324127' 'marauded']
 ['0' '130.509818036708' 'present']
 ['14' '138.5395478092713' 'present']
 ['11' '142.2357110488603' 'present']
 ['11' '146.6022206129798' 'present']
 ['7' '151.83301347017593' 'present']
 ['17' '156.7323991456885' 'present']
 ['14' '157.6443458239551' 'marauded']
 ['0' '157.75380054821673' 'presentdestroyed']
 ['1' '165.21068328751943' 'present']
 ['15' '171.7028689372597' 'present']
 ['9' '172.31519412013785' 'present']
 ['7' '173.62719003744655' 'present']
 ['23' '177.05741321366256' 'present']
 ['7' '178.48314961124805' 'present']
 ['19' '193.80258283934074' 'present']
 ['1' '200.61767710336906' 'present']
 ['8' '201.86470615053233' 'present']
 ['19' '202.2873900985087' 'present']
 ['17' '204.56094322960712' 'present']
 ['0' '210.34357761711095' 'present']
 ['7' '220.7082868819532' 'marauded']
 ['20' '226.40055276993175' 'presentdestroyed']
 ['8' '233.4036768838479' 'marauded']
 ['8' '252.0944398347613' 'present']
 ['23' '264.74460712708697' 'marauded']
 ['19' '265.9895727773266' 'presentdestroyed']
 ['8' '266.2640503199159' 'presentdestroyed']
 ['7' '277.0907960541516' 'present']
 ['20' '277.1834664855462' 'present']
 ['7' '298.76889568464907' 'present']
 ['14' '302.15680444800944' 'present']
 ['15' '303.0452841890043' 'present']
 ['11' '305.6382577962202' 'marauded']
 ['11' '306.7419703628778' 'destroyed']
 ['9' '306.9045559862173' 'destroyed']
 ['17' '308.1928173398654' 'presentdestroyed']
 ['8' '315.2468333727327' 'present']
 ['11' '317.89818725648007' 'present']
 ['11' '323.3387856124906' 'marauded']
 ['14' '331.4958352066677' 'marauded']
 ['20' '338.97038485649915' 'destroyed']
 ['15' '339.3261840902917' 'present']
 ['1' '346.30292938725336' 'present']
 ['11' '352.1389251190228' 'present']]","[['F35' '90.64541679190286' 'mated']
 ['F17' '150.5713427048292' 'mated']
 ['F110' '158.1864065972253' 'destroyed']
 ['F213' '196.3516980916079' 'absent']
 ['F199' '197.33050657576678' 'mated']
 ['F57' '208.77968130918484' 'mated']
 ['F186' '236.8339417243367' 'destroyed']
 ['F188' '246.02668185284304' 'mated']
 ['F120' '257.6974607374475' 'absent']
 ['F198' '307.8285196910291' 'absentdestroyed']
 ['F146' '309.21280444348275' 'destroyed']]",100.0,200.0,552.0,70.85151051377036,14.8967266065088,1286.0,222.09676649265904,47.76403269556348,401.0,67.14698728433929,14.427384160362388,0.0,0.0,0.0,0.0,0.0,0.0
7,0.054,8,360.08229812509524,"[['20' '6.362280173679296' 'present']
 ['1' '28.44464752744172' 'marauded']
 ['23' '43.47586688944998' 'marauded']
 ['20' '48.45176910311167' 'destroyed']
 ['15' '48.50886664465487' 'destroyed']
 ['11' '61.275932087047316' 'present']
 ['11' '64.23174440095714' 'present']
 ['9' '66.93691711734714' 'present']
 ['9' '79.42939464737131' 'present']
 ['1' '80.42780636732529' 'marauded']
 ['23' '99.86337338724377' 'present']
 ['9' '111.44489004811327' 'present']
 ['9' '111.85233458561005' 'present']
 ['11' '114.56631086229605' 'present']
 ['1' '118.53928218029667' 'present']
 ['19' '125.80399480429155' 'present']
 ['11' '139.634782593115' 'present']
 ['9' '145.59546661484677' 'present']
 ['1' '162.45524910556202' 'present']
 ['11' '165.6208520409883' 'present']
 ['15' '176.57846901332903' 'present']
 ['0' '185.0386259715446' 'present']
 ['23' '196.65039602074074' 'present']
 ['23' '197.04105525344966' 'present']
 ['15' '238.43541824827375' 'present']
 ['23' '262.85065718608365' 'present']
 ['19' '265.5441655789421' 'present']
 ['20' '280.8929993430266' 'present']
 ['14' '288.03108398923894' 'marauded']
 ['14' '305.635265217177' 'present']
 ['21' '306.6584319083179' 'present']
 ['9' '306.8497305955353' 'present']
 ['17' '337.1111973905375' 'marauded']
 ['1' '341.9062643030197' 'presentdestroyed']
 ['0' '344.06659102921043' 'presentdestroyed']
 ['1' '346.1185290293622' 'present']
 ['15' '349.0059964164194' 'marauded']
 ['11' '355.0630100530923' 'destroyed']
 ['23' '355.5082898799192' 'presentdestroyed']]","[['F190' '83.829436857676' 'destroyed']
 ['F37' '104.92236667751342' 'mated']
 ['F148' '158.0568009991672' 'mated']
 ['F126' '210.05763806461243' 'mated']
 ['F88' '230.9279000473693' 'mated']
 ['F186' '236.85264007440722' 'mated']
 ['F187' '257.78040939546366' 'mated']
 ['F103' '258.44280366114685' 'mated']
 ['F149' '278.74955813003714' 'mated']]",100.0,300.0,563.0,70.0115380313812,14.81817075449495,1502.0,251.21404600099862,53.0683130372118,200.0,36.335297996494965,8.108676262222975,18.0,1.8000000000000005,0.1800000000000001,87.0,0.7835043827677329,0.007994684499314137
8,0.054,14,360.134843766226,"[['19' '12.451987104857066' 'marauded']
 ['7' '18.463991638175713' 'presentdestroyed']
 ['9' '20.219244364359167' 'marauded']
 ['9' '24.416981859431456' 'destroyed']
 ['1' '28.5805795126918' 'present']
 ['14' '34.89742975231072' 'present']
 ['23' '42.53366026273561' 'present']
 ['17' '54.688220706669306' 'present']
 ['14' '58.65062170891872' 'present']
 ['11' '61.06947110270009' 'present']
 ['17' '80.09364142072596' 'present']
 ['23' '90.95515415315012' 'marauded']
 ['23' '91.771612883034' 'presentdestroyed']
 ['15' '98.76094350870086' 'present']
 ['17' '106.6731321381604' 'present']
 ['11' '132.55141013473107' 'present']
 ['21' '132.57803723573164' 'present']
 ['15' '137.10914251746695' 'present']
 ['7' '137.28365147861908' 'marauded']
 ['19' '148.70229810125397' 'present']
 ['14' '157.4018945416414' 'present']
 ['20' '166.7499514234193' 'present']
 ['7' '174.87584942849588' 'present']
 ['15' '180.338106494003' 'present']
 ['15' '180.9878926300423' 'present']
 ['23' '182.68921069298997' 'marauded']
 ['1' '188.05063946284395' 'presentdestroyed']
 ['7' '188.60214163440094' 'destroyed']
 ['15' '191.5017644718937' 'present']
 ['21' '194.87376453651817' 'present']
 ['19' '196.92325442299222' 'present']
 ['20' '197.50206233928745' 'present']
 ['0' '205.75694342213862' 'present']
 ['20' '236.6010601692526' 'present']
 ['7' '237.2530630982424' 'marauded']
 ['9' '261.9137730675202' 'present']
 ['15' '264.7860229443197' 'present']
 ['19' '270.7905126329307' 'present']
 ['15' '275.15571586108985' 'present']
 ['14' '288.392641849747' 'present']
 ['17' '297.4296390965927' 'present']
 ['20' '307.31369994473044' 'present']
 ['0' '318.46843278801384' 'present']
 ['14' '333.503284292063' 'present']
 ['17' '347.57165219617644' 'marauded']]","[['F44' '12.9170480417877' 'destroyed']
 ['F97' '45.58095352823569' 'absent']
 ['F56' '82.10666481821814' 'mated']
 ['F184' '87.24334268411442' 'absent']
 ['F4' '125.5738419850003' 'mated']
 ['F96' '131.20247794494716' 'mated']
 ['F20' '149.34432263386964' 'mated']
 ['F147' '155.7505588132587' 'mated']
 ['F148' '158.0535273566617' 'absent']
 ['F73' '173.83797855372947' 'mated']
 ['F166' '175.6480066191033' 'mated']
 ['F26' '176.10820611659946' 'mated']
 ['F50' '182.68201132825928' 'absent']
 ['F203' '184.17851634087575' 'destroyed']
 ['F206' '231.53117284303724' 'mated']
 ['F30' '249.8149847442961' 'mated']
 ['F167' '301.4652624483732' 'mated']
 ['F204' '315.9432380568583' 'mated']
 ['F113' '331.28924260269645' 'mated']
 ['F150' '336.27824060173566' 'mated']]",200.0,0.0,567.0,71.5831128889543,14.62780871706381,1472.0,243.97887376374436,51.93163502653787,251.0,42.621438377025164,9.152324055597726,11.0,1.0999999999999999,0.11000000000000004,90.0,0.810226166722114,0.008316186556927304
9,0.054,9,359.8240008872232,"[['23' '0.8652641191966015' 'present']
 ['11' '9.896261327199854' 'marauded']
 ['7' '14.370527218770603' 'destroyed']
 ['21' '17.308576453017636' 'present']
 ['11' '18.63744589241722' 'present']
 ['19' '18.90511104914374' 'present']
 ['11' '32.92149164670361' 'present']
 ['8' '33.01667958534022' 'present']
 ['0' '39.746542599842556' 'present']
 ['8' '40.229210584355044' 'marauded']
 ['11' '41.24151741701059' 'presentdestroyed']
 ['8' '42.39589814642739' 'presentdestroyed']
 ['7' '62.838556334738406' 'present']
 ['19' '85.78816362501549' 'marauded']
 ['21' '86.10271768017274' 'destroyed']
 ['21' '92.13745347700574' 'presentdestroyed']
 ['14' '103.86520166812716' 'marauded']
 ['21' '123.87303196907683' 'marauded']
 ['15' '124.73382201153184' 'destroyed']
 ['0' '124.90548474605163' 'presentdestroyed']
 ['11' '127.36373444587947' 'presentdestroyed']
 ['17' '129.42566328700246' 'destroyed']
 ['19' '139.89840074078757' 'present']
 ['14' '148.96733694516502' 'present']
 ['7' '151.2259678667593' 'marauded']
 ['14' '158.52564486321728' 'present']
 ['19' '166.64321517008213' 'present']
 ['14' '168.64720403769195' 'present']
 ['8' '177.9509199470691' 'present']
 ['15' '189.58824364052344' 'marauded']
 ['14' '189.70449019854945' 'presentdestroyed']
 ['1' '193.7508424366347' 'presentdestroyed']
 ['7' '198.2370415057989' 'marauded']
 ['21' '209.5850500206116' 'present']
 ['23' '215.03490251414436' 'present']
 ['14' '219.31031339889367' 'present']
 ['8' '230.21167626428928' 'marauded']
 ['11' '234.69960894928735' 'presentdestroyed']
 ['0' '271.8959522083187' 'present']
 ['14' '272.5464175299129' 'marauded']
 ['15' '275.10867220899326' 'presentdestroyed']
 ['20' '277.1695991133589' 'presentdestroyed']
 ['11' '282.90525150403374' 'marauded']
 ['1' '305.28000758824476' 'present']
 ['8' '313.3560716134552' 'present']
 ['8' '320.6082428425417' 'present']
 ['8' '327.92114951399924' 'present']
 ['20' '333.7132421516916' 'present']
 ['8' '341.19412898746987' 'present']
 ['8' '346.1737253366167' 'present']
 ['14' '350.50624468127677' 'marauded']
 ['14' '355.67588752987257' 'presentdestroyed']]","[['F62' '10.245540504510762' 'destroyed']
 ['F43' '45.27377445769436' 'destroyed']
 ['F97' '45.57863871342087' 'destroyed']
 ['F136' '88.64492163292401' 'destroyed']
 ['F28' '135.91283271753238' 'mated']
 ['F1' '171.78642102634208' 'mated']
 ['F213' '196.35497173411338' 'absentdestroyed']
 ['F11' '216.23048876851342' 'mated']
 ['F133' '220.83916825392916' 'mated']
 ['F79' '233.4684197104435' 'absentdestroyed']
 ['F68' '243.87714174428575' 'mated']
 ['F99' '246.78313576857926' 'mated']
 ['F183' '248.53318569967578' 'mated']
 ['F85' '272.9768355273077' 'destroyed']
 ['F129' '305.7236127464701' 'mated']
 ['F7' '307.3817899485122' 'mated']]",200.0,100.0,566.0,72.55284449022123,15.67702596217075,1275.0,211.77601146718357,44.57559137748226,429.0,73.48441414890405,15.583700031360946,14.0,1.4000000000000001,0.14000000000000007,86.0,0.7892769202208494,0.008123285322359402
10,0.0,11,360.0104392390356,"[['14' '0.5416226623102615' 'present']
 ['19' '0.7028311393639698' 'marauded']
 ['9' '17.535441992980562' 'present']
 ['14' '19.662399343261285' 'present']
 ['15' '21.2077123670141' 'marauded']
 ['9' '52.949348503661035' 'present']
 ['8' '61.882257264850836' 'present']
 ['21' '71.01766722972076' 'present']
 ['7' '72.30923262242105' 'present']
 ['7' '97.340139955116' 'present']
 ['9' '97.99024415544093' 'present']
 ['21' '103.589156354991' 'present']
 ['23' '110.9700189717761' 'marauded']
 ['7' '112.94811110225264' 'presentdestroyed']
 ['8' '117.08131769804959' 'presentdestroyed']
 ['15' '121.68577728305343' 'marauded']
 ['9' '140.1585114571389' 'present']
 ['1' '141.30793827854546' 'present']
 ['17' '141.46860095190843' 'present']
 ['19' '158.42046710444924' 'marauded']
 ['9' '158.81268178361574' 'presentdestroyed']
 ['0' '163.37896082096887' 'presentdestroyed']
 ['19' '165.4923705273691' 'present']
 ['7' '166.82846190073087' 'present']
 ['15' '171.5398917110222' 'present']
 ['7' '231.40519303640542' 'present']
 ['15' '234.86951411980837' 'present']
 ['20' '239.37139314924' 'present']
 ['23' '242.65753130043583' 'present']
 ['8' '266.8545776668747' 'present']
 ['14' '268.6473404701444' 'present']
 ['1' '268.7219324775043' 'present']
 ['1' '272.0642175908718' 'present']
 ['19' '275.7506979602168' 'marauded']
 ['9' '280.8651385289694' 'presentdestroyed']
 ['23' '289.33685795918325' 'present']
 ['9' '293.52061411531855' 'present']
 ['17' '309.6212769241234' 'present']
 ['20' '311.7922801063411' 'present']
 ['9' '313.8054332623556' 'present']
 ['19' '338.23550825896837' 'marauded']
 ['17' '346.55780451477665' 'present']]","[['F22' '65.66144090642545' 'absent']
 ['F190' '83.83271050018149' 'mated']
 ['F59' '101.28480617656514' 'mated']
 ['F165' '106.86252844688941' 'mated']
 ['F144' '143.89130373710972' 'mated']
 ['F181' '144.6131809877436' 'mated']
 ['F215' '145.09047256807514' 'mated']
 ['F197' '167.9138112541896' 'mated']
 ['F58' '180.8435632611557' 'mated']
 ['F141' '211.98054171147274' 'mated']
 ['F91' '221.8208423021673' 'mated']
 ['F149' '278.7462844875316' 'destroyed']
 ['F23' '304.02827302808123' 'mated']
 ['F146' '309.2151192582976' 'absent']
 ['F160' '342.929622459952' 'destroyed']]",200.0,200.0,569.0,70.59346504370602,13.857389808450646,1475.0,246.6131514310391,52.12416677504386,257.0,42.80825242876117,8.799651333413534,0.0,0.0,0.0,0.0,0.0,0.0
11,0.054,8,360.5356928867352,"[['8' '11.255218171810279' 'present']
 ['21' '37.98760503849453' 'present']
 ['7' '54.95332197178049' 'present']
 ['23' '60.78606600373677' 'present']
 ['15' '77.09176452426122' 'present']
 ['17' '78.21449287923734' 'present']
 ['21' '85.26782331076895' 'marauded']
 ['23' '86.86150151780107' 'destroyed']
 ['14' '92.63569608075622' 'present']
 ['8' '108.30923399452828' 'present']
 ['8' '117.42523515987168' 'present']
 ['17' '134.23522909421368' 'present']
 ['0' '135.23373280067938' 'present']
 ['17' '143.7819761546892' 'present']
 ['17' '145.13801134917625' 'present']
 ['7' '155.66232729039154' 'present']
 ['7' '176.26987958030992' 'present']
 ['14' '176.4689965314688' 'present']
 ['15' '205.8519408712665' 'present']
 ['1' '209.9264195503544' 'present']
 ['9' '212.9108973199417' 'marauded']
 ['9' '214.06442935109584' 'presentdestroyed']
 ['17' '214.1907877677346' 'presentdestroyed']
 ['21' '219.97123429010225' 'present']
 ['21' '243.31032584749045' 'marauded']
 ['14' '248.5298929342579' 'presentdestroyed']
 ['17' '250.2729979285288' 'present']
 ['1' '259.7623021540768' 'present']
 ['14' '275.3172142093098' 'marauded']
 ['9' '280.110375704295' 'destroyed']
 ['8' '286.9552172560479' 'present']
 ['1' '311.21822004643116' 'present']
 ['1' '324.0691783238567' 'present']
 ['7' '332.1909694198443' 'present']]","[['F44' '12.919362856602515' 'mated']
 ['F168' '66.64786793686793' 'mated']
 ['F136' '88.64029200329438' 'destroyed']
 ['F136' '88.64955126255364' 'destroyed']
 ['F92' '118.67931067417761' 'mated']
 ['F211' '124.41563149745092' 'mated']
 ['F151' '152.97868656607096' 'mated']
 ['F170' '247.6187761662814' 'absentdestroyed']
 ['F111' '251.22341748547083' 'mated']
 ['F120' '257.700734379953' 'mated']
 ['F84' '359.73966699058536' 'mated']]",200.0,300.0,578.0,67.46424653169977,13.360344301786224,1601.0,265.82522396653144,55.87589373903933,141.0,24.201963832040697,5.220831428723696,17.0,1.7000000000000004,0.1700000000000001,103.0,0.9196186926961301,0.009173525377229087
12,0.0,10,359.967074767661,"[['20' '0.9489163478224358' 'present']
 ['11' '10.356939775497185' 'present']
 ['20' '10.659804889932916' 'present']
 ['23' '12.857784182323448' 'marauded']
 ['0' '16.498514951029854' 'presentdestroyed']
 ['7' '23.48175174909681' 'marauded']
 ['7' '26.271555560583334' 'presentdestroyed']
 ['9' '35.01817586792709' 'present']
 ['11' '36.79618635516715' 'present']
 ['1' '39.18000909314317' 'present']
 ['11' '49.418125117288795' 'present']
 ['9' '50.2893197174398' 'present']
 ['14' '51.27634733158909' 'present']
 ['15' '53.2966701529832' 'present']
 ['14' '53.33070385183242' 'present']
 ['1' '69.55770212801373' 'present']
 ['0' '75.01592611511516' 'marauded']
 ['7' '100.69945669431374' 'present']
 ['1' '111.60645693819612' 'present']
 ['9' '142.91468893246338' 'present']
 ['11' '146.01122573508724' 'present']
 ['9' '149.2914003772222' 'present']
 ['23' '149.49478617493332' 'present']
 ['14' '151.98966849468812' 'present']
 ['17' '152.10229773310016' 'present']
 ['14' '161.81519929759494' 'marauded']
 ['15' '173.55646212164797' 'present']
 ['14' '175.94397163526375' 'present']
 ['19' '180.19686491110923' 'present']
 ['0' '190.565170322681' 'present']
 ['7' '205.48959238029178' 'present']
 ['23' '216.16319796728536' 'marauded']
 ['19' '218.7328761896936' 'destroyed']
 ['7' '225.10287138196838' 'present']
 ['21' '242.09190061700414' 'marauded']
 ['14' '268.65428491458886' 'present']
 ['19' '277.2620655735276' 'present']
 ['21' '278.4360895289022' 'present']
 ['14' '288.40244756265787' 'marauded']
 ['15' '297.86820481195963' 'present']
 ['17' '299.9014147742603' 'present']
 ['8' '300.4474455022527' 'present']
 ['19' '307.2952829949982' 'present']
 ['15' '312.878616027338' 'present']
 ['1' '319.5999397238633' 'marauded']
 ['14' '320.18066379475886' 'presentdestroyed']
 ['8' '323.97536455855925' 'presentdestroyed']
 ['0' '333.35185373512746' 'marauded']
 ['9' '345.62340376401613' 'present']
 ['17' '354.6641768823928' 'present']
 ['1' '357.3261679211617' 'present']]","[['F134' '41.532034034500164' 'mated']
 ['F194' '72.39057123421789' 'mated']
 ['F135' '124.35488204831468' 'mated']
 ['F158' '137.77661629622108' 'mated']
 ['F24' '142.04405544565222' 'mated']
 ['F152' '145.4374921284402' 'absent']
 ['F164' '209.5046093069091' 'mated']
 ['F133' '220.83589461142367' 'destroyed']
 ['F156' '231.90922452984498' 'mated']
 ['F86' '276.0761403451005' 'mated']
 ['F149' '278.7411084042504' 'absent']
 ['F192' '285.3047122464388' 'mated']
 ['F70' '356.62076212226873' 'mated']]",300.0,0.0,568.0,70.81951445347973,15.356899116884076,1356.0,233.92680058304884,50.617293055939214,320.0,55.333173275630784,12.178660350284886,0.0,0.0,0.0,0.0,0.0,0.0
13,0.0,10,360.5289810365724,"[['1' '7.276314169273452' 'present']
 ['15' '12.416730705939434' 'present']
 ['11' '15.574588365680352' 'present']
 ['0' '37.13721382749446' 'present']
 ['14' '39.59656833455323' 'present']
 ['17' '56.79655535431549' 'present']
 ['7' '57.3054720661638' 'present']
 ['0' '59.98630611571795' 'marauded']
 ['11' '61.07696200079616' 'destroyed']
 ['14' '65.02311682470348' 'presentdestroyed']
 ['8' '67.10491314159947' 'presentdestroyed']
 ['14' '68.85282231623106' 'present']
 ['0' '73.48057174413754' 'present']
 ['19' '74.75324022598627' 'present']
 ['14' '87.81459437575442' 'present']
 ['1' '89.47241066522626' 'present']
 ['23' '97.41983240405713' 'marauded']
 ['1' '115.19878918991567' 'present']
 ['8' '126.23481110885783' 'marauded']
 ['19' '126.92253417592747' 'presentdestroyed']
 ['7' '145.35099951113162' 'present']
 ['9' '148.1424409426538' 'present']
 ['23' '149.8974966296473' 'present']
 ['0' '166.46814346414416' 'present']
 ['8' '171.90039602078704' 'present']
 ['8' '172.39164795574737' 'present']
 ['14' '174.34599317112517' 'present']
 ['9' '179.72432493479852' 'present']
 ['15' '180.18047921068919' 'present']
 ['20' '188.13104067666123' 'marauded']
 ['19' '204.47902780395944' 'present']
 ['14' '207.39669702645875' 'present']
 ['21' '218.76936163807557' 'present']
 ['20' '219.36248979251084' 'present']
 ['20' '230.161163293598' 'present']
 ['11' '232.70968701704288' 'present']
 ['17' '248.75712333555467' 'present']
 ['8' '254.89580905108087' 'present']
 ['0' '255.48326992447934' 'marauded']
 ['11' '255.4998806385754' 'destroyed']
 ['11' '257.3452529338797' 'presentdestroyed']
 ['0' '271.0421609477306' 'present']
 ['20' '271.05402345315105' 'present']
 ['19' '282.08246997447674' 'marauded']
 ['14' '300.93546218598004' 'marauded']
 ['23' '321.3875220388818' 'present']
 ['19' '323.76727004585985' 'marauded']
 ['23' '326.30811677608165' 'destroyed']
 ['9' '335.8214526433112' 'present']
 ['7' '348.47377655934594' 'present']
 ['17' '355.5270337898899' 'present']]","[['F66' '78.26227630320354' 'absent']
 ['F59' '101.28153253405965' 'destroyed']
 ['F172' '138.63080913712542' 'mated']
 ['F214' '164.35015817419296' 'mated']
 ['F138' '172.5602431511777' 'mated']
 ['F173' '179.28852536024723' 'mated']
 ['F32' '180.24907072043285' 'mated']
 ['F213' '196.3572865489282' 'mated']
 ['F79' '233.47999378451757' 'mated']
 ['F112' '253.05053625045196' 'mated']
 ['F163' '276.32235187554915' 'mated']
 ['F48' '310.3457117678544' 'mated']]",300.0,100.0,563.0,71.7202963083983,14.712938339153656,1448.0,239.82883887610174,50.32818454056366,278.0,48.72521046993568,10.614151473221456,0.0,0.0,0.0,0.0,0.0,0.0
14,0.054,11,360.59059380509086,"[['11' '1.6281220886727963' 'marauded']
 ['9' '4.727529951493166' 'presentdestroyed']
 ['7' '9.266890023788134' 'present']
 ['21' '12.830617299087155' 'present']
 ['19' '20.867951997281516' 'present']
 ['15' '23.00830551283772' 'present']
 ['21' '24.1855721828539' 'marauded']
 ['0' '40.06595470456963' 'present']
 ['0' '42.49232498431066' 'present']
 ['0' '43.40395384953263' 'present']
 ['1' '46.120500434832074' 'present']
 ['1' '57.40928965657373' 'present']
 ['7' '60.95452789750539' 'present']
 ['1' '64.7211343754014' 'present']
 ['11' '76.42797149745186' 'present']
 ['23' '90.30188106192941' 'present']
 ['21' '103.60165252544857' 'present']
 ['11' '107.38811484687099' 'present']
 ['11' '108.38596817639443' 'marauded']
 ['19' '124.95643650849367' 'present']
 ['23' '129.0737374233916' 'marauded']
 ['15' '134.14496497618913' 'presentdestroyed']
 ['23' '173.35234984649105' 'present']
 ['15' '186.49652834812096' 'present']
 ['15' '196.72125235793015' 'present']
 ['19' '205.25487276892838' 'present']
 ['0' '205.61181411763437' 'present']
 ['20' '209.66408036412503' 'present']
 ['9' '210.40971934584948' 'present']
 ['7' '211.18268812314153' 'present']
 ['23' '212.85529209061374' 'present']
 ['7' '231.41364276219215' 'present']
 ['11' '231.90044611732506' 'marauded']
 ['17' '236.34490558186312' 'presentdestroyed']
 ['8' '246.35435969153158' 'present']
 ['8' '274.0007208050005' 'present']
 ['20' '276.8067406623645' 'marauded']
 ['21' '282.6603451975431' 'presentdestroyed']
 ['1' '283.09204275696777' 'presentdestroyed']
 ['11' '291.2486557951665' 'present']
 ['19' '305.79474099985003' 'present']
 ['11' '315.59077125279634' 'present']
 ['7' '317.0539470738798' 'present']
 ['8' '323.07520184015493' 'present']
 ['8' '323.2145634374617' 'marauded']
 ['7' '328.5999615338483' 'presentdestroyed']
 ['9' '342.5141044804333' 'present']
 ['1' '343.9750452289934' 'present']
 ['8' '346.1812162347128' 'present']
 ['0' '351.1501027224057' 'present']
 ['21' '351.55628815957044' 'present']
 ['21' '355.6690920238535' 'present']]","[['F14' '65.73565887333493' 'mated']
 ['F130' '76.94872200835248' 'mated']
 ['F154' '87.92955546607988' 'mated']
 ['F69' '109.98419341507015' 'destroyed']
 ['F67' '121.38201049407438' 'mated']
 ['F152' '145.45213230279282' 'mated']
 ['F31' '181.48117324085382' 'mated']
 ['F157' '197.1114141315462' 'mated']
 ['F82' '202.2476920944068' 'mated']
 ['F13' '216.24222392407376' 'mated']
 ['F170' '247.6291283328439' 'mated']
 ['F10' '315.1635292385555' 'mated']]",300.0,200.0,556.0,73.09944954216594,15.678841772354103,1420.0,240.8771916926401,51.92704267071106,254.0,42.95775724779236,8.730548429507914,21.0,2.1000000000000005,0.21000000000000013,111.0,1.0218148442591726,0.010802469135802482
15,0.054,10,360.49175772709526,"[['7' '5.252832971807588' 'present']
 ['11' '9.42837052882526' 'present']
 ['14' '11.45568868262213' 'present']
 ['11' '15.843374143158675' 'present']
 ['14' '17.7205272304136' 'present']
 ['11' '23.779244974872597' 'present']
 ['23' '26.886454850244736' 'present']
 ['11' '33.66989018221134' 'marauded']
 ['23' '42.64166443584229' 'present']
 ['20' '45.330176805107136' 'present']
 ['9' '48.1554178056346' 'present']
 ['23' '54.15608455704287' 'present']
 ['14' '57.79990473605533' 'marauded']
 ['14' '58.39322098557648' 'presentdestroyed']
 ['1' '64.41191911237948' 'presentdestroyed']
 ['8' '64.55542241854546' 'presentdestroyed']
 ['11' '79.06393247240962' 'present']
 ['9' '85.25774080276291' 'marauded']
 ['14' '98.80097412602699' 'present']
 ['1' '116.8970079491684' 'present']
 ['0' '124.89298857559406' 'present']
 ['17' '134.2469524625059' 'present']
 ['21' '137.94767343796093' 'present']
 ['19' '139.62195449898007' 'marauded']
 ['19' '155.3619120710704' 'marauded']
 ['14' '160.07723472838788' 'presentdestroyed']
 ['14' '171.64062236169607' 'present']
 ['20' '183.09668326026508' 'present']
 ['9' '187.95619951375545' 'present']
 ['14' '194.78701672431941' 'present']
 ['11' '195.94926150610095' 'present']
 ['8' '201.44930843355021' 'present']
 ['23' '201.53525972018707' 'present']
 ['9' '215.7530746022885' 'marauded']
 ['8' '220.9735810325774' 'destroyed']
 ['14' '244.83211604203964' 'present']
 ['19' '247.49475892080292' 'present']
 ['20' '270.18428591286136' 'present']
 ['1' '284.0191819723195' 'marauded']
 ['19' '284.87680328936585' 'destroyed']
 ['14' '288.02359309114286' 'destroyed']
 ['20' '296.6968840250502' 'present']
 ['8' '303.352610694021' 'present']
 ['21' '314.46911747924025' 'marauded']
 ['21' '316.7817083500035' 'presentdestroyed']
 ['14' '317.47358700660664' 'presentdestroyed']
 ['11' '329.2392571536527' 'present']
 ['1' '330.69976084926014' 'marauded']
 ['23' '341.00173902479537' 'marauded']
 ['23' '344.0519917717821' 'presentdestroyed']
 ['21' '347.8450817996238' 'present']
 ['11' '357.57596733089076' 'present']]","[['F16' '21.53268660214952' 'mated']
 ['F194' '72.38212150843114' 'absent']
 ['F123' '119.13999385092283' 'mated']
 ['F178' '119.38985235261411' 'mated']
 ['F208' '166.75838890285672' 'mated']
 ['F26' '176.10493247409397' 'absent']
 ['F63' '189.24673700423705' 'mated']
 ['F207' '205.64093432731735' 'mated']
 ['F121' '206.66482640132136' 'mated']
 ['F142' '214.52646628081567' 'mated']
 ['F186' '236.83911780761795' 'absent']
 ['F36' '273.59745726521265' 'mated']
 ['F107' '311.62225997033084' 'mated']]",300.0,300.0,563.0,71.8737029425469,15.415417674436702,1335.0,225.60650038894252,48.19134434486693,364.0,61.0267291600425,13.052508110499593,8.0,0.7999999999999999,0.08000000000000002,75.0,0.7068138137523262,0.007544581618655695
16,0.0,10,359.79413281073454,"[['11' '20.618800003169557' 'present']
 ['23' '34.37386885517476' 'present']
 ['20' '35.09010884679511' 'present']
 ['1' '35.60926368101394' 'present']
 ['11' '37.632650193485276' 'present']
 ['11' '38.36727009589651' 'present']
 ['23' '45.06155373049677' 'present']
 ['11' '45.76579155109315' 'present']
 ['23' '54.00170474659115' 'present']
 ['21' '55.24307456125481' 'present']
 ['14' '59.62034273526198' 'present']
 ['1' '64.1210460795834' 'present']
 ['14' '67.55203228224558' 'present']
 ['14' '76.97338323014867' 'present']
 ['23' '81.33159513054513' 'present']
 ['20' '81.37650361949565' 'present']
 ['11' '84.2951116988966' 'marauded']
 ['23' '85.57545242989103' 'presentdestroyed']
 ['23' '92.29917646687089' 'present']
 ['20' '92.42329418640476' 'present']
 ['1' '105.66519871990413' 'present']
 ['0' '108.80770256453353' 'present']
 ['17' '117.1370141508936' 'marauded']
 ['1' '117.84347945398304' 'presentdestroyed']
 ['9' '121.1090167590364' 'destroyed']
 ['11' '122.24011076332951' 'presentdestroyed']
 ['23' '127.67335255274966' 'present']
 ['8' '135.42150964300203' 'present']
 ['19' '141.67686186767222' 'present']
 ['21' '153.81453551803276' 'marauded']
 ['1' '157.4454564514098' 'presentdestroyed']
 ['19' '160.82748224878827' 'presentdestroyed']
 ['7' '165.06025720917495' 'marauded']
 ['19' '165.49986142546516' 'presentdestroyed']
 ['11' '166.0247162944915' 'destroyed']
 ['19' '171.18621826264476' 'presentdestroyed']
 ['19' '171.92567766485726' 'presentdestroyed']
 ['8' '175.40751301442725' 'present']
 ['7' '176.1554974924102' 'present']
 ['21' '177.5479802478056' 'marauded']
 ['14' '189.8395290600963' 'present']
 ['23' '191.75125235175577' 'present']
 ['17' '204.61445996412314' 'present']
 ['21' '208.2464371786617' 'marauded']
 ['17' '211.46233993831055' 'destroyed']
 ['19' '219.67851002245845' 'present']
 ['14' '220.41920766792768' 'present']
 ['0' '223.36715640496385' 'present']
 ['11' '225.49525740633973' 'present']
 ['19' '230.09880682549016' 'present']
 ['17' '236.90676811536753' 'present']
 ['0' '243.54839840337476' 'present']
 ['15' '273.8565254282291' 'present']
 ['0' '277.00870351909197' 'present']
 ['23' '292.9808142107628' 'present']
 ['20' '296.49584094089005' 'present']
 ['21' '316.79152927752' 'present']
 ['23' '326.43050020786063' 'present']
 ['23' '330.87876336255135' 'present']
 ['19' '335.1328938253989' 'marauded']
 ['14' '342.0930338672976' 'presentdestroyed']
 ['19' '343.3376989347286' 'present']
 ['17' '355.52240416026024' 'present']]","[['F75' '51.28832680054598' 'mated']
 ['F196' '80.8668121630467' 'mated']
 ['F90' '106.73079545819961' 'mated']
 ['F178' '119.38657871010862' 'destroyed']
 ['F3' '126.78155951567733' 'mated']
 ['F8' '187.05947989958756' 'mated']
 ['F89' '187.49500892082878' 'mated']
 ['F213' '196.3401240175338' 'absent']
 ['F169' '200.9869412256649' 'mated']
 ['F21' '204.26224608389174' 'mated']
 ['F180' '222.88026373570457' 'mated']
 ['F2' '227.81475785421088' 'mated']
 ['F39' '234.1422170114038' 'absent']
 ['F170' '247.62395224956265' 'absent']
 ['F61' '253.3277082637468' 'absent']
 ['F86' '276.07382553028566' 'absent']]",400.0,0.0,558.0,70.93143466623917,14.226057219821568,1465.0,246.1743401252102,52.82852352025092,251.0,42.91496063306255,9.143735926419893,0.0,0.0,0.0,0.0,0.0,0.0
17,0.054,10,360.4213041583287,"[['19' '2.07735080151675' 'present']
 ['21' '6.281791701108211' 'marauded']
 ['9' '6.61612927436712' 'presentdestroyed']
 ['23' '14.815364700012106' 'present']
 ['19' '26.380415849638336' 'present']
 ['21' '68.877014519285' 'marauded']
 ['20' '76.18968117850095' 'presentdestroyed']
 ['21' '77.52831426936213' 'present']
 ['14' '78.90577460228882' 'present']
 ['8' '82.42712531660507' 'present']
 ['8' '85.74452572860879' 'present']
 ['0' '98.18050402940062' 'present']
 ['8' '103.9910942703443' 'present']
 ['7' '106.05567382657797' 'present']
 ['8' '108.30174309643222' 'present']
 ['23' '115.27087609797485' 'present']
 ['7' '117.92771548686375' 'present']
 ['19' '119.53400944957811' 'marauded']
 ['14' '126.5227543711593' 'presentdestroyed']
 ['20' '135.92894353035922' 'present']
 ['11' '170.47474692643453' 'present']
 ['8' '178.30090325615134' 'present']
 ['21' '181.69262219558075' 'present']
 ['9' '207.08211797451534' 'present']
 ['23' '211.41272991157967' 'present']
 ['14' '220.4276573937144' 'present']
 ['8' '220.5944996556665' 'present']
 ['23' '221.6534665590122' 'present']
 ['15' '224.48801762425884' 'present']
 ['15' '268.8965993508686' 'marauded']
 ['15' '270.2578010980981' 'presentdestroyed']
 ['1' '275.28201575405524' 'presentdestroyed']
 ['1' '276.70634821702777' 'marauded']
 ['11' '311.4483964358095' 'marauded']
 ['9' '327.76435986290437' 'present']
 ['8' '329.3957794457652' 'marauded']
 ['20' '338.15330660962564' 'present']
 ['14' '349.1814269922722' 'present']
 ['15' '351.8994493599054' 'present']
 ['9' '358.39154055856557' 'present']]","[['F194' '72.3872975917124' 'absentdestroyed']
 ['F136' '88.65609854756462' 'mated']
 ['F53' '102.4425211106202' 'absent']
 ['F54' '115.1928747708676' 'mated']
 ['F137' '157.27596143839992' 'mated']
 ['F205' '173.36919326665594' 'mated']
 ['F171' '187.76096630382017' 'mated']
 ['F106' '197.54432731740124' 'mated']
 ['F34' '221.60682408990107' 'mated']
 ['F19' '236.12069054398393' 'mated']
 ['F78' '248.7356301275734' 'mated']
 ['F38' '263.87179585795536' 'mated']
 ['F139' '332.03346672151537' 'destroyed']]",400.0,100.0,562.0,67.37579533015368,13.930641705295086,1443.0,248.20358919861218,54.01005416577786,252.0,42.94870191771567,9.199947603962487,8.0,0.7999999999999999,0.08000000000000002,72.0,0.6908477400613592,0.007437414266117975
18,0.0,6,360.33707203312036,"[['9' '8.377353954603777' 'present']
 ['14' '11.535639869037817' 'present']
 ['7' '17.70789351270954' 'marauded']
 ['23' '20.54415736391038' 'presentdestroyed']
 ['11' '29.656850782456722' 'present']
 ['23' '30.15649434778027' 'present']
 ['7' '65.51280003797308' 'present']
 ['23' '86.37881553487462' 'present']
 ['9' '100.74002427079286' 'marauded']
 ['21' '103.79317431695752' 'presentdestroyed']
 ['9' '111.84198241904754' 'present']
 ['19' '118.91419314501907' 'marauded']
 ['11' '121.62621659093594' 'presentdestroyed']
 ['8' '136.11280729769368' 'present']
 ['21' '137.39533306032035' 'present']
 ['8' '170.9229131953559' 'present']
 ['11' '171.88852902523303' 'marauded']
 ['20' '179.12432845102887' 'present']
 ['11' '181.011595532811' 'present']
 ['7' '181.10759950544724' 'present']
 ['19' '189.02704261580166' 'present']
 ['21' '196.62422728975412' 'marauded']
 ['14' '224.4184592289601' 'marauded']
 ['14' '243.8864385618192' 'present']
 ['23' '250.34422083999735' 'marauded']
 ['20' '301.16150143201406' 'present']
 ['19' '307.9792471968075' 'present']
 ['17' '310.5656970070567' 'present']
 ['9' '334.71173686575275' 'present']
 ['23' '341.4508415977845' 'present']]","[['F140' '8.41916544180649' 'mated']
 ['F12' '134.3998450968161' 'mated']
 ['F152' '145.43231604515896' 'absent']
 ['F1' '171.78124494306084' 'absent']
 ['F138' '172.5569695086722' 'destroyed']
 ['F195' '172.98754804101412' 'destroyed']
 ['F166' '175.64145933409233' 'destroyed']
 ['F50' '182.68855861327026' 'mated']
 ['F156' '231.90404844656373' 'destroyed']
 ['F60' '245.12449435701618' 'mated']
 ['F132' '265.03841596817364' 'mated']
 ['F116' '274.9845270903799' 'mated']
 ['F51' '298.72637278159243' 'absent']
 ['F70' '356.6155860389875' 'absent']]",400.0,200.0,571.0,70.86086455149028,13.949804132614721,1416.0,246.59062187453895,54.13982765936409,260.0,42.588046444999144,9.037704263861665,0.0,0.0,0.0,0.0,0.0,0.0
19,0.054,10,360.30042812466564,"[['11' '4.320184209956199' 'present']
 ['0' '7.699031377489751' 'present']
 ['0' '13.25197528334135' 'present']
 ['15' '17.493712409838725' 'present']
 ['17' '20.861526110384055' 'present']
 ['8' '39.890839072805434' 'marauded']
 ['17' '43.757406265920295' 'presentdestroyed']
 ['23' '46.773899081071775' 'present']
 ['11' '49.41022184515368' 'present']
 ['23' '50.03882909797486' 'present']
 ['7' '54.784475931304755' 'present']
 ['17' '60.39837870444763' 'marauded']
 ['11' '61.06252665825565' 'presentdestroyed']
 ['11' '74.25111741331341' 'present']
 ['9' '76.57481836960773' 'present']
 ['23' '76.76194002795337' 'marauded']
 ['21' '78.04161571140692' 'presentdestroyed']
 ['15' '97.41484034834352' 'present']
 ['0' '111.55832163423037' 'present']
 ['11' '113.03317152490688' 'present']
 ['15' '113.87675911027577' 'present']
 ['15' '115.2204726649348' 'present']
 ['8' '126.96345078807711' 'present']
 ['23' '130.62193365432992' 'present']
 ['1' '155.96875545419843' 'present']
 ['9' '159.52905713668775' 'present']
 ['9' '166.29844877498087' 'present']
 ['23' '196.64345157629631' 'present']
 ['7' '213.04401497941691' 'present']
 ['17' '216.51684457833844' 'present']
 ['20' '221.96294622991942' 'marauded']
 ['23' '222.42724758845324' 'presentdestroyed']
 ['7' '223.30275506411272' 'presentdestroyed']
 ['17' '227.6038841750065' 'presentdestroyed']
 ['11' '233.37176693873323' 'marauded']
 ['15' '238.103467983678' 'presentdestroyed']
 ['23' '252.68194194561931' 'present']
 ['0' '284.451172449478' 'present']
 ['8' '297.66835967639565' 'present']
 ['11' '323.04623288533986' 'present']
 ['14' '336.516071089276' 'present']
 ['14' '336.7987880506116' 'present']
 ['17' '346.8728936120124' 'marauded']
 ['17' '349.420060240441' 'destroyed']
 ['11' '349.6313195959033' 'presentdestroyed']
 ['0' '353.24092438292354' 'presentdestroyed']
 ['21' '354.39973323829764' 'presentdestroyed']]","[['F65' '36.619679255463296' 'mated']
 ['F14' '65.73238523082944' 'destroyed']
 ['F182' '92.37470410517871' 'absent']
 ['F76' '120.07401571578943' 'mated']
 ['F100' '153.75277495178568' 'mated']
 ['F33' '165.93248845316765' 'mated']
 ['F195' '172.98986285582893' 'mated']
 ['F55' '192.2268782117477' 'mated']
 ['F189' '202.21666084681993' 'mated']
 ['F101' '202.43010573364023' 'mated']
 ['F141' '211.9753656281915' 'absent']
 ['F102' '219.69790172495496' 'mated']
 ['F183' '248.5266384146648' 'absent']
 ['F51' '298.72868759640727' 'mated']]",400.0,300.0,567.0,72.00541366495932,15.463601576273991,1490.0,248.85976275588314,52.85980077634675,230.0,36.76287325462778,7.667137265806893,18.0,1.8000000000000005,0.1800000000000001,81.0,0.7745587777631914,0.008466220850480113
20,0.054,9,360.3690135900973,"[['0' '12.517129224425428' 'marauded']
 ['1' '23.364623200311577' 'marauded']
 ['17' '35.8917595859747' 'marauded']
 ['1' '40.1876887779622' 'presentdestroyed']
 ['23' '47.79717378568401' 'present']
 ['23' '51.28012537365143' 'marauded']
 ['19' '59.358231401010684' 'marauded']
 ['21' '65.25957257649203' 'presentdestroyed']
 ['11' '107.55198613437058' 'present']
 ['21' '114.53989870531812' 'marauded']
 ['14' '123.01597877884099' 'marauded']
 ['23' '130.765107002057' 'destroyed']
 ['21' '131.42441362037812' 'present']
 ['19' '133.12013458649216' 'present']
 ['23' '136.76546260175692' 'present']
 ['19' '136.85037493373775' 'present']
 ['21' '137.69365894053263' 'present']
 ['23' '139.8427546987921' 'present']
 ['23' '152.97449787395846' 'present']
 ['23' '158.22785144099464' 'present']
 ['1' '158.8794347568118' 'marauded']
 ['7' '173.4868311886898' 'present']
 ['1' '184.93441309286044' 'present']
 ['17' '186.1368428807054' 'present']
 ['7' '189.3933098784146' 'marauded']
 ['23' '189.47052572818671' 'destroyed']
 ['15' '194.11894446199142' 'presentdestroyed']
 ['0' '197.372351778821' 'present']
 ['7' '197.60937985459123' 'marauded']
 ['15' '203.81911260433606' 'destroyed']
 ['7' '217.98377939960955' 'present']
 ['21' '250.26483780470272' 'marauded']
 ['8' '263.17412708394846' 'present']
 ['0' '298.23796615965347' 'present']
 ['1' '311.49353340463904' 'present']
 ['7' '321.3060013082189' 'marauded']
 ['0' '335.04658316994136' 'present']
 ['15' '340.2517645027386' 'present']
 ['9' '341.4224824992455' 'marauded']
 ['11' '343.1606795337922' 'presentdestroyed']
 ['1' '344.2875428045728' 'presentdestroyed']
 ['21' '354.83801897942476' 'present']
 ['7' '357.3414016608007' 'marauded']]","[['F53' '102.45001200871627' 'mated']
 ['F83' '146.16587172948624' 'mated']
 ['F176' '149.9634432451079' 'mated']
 ['F71' '152.45521134460517' 'mated']
 ['F162' '157.00527381158983' 'mated']
 ['F72' '214.3659574228332' 'mated']
 ['F191' '220.1421690898592' 'mated']
 ['F77' '220.55773374324372' 'mated']
 ['F80' '229.80747323653875' 'absent']
 ['F15' '351.35266519150576' 'mated']]",500.0,0.0,572.0,74.4305410129242,15.890904294255867,1169.0,202.51060834507066,43.76443679563571,480.0,81.76241458121869,17.944698346212302,7.0,0.7,0.07,66.0,0.6157724625652896,0.006451474622770921
21,0.054,9,360.6663526839999,"[['7' '12.19649052647445' 'present']
 ['15' '17.484850310012927' 'present']
 ['9' '27.733878737653445' 'present']
 ['19' '31.73038422363529' 'present']
 ['8' '68.26728874475117' 'present']
 ['7' '73.42669616998839' 'present']
 ['1' '97.52956396789222' 'present']
 ['1' '102.63188135228285' 'present']
 ['20' '110.11672445502502' 'present']
 ['15' '119.09198926011977' 'present']
 ['15' '120.65359102168576' 'present']
 ['14' '148.6300997482316' 'present']
 ['14' '150.92258260124467' 'present']
 ['8' '151.37877327211677' 'present']
 ['11' '161.4723597469023' 'present']
 ['17' '164.4620321588495' 'present']
 ['20' '169.4009338826167' 'marauded']
 ['8' '190.3537535665559' 'present']
 ['8' '195.6012601746407' 'present']
 ['1' '198.67569235079756' 'marauded']
 ['11' '210.80579430539302' 'present']
 ['23' '219.05913639268087' 'present']
 ['8' '223.35903474183954' 'present']
 ['11' '224.7225971663305' 'present']
 ['7' '225.46907231997034' 'present']
 ['17' '239.08547776924118' 'present']
 ['0' '241.64799120023864' 'present']
 ['0' '257.14794212874045' 'present']
 ['23' '270.01972165145264' 'present']
 ['14' '275.42566393509657' 'present']
 ['15' '278.30131653887724' 'present']
 ['15' '283.3998669655428' 'present']
 ['1' '303.1154308172041' 'present']
 ['14' '319.4347635424625' 'present']
 ['1' '327.5707386215297' 'present']
 ['15' '328.6418718930925' 'present']
 ['20' '330.24694601259347' 'present']
 ['0' '332.5983500975438' 'present']
 ['14' '333.28430382819613' 'marauded']
 ['8' '333.7863435460381' 'presentdestroyed']
 ['9' '341.5367470308663' 'present']]","[['F66' '78.26690593283317' 'mated']
 ['F122' '126.83214545453119' 'mated']
 ['F200' '151.2945781902773' 'mated']
 ['F6' '157.9736926632443' 'mated']
 ['F124' '161.41754052136133' 'mated']
 ['F9' '164.7837564170285' 'mated']
 ['F80' '229.80978805135356' 'mated']
 ['F127' '321.147910737408' 'mated']
 ['F160' '342.9369425471283' 'mated']
 ['F70' '356.61231239648197' 'absent']]",500.0,100.0,567.0,72.49977464232884,15.37638915258823,1590.0,266.12457280045516,56.6581181916065,112.0,18.26857901300016,3.6774917675894754,24.0,2.400000000000001,0.24000000000000016,90.0,0.7891137844055488,0.008101851851851858
22,0.0,8,360.65214718135655,"[['9' '9.290268775677923' 'present']
 ['11' '14.432278979830016' 'present']
 ['17' '14.585070446758705' 'present']
 ['14' '34.265976633042634' 'present']
 ['1' '60.73826831267762' 'present']
 ['11' '62.23220771306847' 'present']
 ['21' '63.93996430177908' 'present']
 ['14' '79.9316268121505' 'present']
 ['21' '90.64453924421461' 'marauded']
 ['21' '92.12819421774648' 'presentdestroyed']
 ['17' '98.68374723436433' 'present']
 ['1' '103.46766407466323' 'marauded']
 ['1' '104.20935547127208' 'presentdestroyed']
 ['20' '108.21718647102298' 'presentdestroyed']
 ['17' '108.79158848181072' 'presentdestroyed']
 ['0' '110.60748364261636' 'presentdestroyed']
 ['21' '113.84370584235214' 'marauded']
 ['14' '115.44077830355063' 'presentdestroyed']
 ['1' '129.99541242198734' 'present']
 ['8' '130.62060120312094' 'present']
 ['14' '139.40225934831057' 'present']
 ['21' '142.2669969242859' 'present']
 ['19' '149.2341858096307' 'marauded']
 ['7' '149.7215076946757' 'presentdestroyed']
 ['15' '165.15487214658137' 'present']
 ['7' '170.21536672540162' 'present']
 ['9' '170.99702019776458' 'marauded']
 ['0' '172.81810914168815' 'presentdestroyed']
 ['9' '181.33209343425986' 'marauded']
 ['0' '190.24159928267517' 'present']
 ['1' '196.9434252464742' 'present']
 ['17' '224.40837901495462' 'present']
 ['21' '234.83011038192905' 'present']
 ['20' '235.58939167444902' 'present']
 ['15' '236.90477221441415' 'present']
 ['7' '239.08321607039787' 'present']
 ['9' '247.95494813066475' 'present']
 ['9' '249.61741975594657' 'present']
 ['21' '263.2118118528537' 'present']
 ['9' '264.66730671092085' 'marauded']
 ['17' '266.71241055450844' 'presentdestroyed']
 ['20' '273.69142775302737' 'marauded']
 ['1' '276.2176603203652' 'presentdestroyed']
 ['0' '291.8340168380619' 'present']
 ['1' '292.98891087806516' 'present']
 ['15' '299.9538840272868' 'marauded']
 ['17' '310.57128546437707' 'present']
 ['7' '319.0014186768487' 'present']
 ['20' '320.83028746934747' 'present']
 ['17' '325.0393546722847' 'present']
 ['17' '327.61658934483455' 'present']
 ['14' '345.3822001790111' 'present']
 ['21' '347.05982515985977' 'present']]","[['F62' '10.252860591687078' 'mated']
 ['F117' '90.37581177549876' 'absent']
 ['F5' '123.6578306138137' 'mated']
 ['F212' '204.30485551978688' 'mated']
 ['F114' '227.86678516613154' 'mated']
 ['F153' '236.5866356416762' 'mated']
 ['F119' '262.1679105232643' 'mated']
 ['F146' '309.22356898408435' 'mated']
 ['F125' '323.21594173580274' 'mated']]",500.0,200.0,562.0,66.62630089249875,13.138175398097273,1406.0,238.82592053175736,52.130405859690576,311.0,54.64812575461183,12.09660664106881,0.0,0.0,0.0,0.0,0.0,0.0
23,0.054,9,359.7999178241692,"[['0' '69.08224816916905' 'marauded']
 ['11' '74.26269148738749' 'presentdestroyed']
 ['20' '78.32502741900772' 'present']
 ['11' '81.79180839354274' 'present']
 ['21' '104.16536111341287' 'present']
 ['15' '136.89316941155803' 'present']
 ['7' '137.39155475075418' 'present']
 ['14' '137.45583303278997' 'present']
 ['8' '147.94105989201745' 'present']
 ['1' '157.49224873476615' 'present']
 ['21' '164.36619154425387' 'present']
 ['17' '170.3534716093765' 'present']
 ['1' '177.7984761552454' 'present']
 ['0' '198.45807234618474' 'present']
 ['8' '206.80429254007908' 'present']
 ['20' '206.9479418669724' 'present']
 ['14' '208.30556527562447' 'present']
 ['8' '208.87384580455998' 'present']
 ['9' '214.16066467673988' 'present']
 ['21' '214.75159316499366' 'present']
 ['0' '236.2112986675183' 'present']
 ['17' '241.18687963283517' 'present']
 ['14' '263.5980205366656' 'present']
 ['0' '266.0255368238237' 'present']
 ['19' '271.2187244187102' 'marauded']
 ['1' '278.0073739508389' 'presentdestroyed']
 ['14' '294.0565152626221' 'marauded']
 ['17' '297.41928693003024' 'presentdestroyed']
 ['1' '303.1229217153002' 'present']
 ['7' '307.95543998005553' 'marauded']
 ['15' '312.58574087763833' 'presentdestroyed']
 ['15' '322.7519066119104' 'present']
 ['14' '333.75060830166564' 'marauded']
 ['8' '357.159977271157' 'present']]","[['F43' '45.282120641202376' 'mated']
 ['F182' '92.37701891999352' 'mated']
 ['F193' '123.35124483350408' 'mated']
 ['F177' '130.6656772705946' 'mated']
 ['F94' '133.96680992472398' 'mated']
 ['F25' '168.68443575873277' 'absent']
 ['F203' '184.18583642805206' 'mated']
 ['F34' '221.60164800661983' 'absent']
 ['F42' '255.4409512907515' 'mated']
 ['F120' '257.69228465416626' 'absent']
 ['F209' '289.0992892769549' 'mated']
 ['F139' '332.0386428047966' 'mated']]",500.0,300.0,565.0,67.71066472649203,13.916504166931386,1541.0,259.0785547405214,55.33640887571263,175.0,30.817486735280394,6.7975257867458545,17.0,1.7000000000000004,0.1700000000000001,96.0,0.8493463084821906,0.008551954732510296
