id,probability_maraud,successful_mating,next_foraging_time,mar_attempts,mate_attempts,x_pos,y_pos,foraging_events,foraging_hrs,foraging_sqhrs,staying_events,staying_hrs,staying_sqhrs,repairing_events,repairing_hrs,repairing_sqhrs,marauding_events,marauding_hrs,marauding_sqhrs,traveling_events,traveling_hrs,traveling_sqhrs
0,0.0,7,360.6788483172097,"[['4' '9.429950848940743' 'marauded']
 ['22' '9.980975648750164' 'presentdestroyed']
 ['2' '17.85721040662505' 'destroyed']
 ['8' '22.655634870212033' 'present']
 ['22' '24.685484596390776' 'marauded']
 ['22' '24.834423822499975' 'destroyed']
 ['23' '25.154503863307113' 'presentdestroyed']
 ['4' '41.2047388379866' 'marauded']
 ['4' '62.91433041291661' 'present']
 ['23' '80.42547340910394' 'present']
 ['23' '80.93989429577115' 'marauded']
 ['23' '86.09484490618973' 'presentdestroyed']
 ['8' '91.22994064146822' 'present']
 ['8' '100.38273457020345' 'present']
 ['5' '106.51624263217897' 'present']
 ['6' '107.61051863519212' 'marauded']
 ['4' '116.6085760950657' 'marauded']
 ['5' '117.11935181088049' 'destroyed']
 ['11' '123.61857186468947' 'destroyed']
 ['22' '161.53952995503104' 'present']
 ['8' '170.06618755628398' 'present']
 ['22' '177.07039524846962' 'marauded']
 ['14' '180.2617982254336' 'presentdestroyed']
 ['2' '206.6395094789768' 'marauded']
 ['10' '208.592197535331' 'presentdestroyed']
 ['22' '213.94111706864066' 'destroyed']
 ['4' '216.04313428312443' 'marauded']
 ['11' '218.29597661942827' 'destroyed']
 ['17' '220.9871154353807' 'presentdestroyed']
 ['21' '224.10060351926592' 'present']
 ['10' '224.15956647976842' 'present']
 ['16' '228.4028288319096' 'present']
 ['6' '230.01952953655518' 'present']
 ['2' '232.37924012442596' 'present']
 ['4' '238.92419135081045' 'present']
 ['8' '247.68229673964493' 'marauded']
 ['5' '254.05446950857757' 'presentdestroyed']
 ['16' '261.01619559320443' 'present']
 ['11' '271.1668237122266' 'present']
 ['2' '271.2369125259097' 'present']
 ['11' '272.6543193043597' 'present']
 ['5' '281.3965460831242' 'present']
 ['16' '288.2790264021663' 'marauded']
 ['6' '294.44009067454226' 'presentdestroyed']
 ['14' '300.8643181104235' 'present']
 ['5' '308.5461604571811' 'present']
 ['14' '311.89700635353705' 'present']
 ['21' '325.31040387103303' 'present']
 ['14' '333.20406888936236' 'marauded']
 ['23' '341.0365165037079' 'present']]","[['F77' '82.8629151622541' 'absentdestroyed']
 ['F34' '91.64634510856163' 'mated']
 ['F93' '99.92595079678263' 'absent']
 ['F190' '100.60646960506' 'mated']
 ['F66' '174.87720976660486' 'mated']
 ['F185' '176.77337199390595' 'mated']
 ['F79' '190.49452891242794' 'mated']
 ['F83' '191.07673860929296' 'mated']
 ['F154' '193.11761050099497' 'absent']
 ['F75' '209.91673865649358' 'absentdestroyed']
 ['F92' '235.15286687227618' 'mated']
 ['F55' '343.51984551260875' 'absent']]",0.0,0.0,567.0,71.24684056346209,15.028335414322637,1252.0,215.4011397155719,47.21919465768095,452.0,73.44683503823192,15.105703151522915,0.0,0.0,0.0,0.0,0.0,0.0
1,0.0,7,360.3175199666892,"[['8' '5.145611756718436' 'present']
 ['23' '6.47579791771277' 'marauded']
 ['2' '14.141928740369284' 'destroyed']
 ['14' '16.657093905327116' 'present']
 ['21' '24.001643414285102' 'marauded']
 ['22' '31.098424936457143' 'presentdestroyed']
 ['5' '40.05849114946238' 'present']
 ['8' '41.26620347054121' 'present']
 ['4' '44.089230946202534' 'present']
 ['4' '57.472868019067555' 'present']
 ['16' '68.70405250229403' 'present']
 ['22' '75.80018662620274' 'marauded']
 ['8' '84.6147469381883' 'present']
 ['10' '85.88969929344525' 'present']
 ['8' '88.82731765255001' 'marauded']
 ['14' '96.57498238316434' 'presentdestroyed']
 ['23' '106.85569296644613' 'present']
 ['22' '114.08570617856971' 'present']
 ['21' '114.49071188988195' 'present']
 ['6' '117.34837302620899' 'present']
 ['22' '124.26318735928335' 'marauded']
 ['6' '129.74244462426842' 'presentdestroyed']
 ['22' '129.8499067964072' 'presentdestroyed']
 ['2' '136.4763044235558' 'present']
 ['4' '137.98727068054083' 'present']
 ['23' '139.1152018352196' 'present']
 ['5' '147.67004812409445' 'present']
 ['21' '150.63082462214535' 'marauded']
 ['23' '178.64711707737305' 'present']
 ['2' '184.7030255007097' 'present']
 ['22' '200.02852609560225' 'present']
 ['10' '200.34594386081437' 'present']
 ['4' '202.2312073420709' 'present']
 ['11' '218.1929098381279' 'present']
 ['5' '218.445678009123' 'marauded']
 ['8' '221.76317859415036' 'presentdestroyed']
 ['22' '222.5303481860565' 'presentdestroyed']
 ['21' '227.2180160791706' 'present']
 ['21' '238.27736380649185' 'present']
 ['22' '246.0941663342677' 'present']
 ['8' '251.20980638182525' 'present']
 ['2' '272.66808441770036' 'marauded']
 ['16' '292.31594732350936' 'present']
 ['4' '306.920585583872' 'present']
 ['4' '317.58307569525994' 'present']
 ['14' '328.3044467796666' 'marauded']
 ['10' '331.362291807848' 'presentdestroyed']
 ['23' '335.3831583931705' 'presentdestroyed']
 ['5' '342.1298242007926' 'present']
 ['10' '347.31330158315075' 'marauded']
 ['23' '348.44565350658274' 'destroyed']
 ['21' '350.21215485859824' 'destroyed']
 ['14' '353.74664057753375' 'presentdestroyed']]","[['F204' '32.746312239899495' 'mated']
 ['F68' '82.16631243569928' 'destroyed']
 ['F73' '123.05222012613311' 'absent']
 ['F123' '131.44955030984696' 'mated']
 ['F24' '168.7498345356547' 'mated']
 ['F105' '174.21873369992122' 'mated']
 ['F187' '178.88484063325592' 'mated']
 ['F116' '181.49760968128567' 'absent']
 ['F212' '230.34212607189866' 'mated']
 ['F57' '232.14007082940373' 'absent']
 ['F21' '325.6222989180864' 'mated']]",0.0,100.0,568.0,73.5022447067751,15.637380011124497,1321.0,226.08104030719986,49.00411793764333,353.0,60.5775784185206,13.126042683310637,0.0,0.0,0.0,0.0,0.0,0.0
2,0.054,4,360.2463836813093,"[['11' '2.8775571162054168' 'present']
 ['5' '15.975656821021168' 'present']
 ['10' '18.22395305611518' 'present']
 ['17' '21.931560238568313' 'marauded']
 ['17' '22.041912405130812' 'presentdestroyed']
 ['22' '24.663353523942085' 'destroyed']
 ['11' '31.242626049749557' 'present']
 ['11' '32.61074523483008' 'present']
 ['22' '47.889810988234146' 'present']
 ['10' '49.903797094444066' 'marauded']
 ['22' '60.018095072722346' 'marauded']
 ['5' '75.35518292710411' 'present']
 ['4' '78.74455868360654' 'marauded']
 ['5' '83.9128966861521' 'presentdestroyed']
 ['4' '93.97560241226296' 'present']
 ['5' '97.05421275143992' 'present']
 ['23' '112.21045542630686' 'marauded']
 ['5' '117.12589909589147' 'presentdestroyed']
 ['17' '122.09015859457467' 'present']
 ['10' '129.722110593444' 'present']
 ['11' '131.9487495461135' 'present']
 ['5' '145.23039180570646' 'present']
 ['23' '146.78483093703966' 'present']
 ['22' '158.2827981884622' 'marauded']
 ['23' '167.63037542152074' 'present']
 ['21' '173.32959617774122' 'present']
 ['17' '181.2441369497477' 'present']
 ['22' '194.03390923330775' 'present']
 ['10' '201.18033253594493' 'present']
 ['4' '202.22275761628416' 'present']
 ['4' '225.1407337080518' 'marauded']
 ['8' '227.13411850629726' 'presentdestroyed']
 ['10' '238.69321468613626' 'present']
 ['5' '240.35312689917373' 'present']
 ['4' '245.2808170788693' 'present']
 ['16' '253.15180890491172' 'present']
 ['21' '258.63782414888277' 'present']
 ['10' '262.3554928187997' 'marauded']
 ['23' '281.37704378272076' 'present']
 ['8' '294.87021675405606' 'present']
 ['5' '308.92136933252425' 'marauded']
 ['14' '315.5969739885395' 'presentdestroyed']
 ['10' '333.7648862677925' 'present']
 ['5' '337.9226264244107' 'present']
 ['22' '342.63704474555743' 'marauded']
 ['11' '350.74641928679426' 'present']
 ['17' '350.951329732111' 'present']]","[['F15' '102.1515293332033' 'mated']
 ['F60' '133.98058062136096' 'mated']
 ['F185' '176.76874236427633' 'absent']
 ['F183' '259.4289596897647' 'mated']
 ['F135' '268.63930909937574' 'absentdestroyed']
 ['F188' '312.4689320700654' 'destroyed']
 ['F128' '324.46954428975954' 'mated']]",0.0,200.0,551.0,71.94545465215403,15.739011669400025,1298.0,224.89591275122606,49.26773105859454,352.0,60.97990993620421,13.245894945582966,16.0,1.6000000000000003,0.1600000000000001,86.0,0.7902738181545618,0.008209019204389581
3,0.0,8,360.2750837593344,"[['6' '24.02306838351774' 'present']
 ['23' '37.089293779102455' 'present']
 ['10' '43.568135994700825' 'present']
 ['5' '46.05445965393248' 'present']
 ['2' '58.587629188787744' 'present']
 ['21' '58.97093708847456' 'marauded']
 ['2' '68.92707229361596' 'present']
 ['17' '70.20352094263828' 'present']
 ['6' '70.38920924856085' 'present']
 ['6' '72.55716074399216' 'present']
 ['21' '82.03857222682156' 'present']
 ['8' '87.90167307013687' 'present']
 ['11' '91.88569472216307' 'present']
 ['21' '93.7474643944526' 'present']
 ['6' '108.89576020544682' 'marauded']
 ['8' '113.53218201973517' 'presentdestroyed']
 ['16' '132.23314596334117' 'present']
 ['22' '135.58124013560538' 'present']
 ['2' '137.5532408991279' 'present']
 ['11' '178.97114574526444' 'present']
 ['8' '181.29878079170896' 'present']
 ['6' '189.40836686939824' 'present']
 ['22' '196.03209095678483' 'present']
 ['6' '216.0328306560358' 'present']
 ['6' '219.05307575844827' 'present']
 ['2' '221.81156818754405' 'present']
 ['17' '235.09278068914372' 'present']
 ['10' '245.86236562645541' 'present']
 ['16' '251.05008800824928' 'present']
 ['8' '251.10133072832983' 'present']
 ['11' '256.1597729658992' 'present']
 ['5' '258.8995424362311' 'present']
 ['17' '280.6549518199338' 'present']
 ['22' '283.9663685193207' 'present']
 ['8' '286.01502313838796' 'present']
 ['6' '288.3265745798459' 'marauded']
 ['17' '288.82960662940076' 'presentdestroyed']
 ['10' '298.2557307055294' 'present']
 ['4' '310.2730482543542' 'present']
 ['8' '311.9486310140257' 'present']
 ['21' '327.30662327001335' 'present']
 ['8' '337.7445548929585' 'present']
 ['14' '338.74945680669833' 'present']
 ['22' '343.38433617305634' 'present']
 ['8' '353.60008274375025' 'present']
 ['5' '359.0574429866382' 'marauded']]","[['F119' '80.32050444630043' 'mated']
 ['F200' '87.8841333525468' 'mated']
 ['F169' '156.36933198237637' 'mated']
 ['F56' '173.66805835894556' 'mated']
 ['F41' '200.79077243546342' 'mated']
 ['F134' '226.6330130670212' 'mated']
 ['F189' '284.0055997033925' 'mated']
 ['F103' '302.6808130209963' 'mated']
 ['F21' '325.6176692884568' 'absent']]",0.0,300.0,572.0,67.20992865390959,13.077691746022888,1586.0,273.7191546646542,59.27525508967527,109.0,19.271112814158688,4.239220931370942,0.0,0.0,0.0,0.0,0.0,0.0
4,0.054,6,360.1391059094664,"[['23' '4.580930358122159' 'present']
 ['5' '26.186618513541163' 'present']
 ['23' '40.57790717746826' 'present']
 ['11' '46.851310048007896' 'marauded']
 ['23' '66.93067537770045' 'present']
 ['22' '83.98767291587133' 'present']
 ['8' '84.62223783628437' 'present']
 ['23' '96.66074794992349' 'present']
 ['16' '98.18368980739292' 'marauded']
 ['11' '98.3329674460052' 'destroyed']
 ['2' '100.31181001355884' 'destroyed']
 ['5' '106.52183108949927' 'marauded']
 ['17' '112.27685202180312' 'presentdestroyed']
 ['11' '116.79734497966928' 'present']
 ['8' '121.89461685376426' 'present']
 ['23' '124.67508713480251' 'present']
 ['14' '141.6558639788972' 'marauded']
 ['11' '155.1754837716956' 'present']
 ['5' '156.52329746517253' 'present']
 ['21' '163.42395890631204' 'present']
 ['14' '169.5720990816533' 'present']
 ['16' '172.7240562533085' 'present']
 ['6' '176.4858373233129' 'marauded']
 ['10' '177.77677974173136' 'presentdestroyed']
 ['22' '177.87083515071342' 'presentdestroyed']
 ['2' '192.75238544505953' 'marauded']
 ['22' '194.78405010468217' 'presentdestroyed']
 ['11' '199.96688227710618' 'present']
 ['14' '223.83575790957497' 'present']
 ['5' '230.77939710698172' 'marauded']
 ['8' '233.60518408295943' 'presentdestroyed']
 ['2' '234.02748066104616' 'presentdestroyed']
 ['21' '238.18566600410588' 'presentdestroyed']
 ['21' '239.55556087466272' 'present']
 ['16' '316.0186149010922' 'present']
 ['2' '318.5981865219189' 'present']
 ['23' '328.5576687517961' 'marauded']
 ['23' '338.85122756999687' 'present']
 ['23' '356.9860131340014' 'present']
 ['11' '358.20916045815676' 'present']]","[['F125' '33.48679742630393' 'absent']
 ['F117' '130.7657976227438' 'mated']
 ['F161' '141.36863714667206' 'mated']
 ['F23' '199.19761166242066' 'destroyed']
 ['F197' '205.92615325997872' 'mated']
 ['F164' '220.82018214275183' 'mated']
 ['F53' '224.73898699516465' 'absent']
 ['F151' '239.2893593475156' 'mated']
 ['F167' '260.76037166184636' 'mated']
 ['F10' '298.35580683063273' 'absent']]",100.0,0.0,569.0,67.99168229758385,13.250941066987762,1410.0,240.42632726317893,52.22441966640597,298.0,48.97364940577819,10.281365479511221,19.0,1.9000000000000006,0.1900000000000001,82.0,0.7262228767525591,0.007265946502057618
5,0.054,12,360.0335442840525,"[['11' '0.9213492673445294' 'marauded']
 ['2' '6.717157101774219' 'presentdestroyed']
 ['6' '18.272345890276164' 'marauded']
 ['14' '32.566281274134774' 'present']
 ['10' '41.33062025272934' 'present']
 ['4' '63.99698274035712' 'present']
 ['21' '74.38476904942193' 'present']
 ['11' '78.322958208412' 'present']
 ['14' '79.49345356483921' 'present']
 ['4' '81.65203156038594' 'present']
 ['22' '86.56767970252746' 'marauded']
 ['2' '104.74067668224858' 'present']
 ['8' '112.97224401954003' 'present']
 ['4' '120.09165579476624' 'present']
 ['14' '126.51238038200496' 'marauded']
 ['11' '148.2146812133944' 'marauded']
 ['10' '150.34876265807276' 'presentdestroyed']
 ['14' '157.38596397788157' 'present']
 ['10' '160.1758557034035' 'present']
 ['14' '169.58382244994553' 'marauded']
 ['22' '169.75675930431706' 'presentdestroyed']
 ['6' '178.81616735461736' 'present']
 ['8' '181.3630794301335' 'marauded']
 ['22' '195.4838868848775' 'present']
 ['16' '195.53556394877188' 'present']
 ['23' '198.2871277584798' 'marauded']
 ['17' '199.71111063672888' 'presentdestroyed']
 ['23' '201.00940111983388' 'presentdestroyed']
 ['4' '204.08872696146392' 'presentdestroyed']
 ['16' '205.3220568469716' 'presentdestroyed']
 ['22' '206.62066108088584' 'present']
 ['22' '225.34279908428653' 'present']
 ['16' '236.86793361762412' 'present']
 ['10' '242.89741657326024' 'present']
 ['8' '260.60181055092585' 'marauded']
 ['16' '265.80239967990855' 'presentdestroyed']
 ['16' '288.4040531400831' 'present']
 ['8' '295.4207831612107' 'present']
 ['4' '311.8707555625524' 'present']
 ['8' '315.548026078073' 'marauded']
 ['8' '322.9876328923823' 'presentdestroyed']
 ['2' '334.7383632995863' 'present']
 ['11' '335.55238456524506' 'present']
 ['21' '344.797477623692' 'marauded']
 ['16' '345.319450831796' 'presentdestroyed']]","[['F115' '40.56283570224125' 'mated']
 ['F9' '110.47231685020051' 'mated']
 ['F113' '116.17494045960464' 'absent']
 ['F126' '119.2310730864264' 'mated']
 ['F159' '124.5498429010788' 'mated']
 ['F146' '135.4416267171168' 'mated']
 ['F1' '142.38998241188145' 'mated']
 ['F87' '163.01411762355144' 'mated']
 ['F54' '177.82532346639795' 'mated']
 ['F64' '190.51397913927343' 'mated']
 ['F114' '196.96055020131467' 'mated']
 ['F53' '224.74130180997946' 'absent']
 ['F203' '274.02283987417377' 'mated']
 ['F103' '302.67563693771507' 'absent']
 ['F30' '326.8480881933165' 'mated']]",100.0,100.0,553.0,72.71158987521004,15.262345825496926,1286.0,218.55992805760815,46.49667343137155,401.0,67.1888691727614,14.75419733260312,10.0,0.9999999999999999,0.10000000000000003,76.0,0.7015976489069329,0.00733024691358025
6,0.054,5,360.5155158311496,"[['2' '4.404307974860161' 'marauded']
 ['8' '20.31946952666021' 'present']
 ['4' '39.58831299836315' 'present']
 ['22' '43.15579709019924' 'present']
 ['4' '46.812070649472076' 'marauded']
 ['17' '46.949346291574436' 'destroyed']
 ['4' '63.2610045493369' 'marauded']
 ['17' '65.28132598068407' 'presentdestroyed']
 ['8' '66.4930552123304' 'destroyed']
 ['14' '94.44977075136845' 'marauded']
 ['17' '116.19260457572409' 'present']
 ['5' '116.53803730119313' 'present']
 ['10' '123.77248821144457' 'present']
 ['23' '124.66473496824' 'present']
 ['22' '132.9706444213536' 'marauded']
 ['10' '146.81926540065908' 'marauded']
 ['2' '153.5539430793656' 'presentdestroyed']
 ['11' '157.90103581293846' 'present']
 ['14' '176.85650961345652' 'present']
 ['17' '180.27966760019953' 'marauded']
 ['16' '198.478573472326' 'present']
 ['23' '216.8306961257101' 'present']
 ['4' '221.51092246125265' 'present']
 ['8' '236.7128359762648' 'present']
 ['11' '241.01897793787126' 'marauded']
 ['16' '241.66024864464285' 'presentdestroyed']
 ['14' '245.08451880592858' 'presentdestroyed']
 ['4' '252.7479884940383' 'marauded']
 ['14' '269.19564851635795' 'present']
 ['22' '271.9167445173269' 'present']
 ['14' '272.86173388331963' 'marauded']
 ['8' '273.87637922912495' 'presentdestroyed']
 ['10' '279.68628187277244' 'presentdestroyed']
 ['10' '284.2646857405022' 'present']
 ['11' '299.3781746918127' 'present']
 ['10' '310.8906337703482' 'present']
 ['21' '313.5883371043969' 'present']
 ['14' '324.7194303454676' 'present']
 ['21' '326.6046574031962' 'marauded']
 ['23' '340.40279318118405' 'present']
 ['16' '346.51419468901605' 'present']]","[['F147' '10.611168697779023' 'destroyed']
 ['F91' '68.43947611430573' 'destroyed']
 ['F93' '99.93112688006389' 'destroyed']
 ['F146' '135.43317699133007' 'absentdestroyed']
 ['F157' '152.071499860367' 'absentdestroyed']
 ['F196' '162.55981241143095' 'absent']
 ['F208' '177.1278885592437' 'mated']
 ['F19' '189.8848168416781' 'mated']
 ['F23' '199.20878857706126' 'mated']
 ['F50' '271.6999319805521' 'mated']
 ['F166' '289.24534843391854' 'mated']
 ['F21' '325.6143956459513' 'absent']
 ['F30' '326.8457733785017' 'destroyed']
 ['F5' '333.7423824631011' 'absentdestroyed']]",100.0,200.0,579.0,70.97654111604352,15.046577188571014,1248.0,219.5247950291068,48.14446208209304,412.0,67.37796216059985,14.03507828340481,16.0,1.6000000000000003,0.1600000000000001,75.0,0.6938216055113839,0.007201646090534982
7,0.0,12,360.1556685987751,"[['10' '2.491113339431013' 'present']
 ['8' '19.92103332753827' 'present']
 ['21' '21.121539317499643' 'present']
 ['16' '28.630882071659265' 'present']
 ['2' '32.00873172067869' 'present']
 ['2' '42.76378375177807' 'present']
 ['17' '45.74641495472007' 'present']
 ['4' '46.30272708082902' 'present']
 ['11' '49.908510454123665' 'present']
 ['5' '51.28510226694326' 'present']
 ['11' '53.90919271194834' 'present']
 ['16' '57.71034003876936' 'marauded']
 ['8' '78.91754479828005' 'present']
 ['10' '99.5567450537983' 'present']
 ['8' '100.39063784233858' 'present']
 ['6' '111.01510303097417' 'present']
 ['22' '122.5204133018498' 'present']
 ['2' '124.41186981900647' 'present']
 ['10' '129.7300138655791' 'present']
 ['14' '136.77917568246238' 'marauded']
 ['17' '139.85947932550272' 'presentdestroyed']
 ['5' '142.1103030577594' 'presentdestroyed']
 ['4' '155.66916261620926' 'present']
 ['16' '164.30384105206468' 'present']
 ['16' '164.3288333929798' 'present']
 ['17' '166.95742501044165' 'present']
 ['11' '173.8547097668411' 'present']
 ['22' '186.28028939622322' 'present']
 ['17' '188.1543542340381' 'marauded']
 ['10' '193.7052331133338' 'destroyed']
 ['23' '203.54530363766244' 'present']
 ['6' '209.2392449514038' 'present']
 ['21' '230.8056369918137' 'present']
 ['21' '231.4640120643625' 'present']
 ['5' '231.71789002996917' 'marauded']
 ['8' '235.2201327036613' 'destroyed']
 ['10' '235.37792646922904' 'destroyed']
 ['4' '239.16622292772004' 'present']
 ['16' '241.4096607619024' 'present']
 ['2' '252.79950310493757' 'marauded']
 ['5' '257.03116672283113' 'presentdestroyed']
 ['5' '283.10344956241244' 'present']
 ['8' '285.16986774453255' 'present']
 ['16' '314.5975712407844' 'present']
 ['2' '317.0808575726562' 'present']
 ['21' '319.61070613196364' 'present']
 ['14' '326.08487324483053' 'present']
 ['6' '336.5778646506628' 'present']
 ['8' '343.59283355444694' 'present']
 ['17' '348.9851179336278' 'present']
 ['8' '357.3815842023991' 'present']]","[['F140' '74.75914596243629' 'mated']
 ['F61' '84.39550814590717' 'mated']
 ['F0' '91.14103072966829' 'mated']
 ['F15' '102.14170840568683' 'absent']
 ['F109' '121.65622052942234' 'absent']
 ['F145' '170.986328444762' 'mated']
 ['F120' '208.24713809840608' 'mated']
 ['F101' '212.49090200461814' 'mated']
 ['F45' '224.57640169311114' 'mated']
 ['F53' '224.74593143960908' 'mated']
 ['F212' '230.33694998861742' 'absent']
 ['F168' '258.7736630276261' 'absentdestroyed']
 ['F168' '258.7840151941886' 'absentdestroyed']
 ['F162' '304.4337612954602' 'mated']
 ['F129' '352.08335750200206' 'mated']
 ['F94' '353.568235830025' 'mated']
 ['F20' '354.16613381777205' 'mated']]",100.0,300.0,568.0,70.28319921303597,14.42389147017942,1545.0,259.06308310923237,55.724487409064515,181.0,30.808793008213076,6.60195811473333,0.0,0.0,0.0,0.0,0.0,0.0
8,0.054,7,360.4871688244661,"[['11' '2.3744514701426' 'present']
 ['2' '9.03777517124435' 'present']
 ['21' '10.051246833607548' 'present']
 ['4' '10.487870213725454' 'present']
 ['4' '11.170560737308437' 'marauded']
 ['17' '11.735184371720738' 'presentdestroyed']
 ['6' '19.432555013318005' 'present']
 ['6' '22.05136761296194' 'present']
 ['4' '29.403670061481886' 'present']
 ['23' '30.014573066524935' 'marauded']
 ['11' '56.87796959449517' 'marauded']
 ['11' '61.54204453925532' 'presentdestroyed']
 ['21' '63.9272159361255' 'present']
 ['14' '64.65783730229923' 'present']
 ['6' '75.85634486433258' 'present']
 ['4' '80.32312930057051' 'present']
 ['22' '92.91448621063192' 'marauded']
 ['21' '97.28164424331007' 'presentdestroyed']
 ['16' '101.67628508047116' 'present']
 ['5' '103.59466688285251' 'present']
 ['6' '126.19919727251323' 'present']
 ['6' '132.9698887000145' 'present']
 ['11' '133.45262999554384' 'marauded']
 ['6' '142.62011800917531' 'marauded']
 ['4' '203.05471115148126' 'marauded']
 ['11' '207.05036252738185' 'presentdestroyed']
 ['22' '225.42894860318847' 'present']
 ['14' '242.97316733316924' 'present']
 ['22' '250.28615156911118' 'present']
 ['4' '261.203457153314' 'marauded']
 ['21' '271.10951083181624' 'present']
 ['5' '274.37897789925177' 'present']
 ['5' '286.9272876628628' 'present']
 ['2' '308.58143411983104' 'present']
 ['14' '319.52915260074565' 'present']
 ['22' '344.89648027714816' 'present']
 ['22' '347.28081126019754' 'present']
 ['21' '348.35551885417493' 'present']
 ['10' '351.8110767357897' 'present']]","[['F3' '23.742852263597943' 'mated']
 ['F29' '85.07282950871546' 'mated']
 ['F15' '102.14498204819232' 'absent']
 ['F146' '135.4383530746113' 'absentdestroyed']
 ['F171' '155.50912935109181' 'mated']
 ['F2' '163.32087520268493' 'mated']
 ['F79' '190.48417674586545' 'absent']
 ['F154' '193.13896877127831' 'mated']
 ['F197' '205.9238384451639' 'destroyed']
 ['F120' '208.2438644559006' 'absentdestroyed']
 ['F69' '215.36367557167543' 'mated']
 ['F49' '248.98467621210796' 'absent']
 ['F65' '333.21854611805713' 'mated']]",200.0,0.0,569.0,67.95120553653437,13.041619085245234,1441.0,240.84378754069255,50.715195352256806,279.0,48.978812686657,10.805679628357483,13.0,1.3,0.13000000000000006,100.0,0.9524414170455827,0.010223765432098773
9,0.0,5,359.96416475202864,"[['8' '1.2070685642930354' 'present']
 ['2' '2.0734449031769904' 'present']
 ['22' '3.6888198456566017' 'present']
 ['23' '30.91927329026644' 'present']
 ['22' '34.22287518097844' 'present']
 ['6' '36.89146498863582' 'present']
 ['14' '48.65419256407426' 'present']
 ['2' '57.838604460025806' 'present']
 ['17' '64.95733887160152' 'present']
 ['6' '72.07793353157152' 'present']
 ['5' '83.9184851434724' 'present']
 ['10' '88.94912733954183' 'marauded']
 ['6' '90.31311981848248' 'presentdestroyed']
 ['10' '90.86664369733542' 'presentdestroyed']
 ['2' '107.6035413608139' 'present']
 ['6' '108.42392834962531' 'present']
 ['14' '109.40763866233527' 'present']
 ['22' '122.50791713139223' 'present']
 ['8' '122.80233742334936' 'present']
 ['2' '125.20833416574581' 'present']
 ['23' '144.12776667128054' 'present']
 ['17' '145.0397472234877' 'present']
 ['17' '151.7703261928603' 'present']
 ['14' '151.81626077613276' 'present']
 ['6' '160.04824658300754' 'marauded']
 ['17' '171.02057122814614' 'present']
 ['22' '176.44893987842946' 'present']
 ['6' '177.60906223297738' 'present']
 ['17' '180.58845514645876' 'marauded']
 ['17' '187.90956723141701' 'presentdestroyed']
 ['22' '194.04354413529887' 'marauded']
 ['11' '198.57136449325586' 'presentdestroyed']
 ['17' '199.72268471080295' 'presentdestroyed']
 ['2' '200.67865512282583' 'presentdestroyed']
 ['22' '204.31183299448065' 'present']
 ['16' '205.30956067651405' 'present']
 ['2' '207.37954632040797' 'marauded']
 ['14' '214.13592591802015' 'presentdestroyed']
 ['4' '240.5114658977016' 'present']
 ['4' '241.5591688945158' 'present']
 ['5' '250.24483190291764' 'present']
 ['10' '250.419298633666' 'present']
 ['2' '252.1071059632858' 'marauded']
 ['5' '255.8541416815812' 'presentdestroyed']
 ['17' '267.06226256327153' 'present']
 ['5' '273.0294661273999' 'present']
 ['10' '277.38963963669386' 'present']
 ['11' '281.70114207237134' 'present']
 ['14' '298.9081635330089' 'present']
 ['10' '307.37784355764177' 'present']
 ['8' '308.273178465695' 'present']
 ['2' '308.59315748812327' 'present']
 ['8' '322.4960047416483' 'present']
 ['11' '339.09846445583054' 'marauded']
 ['14' '342.06063476950857' 'destroyed']]","[['F142' '28.030416718976372' 'mated']
 ['F84' '39.2985510081735' 'mated']
 ['F125' '45.508177213288874' 'absent']
 ['F191' '97.59590084626606' 'absent']
 ['F60' '133.97540453807972' 'absent']
 ['F40' '153.0790612268476' 'absent']
 ['F39' '169.19825022937425' 'absent']
 ['F154' '193.1227865842762' 'absent']
 ['F118' '193.6111341989303' 'mated']
 ['F27' '209.55591686957465' 'absentdestroyed']
 ['F90' '216.9209663332433' 'absent']
 ['F138' '268.2912396588526' 'mated']
 ['F36' '270.5362656261787' 'mated']]",200.0,100.0,563.0,70.73570484552641,14.344616359509457,1458.0,246.54052711196007,52.27052103458921,251.0,42.76981205758229,9.049953447654532,0.0,0.0,0.0,0.0,0.0,0.0
10,0.054,13,360.16174352693446,"[['8' '0.9672134757884934' 'present']
 ['23' '18.781900063278705' 'marauded']
 ['11' '20.073608443972184' 'presentdestroyed']
 ['6' '20.881095732983354' 'presentdestroyed']
 ['16' '21.927427419931217' 'presentdestroyed']
 ['23' '30.129213240877565' 'present']
 ['23' '32.208648655972056' 'present']
 ['22' '34.82908249052816' 'present']
 ['4' '39.598118711274026' 'present']
 ['11' '55.64639698238185' 'present']
 ['8' '65.00654223060273' 'present']
 ['5' '71.81347764695751' 'marauded']
 ['21' '86.92996953404689' 'present']
 ['2' '94.65679570424689' 'present']
 ['8' '110.77627137580905' 'present']
 ['11' '131.94125864801745' 'present']
 ['17' '131.99105206007303' 'present']
 ['14' '132.03723564280386' 'present']
 ['11' '135.74824619245516' 'marauded']
 ['2' '147.37834719895028' 'present']
 ['8' '154.984805052704' 'present']
 ['14' '159.2074402136311' 'present']
 ['23' '162.67805392957246' 'present']
 ['16' '168.6065856078599' 'marauded']
 ['2' '190.35154933997154' 'present']
 ['23' '210.67803761011567' 'present']
 ['16' '215.4293815589999' 'marauded']
 ['17' '217.9676916163268' 'presentdestroyed']
 ['21' '222.14260159324056' 'presentdestroyed']
 ['14' '224.41594012808622' 'present']
 ['16' '241.08008272352916' 'present']
 ['14' '254.6980605834414' 'present']
 ['16' '275.6881152660251' 'present']
 ['14' '298.51795640731785' 'present']
 ['11' '299.709846316488' 'marauded']
 ['16' '300.00315243760014' 'presentdestroyed']
 ['6' '300.7537524000845' 'presentdestroyed']
 ['2' '302.6852835280127' 'destroyed']
 ['6' '303.08434788272024' 'presentdestroyed']
 ['8' '312.40015570637144' 'present']
 ['14' '319.3512680967689' 'present']
 ['8' '320.79823458954195' 'present']
 ['6' '324.5450688694341' 'present']
 ['14' '336.2424020773393' 'present']
 ['14' '337.647209532847' 'marauded']
 ['23' '338.34453958074454' 'destroyed']
 ['16' '351.43837375497344' 'present']
 ['17' '359.8627148259803' 'present']]","[['F33' '13.996753701247581' 'mated']
 ['F89' '45.826329216242165' 'mated']
 ['F191' '97.59821566108087' 'mated']
 ['F74' '127.28125975731999' 'mated']
 ['F170' '130.4205924380251' 'mated']
 ['F52' '147.33951777636355' 'mated']
 ['F17' '151.19931274769274' 'mated']
 ['F46' '154.143021059937' 'mated']
 ['F39' '169.20056504418906' 'destroyed']
 ['F75' '209.90614492681178' 'absent']
 ['F75' '209.92328594150456' 'absent']
 ['F112' '210.03569824754715' 'mated']
 ['F90' '216.92328114805812' 'absentdestroyed']
 ['F38' '231.26226404002088' 'mated']
 ['F57' '232.14524691268497' 'mated']
 ['F8' '234.1277081061737' 'absent']
 ['F188' '312.47356169969504' 'mated']
 ['F43' '348.499511429035' 'mated']]",200.0,200.0,564.0,70.14400680943834,14.43219811500444,1450.0,245.72664497975143,51.89150337940809,249.0,42.22627583499477,9.028048682193358,12.0,1.2,0.12000000000000005,84.0,0.7278793400258675,0.00713734567901235
11,0.054,7,360.6324456783832,"[['14' '0.0032736425054932755' 'present']
 ['17' '12.07082070831805' 'marauded']
 ['5' '12.1028621584451' 'destroyed']
 ['6' '14.123639401342816' 'presentdestroyed']
 ['6' '15.17784184886604' 'presentdestroyed']
 ['6' '15.184389133877024' 'presentdestroyed']
 ['14' '16.835048835253783' 'presentdestroyed']
 ['6' '20.95955240138794' 'present']
 ['22' '24.672988425933212' 'present']
 ['6' '41.81154134166749' 'present']
 ['22' '113.68789485428142' 'present']
 ['10' '123.05925737147732' 'present']
 ['10' '125.74971513653263' 'present']
 ['14' '138.131579659379' 'present']
 ['23' '143.54969262936882' 'present']
 ['22' '160.00322078431435' 'present']
 ['5' '169.5880686841007' 'present']
 ['17' '171.2527024891134' 'present']
 ['21' '173.4995370342699' 'present']
 ['22' '197.9882087145943' 'present']
 ['23' '208.31614928514176' 'present']
 ['10' '211.3408185763296' 'present']
 ['17' '218.31044099616534' 'present']
 ['8' '238.51514051578263' 'present']
 ['2' '241.96171198350694' 'present']
 ['22' '246.65121543810477' 'marauded']
 ['8' '253.30106907998362' 'presentdestroyed']
 ['4' '259.3320422377763' 'present']
 ['16' '280.445406413837' 'present']
 ['23' '280.87719363220606' 'present']
 ['8' '295.39035504573917' 'present']
 ['8' '296.78785306169823' 'present']
 ['8' '305.97933190763297' 'marauded']
 ['10' '312.5967124941365' 'presentdestroyed']
 ['10' '336.66851550873025' 'present']
 ['5' '339.3093936424556' 'present']
 ['23' '340.9262984167579' 'marauded']
 ['4' '348.207035427417' 'destroyed']]","[['F214' '98.42618741278078' 'mated']
 ['F73' '123.05876741114409' 'mated']
 ['F194' '160.07862343086205' 'absent']
 ['F116' '181.50415696629665' 'mated']
 ['F75' '209.92560075631937' 'mated']
 ['F6' '220.06714066399184' 'mated']
 ['F156' '266.4531910208137' 'absent']
 ['F85' '299.6987029112938' 'mated']
 ['F58' '318.3423701109494' 'mated']]",200.0,300.0,574.0,70.30088223154434,13.690165622591696,1522.0,263.1969105366114,57.29277533847457,143.0,24.49383415759624,5.321230643406727,13.0,1.3,0.13000000000000006,86.0,0.7788352967026956,0.008166152263374488
12,0.0,14,360.1415081052575,"[['23' '4.342945038158087' 'present']
 ['4' '4.816908041276798' 'present']
 ['6' '26.582219707508365' 'marauded']
 ['23' '59.28648512120488' 'present']
 ['22' '74.2949875634154' 'marauded']
 ['14' '77.42019812613606' 'presentdestroyed']
 ['16' '77.59380523382387' 'presentdestroyed']
 ['23' '85.69259479431642' 'present']
 ['8' '92.50083780269969' 'marauded']
 ['10' '100.79967799099845' 'present']
 ['11' '115.357737434238' 'present']
 ['17' '121.04469545432539' 'present']
 ['21' '124.42983005630184' 'present']
 ['4' '170.39209001264416' 'present']
 ['2' '177.63677640820416' 'present']
 ['14' '188.07851229684186' 'marauded']
 ['10' '190.11359572233764' 'presentdestroyed']
 ['2' '206.92296612789244' 'marauded']
 ['8' '216.47805565961988' 'present']
 ['22' '220.1741055415557' 'present']
 ['11' '234.12082419423814' 'present']
 ['16' '240.87845423324106' 'present']
 ['4' '241.94941982423245' 'present']
 ['8' '250.40381158930006' 'present']
 ['5' '254.04601978279084' 'present']
 ['8' '270.8789365820566' 'marauded']
 ['22' '277.01084388141675' 'presentdestroyed']
 ['23' '277.15838435297854' 'destroyed']
 ['21' '290.5574397913931' 'present']
 ['23' '291.9701688933278' 'present']
 ['17' '293.2979936035886' 'present']
 ['6' '305.72492663913846' 'marauded']
 ['4' '306.92848885600716' 'presentdestroyed']
 ['17' '307.03442238072125' 'presentdestroyed']
 ['10' '321.6027750379798' 'present']
 ['22' '321.92058502542415' 'present']
 ['23' '329.1088117133517' 'present']
 ['14' '336.23545763289485' 'present']
 ['10' '346.47698723716405' 'present']
 ['17' '354.97089634331917' 'present']]","[['F125' '33.49605668556318' '']
 ['F209' '63.516706766955714' 'mated']
 ['F91' '68.44602339931672' 'mated']
 ['F47' '135.6618344112647' 'mated']
 ['F157' '152.07804714537798' 'mated']
 ['F194' '160.08189707336754' 'mated']
 ['F11' '163.81515773755842' 'mated']
 ['F150' '170.7711016863141' 'mated']
 ['F16' '174.13863442224658' 'mated']
 ['F215' '175.13772145742743' 'mated']
 ['F154' '193.1366539564635' 'absentdestroyed']
 ['F97' '207.27494992432057' 'destroyed']
 ['F158' '224.10540047903498' 'mated']
 ['F8' '234.13288418945496' 'mated']
 ['F178' '238.64013547057425' 'mated']
 ['F48' '251.675753855057' 'mated']
 ['F102' '274.87872549031954' 'destroyed']
 ['F198' '306.4676331284315' 'destroyed']
 ['F32' '340.13898105407696' 'mated']]",300.0,0.0,562.0,72.59697874703713,15.44217966625546,1447.0,244.78200688610082,52.60731297516815,248.0,42.672093256538105,9.155776728122579,0.0,0.0,0.0,0.0,0.0,0.0
13,0.0,10,360.4489428528355,"[['23' '32.22251602815936' 'present']
 ['6' '33.013038075654386' 'present']
 ['6' '37.98536207614673' 'present']
 ['17' '59.59581665907909' 'present']
 ['21' '60.892744161591246' 'present']
 ['8' '64.99863895846761' 'present']
 ['14' '69.43003336999102' 'present']
 ['5' '78.6356939739559' 'present']
 ['17' '103.12038481186414' 'present']
 ['17' '103.55846567329671' 'marauded']
 ['22' '111.54227700486159' 'presentdestroyed']
 ['4' '117.13968025311104' 'marauded']
 ['10' '120.36621149896762' 'presentdestroyed']
 ['8' '125.07003172152136' 'present']
 ['4' '130.2138476262885' 'present']
 ['5' '135.1445880079344' 'present']
 ['2' '149.44695479305182' 'marauded']
 ['17' '167.57158012984553' 'present']
 ['17' '178.7898209707402' 'present']
 ['21' '188.29056901059914' 'present']
 ['16' '205.84873505909158' 'present']
 ['10' '205.849085681076' 'present']
 ['2' '206.62755976217088' 'present']
 ['22' '207.77343862851433' 'present']
 ['14' '208.707184663155' 'present']
 ['23' '208.72668275912568' 'present']
 ['5' '212.68998686105286' 'present']
 ['4' '221.5011167483418' 'present']
 ['6' '226.446830964536' 'marauded']
 ['21' '230.39815957005916' 'destroyed']
 ['5' '240.90221583603707' 'present']
 ['11' '241.7018701727696' 'present']
 ['23' '246.55119600828797' 'marauded']
 ['14' '252.37556007153236' 'presentdestroyed']
 ['10' '262.57269857464445' 'marauded']
 ['23' '264.4387198934853' 'destroyed']
 ['10' '271.13225924189584' 'present']
 ['4' '283.1464863722435' 'present']
 ['4' '290.3007534998866' 'present']
 ['11' '291.31401316193495' 'present']
 ['23' '294.2176971931073' 'marauded']
 ['8' '299.4039508385984' 'presentdestroyed']
 ['23' '303.15560190330586' 'present']
 ['4' '313.19025140601957' 'present']
 ['6' '315.59634981158695' 'marauded']
 ['17' '320.0908267080993' 'presentdestroyed']
 ['22' '321.93230839371637' 'presentdestroyed']
 ['17' '329.4522363080953' 'present']
 ['21' '331.9488446776302' 'present']
 ['2' '342.2159770736053' 'present']
 ['22' '350.1240640325879' 'marauded']
 ['17' '351.76956972111' 'presentdestroyed']
 ['2' '353.36351837224066' 'presentdestroyed']
 ['17' '356.844204403949' 'presentdestroyed']]","[['F106' '17.796308423003058' 'mated']
 ['F68' '82.17325688014373' 'mated']
 ['F93' '99.93630296334514' 'mated']
 ['F111' '103.73257203826897' 'destroyed']
 ['F109' '121.64967324441136' 'destroyed']
 ['F86' '125.19447472693363' 'mated']
 ['F40' '153.08137604166242' 'destroyed']
 ['F78' '153.23518936558614' 'destroyed']
 ['F39' '169.20383868669455' 'absent']
 ['F27' '209.55823168438945' 'mated']
 ['F44' '214.12729153719198' 'mated']
 ['F95' '238.8452361711684' 'mated']
 ['F189' '283.99725351988445' 'absent']
 ['F149' '288.40268308361226' 'mated']
 ['F198' '306.4699479432463' 'mated']
 ['F213' '315.40030231968143' 'mated']
 ['F55' '343.51252542543244' 'absent']]",300.0,100.0,556.0,73.06969027245297,16.232052271578162,1377.0,232.05024809090835,48.99624206839224,332.0,55.05474086611758,11.650700762017495,0.0,0.0,0.0,0.0,0.0,0.0
14,0.054,10,360.7110772807901,"[['21' '7.609769254979963' 'marauded']
 ['5' '14.98233536855627' 'present']
 ['17' '21.661137912167778' 'present']
 ['17' '26.45729793105673' 'present']
 ['8' '43.886427567069816' 'present']
 ['10' '64.48229226081529' 'present']
 ['6' '72.08583680370664' 'present']
 ['17' '72.21219104763071' 'present']
 ['8' '78.1099344474022' 'present']
 ['21' '80.21265563560674' 'present']
 ['4' '81.38300957725443' 'marauded']
 ['11' '84.56126353349762' 'presentdestroyed']
 ['8' '101.03811369385667' 'marauded']
 ['11' '102.6185300373269' 'presentdestroyed']
 ['10' '106.30381516729652' 'presentdestroyed']
 ['21' '107.49662624315452' 'presentdestroyed']
 ['10' '108.00325826923435' 'presentdestroyed']
 ['16' '108.08152605077814' 'presentdestroyed']
 ['4' '115.65816245187118' 'present']
 ['5' '117.34248458505499' 'marauded']
 ['8' '153.97342152248882' 'present']
 ['16' '161.0165053341645' 'marauded']
 ['6' '176.59509658257213' 'present']
 ['21' '189.2592343656041' 'present']
 ['16' '189.70467650679078' 'present']
 ['5' '191.6023804755716' 'present']
 ['5' '194.458793847208' 'present']
 ['10' '194.65000583188586' 'present']
 ['5' '196.83023114096568' 'marauded']
 ['11' '205.30146399354865' 'present']
 ['6' '225.7671072868565' 'present']
 ['4' '229.6423892228808' 'present']
 ['22' '247.41322981840648' 'present']
 ['4' '265.18921204338943' 'present']
 ['16' '270.25245614995157' 'present']
 ['2' '278.6429828846814' 'marauded']
 ['16' '288.8315828701872' 'present']
 ['5' '289.0310517470776' 'present']
 ['21' '298.7703352209527' 'present']
 ['8' '302.2032734068412' 'present']
 ['2' '304.6217403060418' 'present']
 ['17' '321.31713567224915' 'present']
 ['23' '328.4600205016254' 'present']
 ['6' '358.1714699676829' 'present']
 ['8' '359.00254217696954' 'marauded']]","[['F125' '45.511450855794365' 'mated']
 ['F184' '53.038430464489295' 'mated']
 ['F91' '68.4348464846761' 'absent']
 ['F205' '135.04057834110228' 'mated']
 ['F17' '151.19699793287793' 'absent']
 ['F152' '151.99989814347302' 'mated']
 ['F182' '174.9794874491473' 'mated']
 ['F160' '195.68035701823942' 'mated']
 ['F122' '218.88243292262118' 'mated']
 ['F62' '220.14255261340037' 'mated']
 ['F151' '239.28281206250463' 'absent']
 ['F49' '248.9898522953892' 'mated']
 ['F163' '296.3833144975079' 'mated']]",300.0,200.0,570.0,69.8837724130751,13.569157886273304,1454.0,244.24489008042826,52.01984973726474,262.0,43.49348493050423,8.850370568081987,18.0,1.8000000000000005,0.1800000000000001,86.0,0.7746252732604921,0.00797325102880659
15,0.0,4,360.2488629389158,"[['23' '3.542877930644695' 'present']
 ['2' '7.065493099881582' 'present']
 ['23' '10.963691324165646' 'marauded']
 ['5' '16.594114501429285' 'destroyed']
 ['8' '22.663538142347157' 'present']
 ['17' '24.43668303952112' 'present']
 ['4' '31.516509838275567' 'present']
 ['11' '33.36038829010511' 'marauded']
 ['11' '48.827562144640105' 'present']
 ['5' '55.46841645553672' 'present']
 ['21' '61.94139341410522' 'present']
 ['4' '75.11386893676388' 'present']
 ['10' '82.44567586845537' 'present']
 ['22' '85.87229624760657' 'present']
 ['10' '90.87223215465572' 'present']
 ['21' '110.64528444433574' 'present']
 ['23' '113.63973483889775' 'marauded']
 ['2' '122.0759198612523' 'present']
 ['21' '123.89787920612801' 'present']
 ['22' '125.52475222129452' 'present']
 ['2' '133.92693881705793' 'present']
 ['23' '142.96018177131336' 'present']
 ['11' '143.66540473304315' 'present']
 ['23' '144.1147908581429' 'present']
 ['5' '147.3165494875328' 'present']
 ['22' '156.63238815929978' 'present']
 ['17' '161.16181798332556' 'marauded']
 ['10' '161.34539095971743' 'presentdestroyed']
 ['22' '167.31564169514385' 'destroyed']
 ['16' '168.59676468034343' 'destroyed']
 ['2' '185.593491824879' 'present']
 ['23' '185.77206498967033' 'present']
 ['6' '205.81197242165436' 'marauded']
 ['11' '206.94562802272705' 'presentdestroyed']
 ['2' '209.47078858209667' 'presentdestroyed']
 ['22' '252.6750554581764' 'present']
 ['14' '257.0869363870522' 'marauded']
 ['14' '264.0688396594647' 'presentdestroyed']
 ['23' '264.8939521466382' 'present']
 ['23' '265.99771836049206' 'present']
 ['11' '277.09837712385774' 'present']
 ['6' '281.46337775581077' 'present']
 ['5' '289.50569217982354' 'present']
 ['5' '300.68093286648394' 'present']
 ['14' '301.81300454149675' 'present']
 ['16' '304.1502101443876' 'marauded']
 ['14' '306.35292552891144' 'presentdestroyed']
 ['22' '317.29649113674446' 'present']
 ['8' '319.15409383894246' 'present']
 ['10' '328.0219136136306' 'present']
 ['11' '338.1437494342717' 'marauded']
 ['21' '341.01874999025694' 'presentdestroyed']
 ['4' '343.6685513377099' 'destroyed']
 ['11' '355.59318062107764' 'present']
 ['11' '358.5580186425377' 'present']]","[['F106' '17.79167879337343' 'destroyed']
 ['F153' '21.520045494826864' 'mated']
 ['F28' '65.92524427189237' 'mated']
 ['F39' '169.20846831632417' 'mated']
 ['F180' '220.28569821697414' 'mated']
 ['F202' '238.77422750776384' 'absent']
 ['F168' '258.7630692979443' 'destroyed']
 ['F50' '271.69475589727085' 'absent']]",300.0,300.0,571.0,69.09318874841544,13.7259944152511,1432.0,242.40007622591088,51.5103012975376,299.0,48.82903465638289,10.143539963869626,0.0,0.0,0.0,0.0,0.0,0.0
16,0.054,11,360.5149774337805,"[['23' '4.90891386383074' 'present']
 ['2' '10.553896467433473' 'present']
 ['23' '19.1640306892637' 'present']
 ['6' '25.68296956113057' 'present']
 ['5' '42.85909600539184' 'present']
 ['22' '51.67977453322589' 'present']
 ['14' '57.257421418190994' 'present']
 ['21' '58.50230959109057' 'marauded']
 ['17' '64.50281996173277' 'presentdestroyed']
 ['17' '79.41156700112049' 'marauded']
 ['14' '97.72309354075519' 'present']
 ['22' '102.05792295865166' 'present']
 ['23' '125.57601715908167' 'present']
 ['22' '126.06696942902302' 'present']
 ['21' '146.66958483587868' 'present']
 ['4' '149.6506442466875' 'present']
 ['17' '159.7789905358078' 'present']
 ['17' '168.31434069531247' 'present']
 ['6' '193.95659993690882' 'present']
 ['4' '201.52558027833405' 'present']
 ['22' '206.4472087219817' 'marauded']
 ['6' '206.92844861189866' 'destroyed']
 ['11' '212.52806103461992' 'presentdestroyed']
 ['23' '213.31602007895276' 'destroyed']
 ['8' '213.56393277548014' 'presentdestroyed']
 ['4' '214.37352075426017' 'present']
 ['4' '225.95998817791107' 'present']
 ['11' '236.97837437157517' 'present']
 ['5' '245.01569421645863' 'present']
 ['4' '247.41356514608418' 'present']
 ['14' '252.0347119502185' 'present']
 ['22' '253.83972177555592' 'present']
 ['22' '264.87815846961263' 'present']
 ['22' '276.76683152382304' 'present']
 ['10' '277.50174940279754' 'present']
 ['8' '295.3834106012947' 'present']
 ['23' '301.3306771374389' 'present']
 ['2' '305.88094634217885' 'marauded']
 ['14' '306.5299350968967' 'presentdestroyed']
 ['14' '313.12596181263365' 'presentdestroyed']
 ['14' '316.31668014694105' 'marauded']
 ['23' '328.68551804438795' 'present']
 ['17' '340.2532933231832' 'present']
 ['14' '358.8089578260851' 'present']]","[['F71' '8.821312856144125' 'mated']
 ['F147' '10.619514881287042' 'mated']
 ['F175' '124.45106786904006' 'mated']
 ['F13' '204.65180157270936' 'mated']
 ['F120' '208.23923482627097' 'destroyed']
 ['F90' '216.9298284330691' 'mated']
 ['F158' '224.10308566422017' 'absent']
 ['F63' '229.08790634650063' 'mated']
 ['F35' '231.87308679064395' 'mated']
 ['F202' '238.77750115026933' 'mated']
 ['F195' '257.71775445262887' 'mated']
 ['F98' '282.1989037451613' 'mated']
 ['F207' '301.3484601685205' 'mated']]",400.0,0.0,555.0,70.42405506011616,14.604665838238335,1542.0,256.93637090096024,54.7909529982741,193.0,30.57522507801023,6.183564859609703,15.0,1.5000000000000002,0.15000000000000008,92.0,0.8515041555038901,0.00919495884773663
17,0.054,11,360.0142632715952,"[['21' '12.752940566378875' 'marauded']
 ['11' '22.370846645719926' 'present']
 ['14' '26.722727924505055' 'present']
 ['23' '28.92123771860468' 'marauded']
 ['10' '31.90171290729583' 'presentdestroyed']
 ['16' '37.84098524130745' 'marauded']
 ['2' '49.81676454800623' 'marauded']
 ['21' '51.19250487632685' 'presentdestroyed']
 ['22' '64.17297121033181' 'present']
 ['5' '72.43240310547843' 'present']
 ['5' '84.54584452039872' 'present']
 ['6' '92.9192744505866' 'marauded']
 ['21' '93.65484160334476' 'presentdestroyed']
 ['5' '99.4601669490709' 'presentdestroyed']
 ['8' '118.78722269310022' 'present']
 ['14' '125.16553943933489' 'present']
 ['14' '129.35192154379186' 'present']
 ['16' '149.2161091339094' 'present']
 ['10' '156.71821468815625' 'present']
 ['21' '169.0786414901149' 'present']
 ['22' '181.72357890370282' 'present']
 ['22' '183.5662342314326' 'present']
 ['2' '187.22622406353196' 'present']
 ['11' '189.1429598797096' 'present']
 ['5' '218.3881088201703' 'present']
 ['21' '232.81007101086806' 'present']
 ['2' '238.11910228374157' 'present']
 ['8' '240.23264983894393' 'present']
 ['23' '248.4257666374834' 'marauded']
 ['5' '253.13036525855696' 'presentdestroyed']
 ['14' '253.8121828765777' 'presentdestroyed']
 ['21' '267.6916590572952' 'present']
 ['5' '285.7982863096704' 'present']
 ['5' '295.13927119138276' 'present']
 ['10' '299.28802045771516' 'marauded']
 ['10' '310.89812466844427' 'marauded']
 ['21' '314.2954840174474' 'presentdestroyed']
 ['21' '317.77254650902984' 'presentdestroyed']
 ['8' '319.1456441131557' 'present']
 ['22' '324.23378264490947' 'present']
 ['16' '331.54150931122524' 'marauded']
 ['2' '342.4015312773083' 'present']
 ['14' '355.92939734215986' 'present']]","[['F211' '114.59344506514805' 'mated']
 ['F113' '116.18188490404908' 'mated']
 ['F78' '153.23750418040095' 'mated']
 ['F82' '155.32671492946406' 'mated']
 ['F24' '168.74234363755866' 'absent']
 ['F12' '180.28040730743635' 'absent']
 ['F97' '207.27822356682606' 'mated']
 ['F199' '218.07237676353438' 'mated']
 ['F156' '266.45973830582466' 'mated']
 ['F168' '270.79236137769664' 'mated']
 ['F181' '290.60935830843965' 'mated']
 ['F85' '299.69215562628284' 'destroyed']
 ['F65' '333.2133700347759' 'destroyed']
 ['F55' '343.52502159589' 'mated']
 ['F108' '345.1931318028541' 'mated']]",400.0,100.0,553.0,72.80305489489146,15.758204889790873,1356.0,230.19457794815867,50.01669614879598,321.0,55.108549540020256,11.922793259745083,15.0,1.5000000000000002,0.15000000000000008,79.0,0.7128617781810437,0.007523148148148154
18,0.0,12,360.2553494902017,"[['8' '1.098206464467234' 'marauded']
 ['22' '4.253921099474623' 'presentdestroyed']
 ['2' '14.148873184813729' 'present']
 ['22' '19.347795335426966' 'present']
 ['8' '19.410043585820166' 'present']
 ['11' '29.995365927020735' 'present']
 ['10' '50.8177762749217' 'present']
 ['8' '56.553453255055736' 'present']
 ['21' '64.83172608420689' 'present']
 ['8' '69.29332621062655' 'present']
 ['11' '71.55852539748406' 'present']
 ['6' '80.40617517280258' 'marauded']
 ['22' '83.18593130207469' 'presentdestroyed']
 ['8' '85.62859829245573' 'presentdestroyed']
 ['17' '91.1081907658369' 'marauded']
 ['2' '92.34980246489245' 'presentdestroyed']
 ['22' '109.45833708375125' 'present']
 ['17' '112.28648692379424' 'marauded']
 ['5' '117.22169552636944' 'presentdestroyed']
 ['16' '120.73975116539404' 'present']
 ['11' '123.62892403125198' 'present']
 ['23' '168.62101760992718' 'marauded']
 ['14' '191.69745804953845' 'present']
 ['11' '194.50664465228903' 'present']
 ['22' '197.78017808452387' 'present']
 ['16' '214.96837396413827' 'present']
 ['22' '216.45919380317312' 'present']
 ['23' '217.0612571758688' 'present']
 ['10' '238.01043115825274' 'present']
 ['22' '240.30778942285582' 'present']
 ['6' '240.47856552593495' 'marauded']
 ['22' '250.1485205585451' 'present']
 ['4' '252.72073149676726' 'present']
 ['14' '255.7484954518839' 'present']
 ['17' '257.44308155590505' 'marauded']
 ['17' '258.4059053316808' 'destroyed']
 ['21' '271.0989171021344' 'present']
 ['10' '274.07515657038556' 'marauded']
 ['10' '277.3995936105262' 'presentdestroyed']
 ['10' '284.0660153138574' 'present']
 ['8' '287.8723170063073' 'present']
 ['16' '289.7557047296764' 'present']
 ['17' '299.07959681919857' 'present']
 ['6' '300.7630116593438' 'present']
 ['14' '301.1414653355794' 'present']
 ['10' '315.22161999865386' 'present']
 ['11' '315.9190327634529' 'present']
 ['21' '316.1671511495379' 'present']
 ['6' '325.3271553566086' 'marauded']
 ['2' '327.8694970808261' 'presentdestroyed']
 ['11' '333.1050918984233' 'marauded']
 ['21' '334.7436735395645' 'presentdestroyed']
 ['10' '351.82033599504894' 'present']
 ['2' '359.0484765777289' 'marauded']]","[['F88' '46.59599600262192' 'mated']
 ['F4' '52.017100369769196' 'mated']
 ['F173' '126.13254060080723' 'mated']
 ['F24' '168.74465845237347' 'destroyed']
 ['F16' '174.13345833896534' 'absentdestroyed']
 ['F12' '180.27809249262154' 'absent']
 ['F143' '181.46642446545223' 'mated']
 ['F155' '182.23979002629648' 'mated']
 ['F99' '184.40998102925258' 'mated']
 ['F201' '185.05864384265377' 'mated']
 ['F76' '203.81638294670796' 'mated']
 ['F133' '218.2248510825711' 'mated']
 ['F122' '218.88011810780637' 'absent']
 ['F18' '228.21467433130925' 'mated']
 ['F168' '258.7663429404498' 'destroyed']
 ['F26' '268.15898024833956' 'absent']
 ['F102' '274.8885312032304' 'destroyed']
 ['F192' '296.18382436270093' 'mated']
 ['F22' '298.6797583291978' 'mated']
 ['F5' '333.7354380186566' 'destroyed']]",400.0,200.0,556.0,68.74892519303272,14.055213202025028,1358.0,228.942564462642,48.30358037261608,344.0,62.33973146208496,13.899851029429001,0.0,0.0,0.0,0.0,0.0,0.0
19,0.0,8,360.13569354091175,"[['10' '3.47437170607988' 'marauded']
 ['17' '11.625205700062411' 'present']
 ['14' '16.667687635008924' 'present']
 ['16' '24.17987713370531' 'present']
 ['21' '27.007434040985423' 'present']
 ['6' '27.974678107651567' 'present']
 ['22' '30.16967414289309' 'present']
 ['14' '41.29947843479431' 'marauded']
 ['11' '41.41399507934406' 'presentdestroyed']
 ['6' '45.19922206096492' 'presentdestroyed']
 ['11' '49.91545489856811' 'present']
 ['16' '57.19739737934847' 'present']
 ['2' '71.12816125767965' 'present']
 ['17' '83.3615222954627' 'marauded']
 ['21' '94.79165787953983' 'present']
 ['16' '108.47014019637662' 'marauded']
 ['4' '118.93598709034436' 'present']
 ['11' '119.30193947447437' 'present']
 ['8' '123.77903705092383' 'present']
 ['16' '128.7693682416369' 'marauded']
 ['23' '129.2102549496907' 'presentdestroyed']
 ['10' '134.12499716902022' 'presentdestroyed']
 ['17' '136.93445784022782' 'present']
 ['17' '137.45835857455774' 'present']
 ['16' '156.8178382104476' 'present']
 ['16' '158.41770855881455' 'present']
 ['22' '163.87884787486752' 'present']
 ['2' '184.12556971977867' 'present']
 ['2' '184.3668448105349' 'present']
 ['22' '187.27122277808806' 'marauded']
 ['23' '193.78681708635233' 'presentdestroyed']
 ['10' '198.81533390407458' 'present']
 ['11' '202.32065238263453' 'present']
 ['21' '208.1120649232937' 'present']
 ['10' '231.78225366201792' 'marauded']
 ['5' '240.024889848535' 'present']
 ['4' '242.21046581870434' 'present']
 ['16' '248.63968782989096' 'present']
 ['4' '250.3947913352913' 'present']
 ['21' '267.6991499553913' 'present']
 ['23' '278.17275154096905' 'marauded']
 ['23' '278.27738117059874' 'destroyed']
 ['8' '280.0586506616301' 'destroyed']
 ['16' '289.76264917412084' 'present']
 ['8' '298.54856131661825' 'present']
 ['14' '303.4287671945862' 'present']
 ['2' '308.5697107515388' 'present']
 ['16' '314.83899586684225' 'present']
 ['2' '318.48783435535637' 'marauded']
 ['8' '321.58097070119067' 'presentdestroyed']
 ['22' '324.39338959360146' 'presentdestroyed']
 ['11' '328.51895097375944' 'present']
 ['16' '331.3952932924705' 'present']
 ['22' '347.2924310862111' 'present']]","[['F131' '95.43695642436232' 'mated']
 ['F15' '102.13476396124238' 'absent']
 ['F144' '102.7378818613757' 'mated']
 ['F25' '104.02686411675155' 'mated']
 ['F193' '125.07567586012738' 'mated']
 ['F170' '130.41541635474385' 'absentdestroyed']
 ['F186' '174.22795034731215' 'mated']
 ['F130' '176.8264315113412' 'absent']
 ['F79' '190.4893528291467' 'absentdestroyed']
 ['F13' '204.64948675789455' 'absent']
 ['F137' '223.4774010702024' 'mated']
 ['F202' '238.77191269294903' 'absentdestroyed']
 ['F151' '239.27953841999914' 'destroyed']
 ['F59' '261.04418613500326' 'mated']
 ['F136' '263.35305914526117' 'mated']]",400.0,300.0,565.0,76.68400765174258,18.726165946925924,1367.0,228.06975227642593,48.17586639002353,339.0,55.282805871779814,11.389257855632778,0.0,0.0,0.0,0.0,0.0,0.0
20,0.0,11,360.3764721370833,"[['22' '18.829498675502517' 'present']
 ['16' '29.575025238259297' 'marauded']
 ['6' '30.345114194289515' 'presentdestroyed']
 ['22' '35.81854646788048' 'presentdestroyed']
 ['6' '58.39290788410368' 'present']
 ['14' '68.55370366962917' 'present']
 ['6' '107.72224200348435' 'present']
 ['16' '122.80534225701807' 'present']
 ['16' '141.2252656177481' 'present']
 ['16' '154.6116133809136' 'marauded']
 ['4' '176.15021479188914' 'present']
 ['16' '184.5663493130246' 'present']
 ['16' '193.87204250992735' 'present']
 ['17' '197.05949020386532' 'marauded']
 ['22' '202.20311240313225' 'presentdestroyed']
 ['11' '212.51556486416237' 'present']
 ['21' '213.5459434019542' 'present']
 ['14' '216.62591211812844' 'marauded']
 ['22' '217.32140833263097' 'presentdestroyed']
 ['8' '258.1829616547647' 'present']
 ['4' '274.47236529091964' 'marauded']
 ['22' '278.45148790262994' 'presentdestroyed']
 ['22' '309.21722142213684' 'present']
 ['21' '316.8620366250458' 'present']
 ['23' '322.4845742459716' 'present']
 ['4' '328.1726437730947' 'marauded']
 ['2' '336.9465451078983' 'present']
 ['4' '343.0414810939588' 'present']
 ['23' '348.85671492367106' 'present']]","[['F125' '33.491427055933556' 'destroyed']
 ['F124' '65.63501643978132' 'mated']
 ['F127' '105.01664491989526' 'mated']
 ['F161' '141.36400751704244' 'absent']
 ['F40' '153.09023814148821' 'mated']
 ['F132' '162.08080799973996' '']
 ['F67' '169.65222177191976' 'mated']
 ['F215' '175.1330918277978' 'absent']
 ['F100' '176.77177726099185' 'mated']
 ['F37' '187.47128823652636' 'mated']
 ['F23' '199.20224129205027' 'absentdestroyed']
 ['F199' '218.0691031210289' 'absentdestroyed']
 ['F80' '243.85956816190543' 'mated']
 ['F168' '258.77883911090737' 'absent']
 ['F26' '268.1641563316208' 'mated']
 ['F177' '273.1691717388022' 'mated']
 ['F102' '274.88335511994916' 'destroyed']
 ['F10' '298.36043646026235' 'mated']
 ['F139' '352.03849301448116' 'mated']]",500.0,0.0,572.0,70.0316857059739,13.967280165425258,1485.0,253.5923845276448,54.52127694115049,221.0,36.53083584007269,7.704542570298602,0.0,0.0,0.0,0.0,0.0,0.0
21,0.054,10,360.2344293491176,"[['6' '18.5882310644809' 'present']
 ['16' '22.967171516125642' 'present']
 ['14' '28.673602635205604' 'marauded']
 ['6' '38.35688125447467' 'present']
 ['14' '43.2222654199601' 'marauded']
 ['2' '49.06752539671515' 'presentdestroyed']
 ['16' '68.4903892321602' 'present']
 ['17' '70.93301526774256' 'present']
 ['22' '74.1212016153554' 'present']
 ['2' '86.49983318802788' 'present']
 ['23' '89.43100064184027' 'present']
 ['14' '90.36414361792336' 'present']
 ['14' '93.70351546669629' 'present']
 ['16' '97.50464621386674' 'present']
 ['11' '100.86729094552018' 'present']
 ['16' '107.32405367922652' 'present']
 ['11' '108.17374968016846' 'present']
 ['2' '120.13342911062938' 'present']
 ['2' '132.51914789176084' 'present']
 ['22' '136.34392885016953' 'present']
 ['16' '138.95973592341974' 'present']
 ['14' '140.19813082766274' 'present']
 ['11' '151.25995962110053' 'present']
 ['8' '167.2539490031536' 'present']
 ['23' '176.6514791699747' 'present']
 ['22' '180.68062729954764' 'marauded']
 ['10' '196.12741135416493' 'present']
 ['22' '200.4431274353932' 'present']
 ['16' '204.35074275341233' 'present']
 ['2' '211.86686990105864' 'present']
 ['11' '213.04841957466903' 'present']
 ['6' '251.95528487900137' 'present']
 ['5' '255.1033070682618' 'present']
 ['23' '266.2057926354553' 'present']
 ['8' '270.7785571056275' 'present']
 ['2' '270.8105662380142' 'present']
 ['8' '271.97309616792546' 'present']
 ['4' '272.09401863714334' 'marauded']
 ['16' '299.2602255361959' 'present']
 ['11' '300.3463064345782' 'marauded']
 ['16' '304.14366285937655' 'presentdestroyed']
 ['22' '311.39597113516663' 'present']
 ['8' '311.96112718448325' 'present']
 ['10' '321.5902788675223' 'present']
 ['16' '335.75027029796564' 'present']
 ['16' '354.04586025855184' 'present']]","[['F204' '32.74399742508468' 'destroyed']
 ['F125' '33.48162134302268' 'destroyed']
 ['F125' '33.50123276884443' 'destroyed']
 ['F210' '71.60905849084106' 'mated']
 ['F14' '103.6899483660696' 'mated']
 ['F111' '103.7372016678986' 'mated']
 ['F104' '122.89364032216085' 'mated']
 ['F196' '162.5649884947122' 'mated']
 ['F206' '165.5949201224637' 'mated']
 ['F12' '180.28272212225116' 'mated']
 ['F110' '243.53058965686526' 'mated']
 ['F135' '268.64258274188126' 'mated']
 ['F198' '306.46245704515024' 'absentdestroyed']
 ['F96' '357.0725486729412' 'mated']]",500.0,100.0,568.0,66.71779644921384,12.887988219808268,1523.0,261.29699704645634,57.22873469753224,177.0,30.553631167119036,6.746403139236061,8.0,0.7999999999999999,0.08000000000000002,82.0,0.7232981808719402,0.007330246913580252
22,0.054,11,360.38969929748254,"[['14' '24.064633318994446' 'present']
 ['10' '37.42619321012377' 'present']
 ['6' '37.995167789057604' 'present']
 ['16' '42.6940134485353' 'present']
 ['5' '47.21659366175352' 'present']
 ['21' '65.89105044445101' 'present']
 ['16' '66.39557109106633' 'present']
 ['21' '78.85259566217809' 'present']
 ['6' '81.77961015792815' 'present']
 ['11' '83.52367173158274' 'present']
 ['21' '99.4254101540076' 'present']
 ['8' '111.80042086094821' 'present']
 ['16' '121.21754840718896' 'present']
 ['5' '123.62334521565457' 'present']
 ['11' '125.92660840652447' 'present']
 ['21' '129.6860909607351' 'present']
 ['2' '145.28244518828308' 'marauded']
 ['2' '149.09313793581984' 'presentdestroyed']
 ['16' '164.31633722252224' 'present']
 ['6' '168.14056835591452' 'present']
 ['8' '174.13793031701255' 'present']
 ['17' '198.76236194453546' 'present']
 ['10' '203.24863724934585' 'present']
 ['2' '220.36610601768282' 'present']
 ['17' '222.86358606998843' 'present']
 ['21' '224.84257568219738' 'present']
 ['8' '229.08293599350552' 'marauded']
 ['14' '238.14439105325988' 'present']
 ['17' '246.20620428865482' 'present']
 ['21' '246.92098987975348' 'present']
 ['2' '249.2276722214895' 'present']
 ['8' '251.08780846154056' 'present']
 ['21' '251.3537042722316' 'present']
 ['10' '272.18353805372954' 'present']
 ['16' '291.1985151420444' 'marauded']
 ['10' '295.92332350280674' 'presentdestroyed']
 ['16' '300.25210050489505' 'marauded']
 ['23' '305.5157504956948' 'destroyed']
 ['6' '320.4381817333356' 'present']
 ['23' '324.5418931634755' 'present']
 ['17' '329.9458217473813' 'present']
 ['17' '329.9523690323923' 'present']
 ['23' '349.5582341320173' 'present']
 ['8' '356.1314755519127' 'marauded']
 ['16' '358.14541426015785' 'presentdestroyed']
 ['6' '358.1622107084237' 'presentdestroyed']]","[['F70' '41.091674396651015' 'mated']
 ['F4' '52.01478555495438' 'absent']
 ['F109' '121.6613966127036' 'mated']
 ['F7' '142.8905928310651' 'mated']
 ['F11' '163.80861045254744' 'absent']
 ['F130' '176.8297051538467' 'mated']
 ['F154' '193.13010667145252' 'absent']
 ['F148' '200.11341347651896' 'mated']
 ['F172' '205.13515305085548' 'mated']
 ['F107' '238.10650425032625' 'mated']
 ['F31' '240.1484620125607' 'mated']
 ['F102' '274.89084601804524' 'mated']
 ['F81' '279.8823817351163' 'mated']
 ['F165' '282.711674287489' 'mated']]",500.0,200.0,563.0,74.77404121444619,15.915095121201164,1498.0,255.48496458845517,55.23467931093971,166.0,26.980765864162215,5.626097161123034,18.0,1.8000000000000005,0.1800000000000001,108.0,0.9971866881815942,0.010609567901234575
23,0.054,11,360.1387210377002,"[['4' '20.645598856223337' 'present']
 ['16' '39.09121198522983' 'present']
 ['10' '40.517832208836445' 'present']
 ['14' '42.87983509621777' 'marauded']
 ['2' '67.80830380432987' 'present']
 ['4' '68.54271712220832' 'present']
 ['16' '68.6117173240695' 'present']
 ['5' '72.91343262129837' 'marauded']
 ['8' '81.17063961114333' 'present']
 ['2' '86.4932859030169' 'present']
 ['21' '110.21275073855355' 'present']
 ['6' '111.64777748223509' 'present']
 ['6' '114.2671700149201' 'present']
 ['2' '119.444636491262' 'present']
 ['21' '126.37300880901233' 'present']
 ['4' '126.4289534133905' 'present']
 ['8' '127.91352797526308' 'present']
 ['17' '130.34103824252384' 'marauded']
 ['16' '134.15134475440632' 'destroyed']
 ['21' '137.10445994676212' 'presentdestroyed']
 ['17' '137.44855286164687' 'presentdestroyed']
 ['11' '148.82790533449622' 'present']
 ['2' '149.33636106337002' 'marauded']
 ['4' '153.3109509840831' 'destroyed']
 ['10' '153.7080932659837' 'presentdestroyed']
 ['17' '168.7409206415852' 'marauded']
 ['8' '172.21953129880785' 'destroyed']
 ['4' '172.39644477505277' 'presentdestroyed']
 ['16' '175.9745123580835' 'presentdestroyed']
 ['21' '194.41949197568948' 'present']
 ['10' '197.54374616264684' 'present']
 ['4' '199.66286576097463' 'present']
 ['11' '207.52539416546296' 'present']
 ['11' '207.9871350426091' 'present']
 ['22' '210.37066794470525' 'present']
 ['4' '225.50797365921665' 'marauded']
 ['5' '227.52358205017032' 'presentdestroyed']
 ['14' '228.81426299639296' 'presentdestroyed']
 ['10' '234.0453372469939' 'marauded']
 ['11' '239.2034154409982' 'presentdestroyed']
 ['5' '240.039783317054' 'presentdestroyed']
 ['2' '241.30291875354408' 'destroyed']
 ['14' '250.33716155212255' 'marauded']
 ['21' '252.35998410510734' 'presentdestroyed']
 ['16' '253.1616298324282' 'destroyed']
 ['4' '266.932356559255' 'present']
 ['22' '267.5939810652091' 'marauded']
 ['11' '278.90379522036267' 'present']
 ['11' '281.3887743366387' 'present']
 ['16' '294.7934572466968' 'present']
 ['4' '308.90259019234264' 'marauded']
 ['21' '313.33964910818423' 'presentdestroyed']
 ['16' '314.39702597277835' 'presentdestroyed']
 ['2' '331.0216455860881' 'present']
 ['22' '340.22122537877476' 'present']
 ['22' '342.82458562099765' 'present']
 ['21' '351.5825651220741' 'present']
 ['5' '352.49130704667647' 'present']
 ['8' '356.3095217145763' 'present']]","[['F179' '11.907277634392438' 'mated']
 ['F77' '82.86618880475959' 'mated']
 ['F34' '91.64307146605614' 'absent']
 ['F121' '107.00091888457139' 'mated']
 ['F141' '111.76615331442397' 'mated']
 ['F40' '153.0879233266734' 'absentdestroyed']
 ['F132' '162.08312281455477' 'mated']
 ['F24' '168.73716755427742' 'absent']
 ['F176' '178.2282036862434' 'mated']
 ['F174' '184.74889575634415' 'mated']
 ['F75' '209.9134650139881' 'absent']
 ['F51' '213.45287949551334' 'mated']
 ['F135' '268.6360354568702' 'destroyed']
 ['F72' '276.755535285239' 'mated']
 ['F166' '289.2401723506373' 'absent']
 ['F42' '306.29737228024754' 'mated']
 ['F5' '333.7475585463823' 'mated']]",500.0,300.0,562.0,69.06880716310535,14.80636585621785,1353.0,227.73300621387398,48.6978750048752,368.0,60.820695283007694,12.740218083449285,16.0,1.6000000000000003,0.1600000000000001,86.0,0.8340456534509881,0.008959190672153639
