id,probability_maraud,successful_mating,next_foraging_time,mar_attempts,mate_attempts,x_pos,y_pos,foraging_events,foraging_hrs,foraging_sqhrs,staying_events,staying_hrs,staying_sqhrs,repairing_events,repairing_hrs,repairing_sqhrs,marauding_events,marauding_hrs,marauding_sqhrs,traveling_events,traveling_hrs,traveling_sqhrs
0,0.054,13,360.6807492937489,"[['8' '0.5259088191865888' 'present']
 ['21' '1.6921584998648134' 'present']
 ['12' '14.053073370854515' 'marauded']
 ['4' '14.24282028556856' 'presentdestroyed']
 ['4' '14.67900762174599' 'presentdestroyed']
 ['12' '14.83273298485417' 'presentdestroyed']
 ['9' '25.157982318123423' 'present']
 ['4' '38.20203750177322' 'marauded']
 ['4' '54.4291057605682' 'present']
 ['21' '55.46126790451317' 'present']
 ['21' '65.67706230345266' 'present']
 ['21' '66.36044103688825' 'marauded']
 ['21' '66.51818986459202' 'presentdestroyed']
 ['4' '72.50772833500578' 'presentdestroyed']
 ['21' '76.08357030378487' 'present']
 ['21' '79.8608042334166' 'marauded']
 ['21' '84.68522637493832' 'presentdestroyed']
 ['12' '97.74651005854999' 'present']
 ['4' '105.24588890096899' 'present']
 ['4' '116.28383556366637' 'present']
 ['12' '118.2007642319163' 'present']
 ['12' '118.22391238006445' 'present']
 ['4' '125.52986992927868' 'present']
 ['4' '127.05022932932701' 'present']
 ['21' '127.45684811944021' 'present']
 ['21' '130.6709977877162' 'present']
 ['21' '131.54763748177385' 'present']
 ['4' '132.01024258460365' 'present']
 ['4' '141.15168947296212' 'present']
 ['4' '150.9827521929197' 'present']
 ['4' '154.22417888028906' 'present']
 ['21' '154.650369083894' 'present']
 ['4' '166.3386656898479' 'present']
 ['9' '171.50623711459303' 'marauded']
 ['4' '189.87028786757773' 'present']
 ['9' '190.5105614701045' 'present']
 ['12' '193.72592818540474' 'present']
 ['21' '194.10737198345316' 'present']
 ['12' '204.88553430735462' 'present']
 ['21' '205.53830344112612' 'present']
 ['21' '222.40166116306003' 'present']
 ['21' '232.39663048887945' 'present']
 ['21' '232.82224592343232' 'marauded']
 ['21' '233.9006287990047' 'presentdestroyed']
 ['8' '237.2171749584777' 'presentdestroyed']
 ['18' '237.26209453670916' 'presentdestroyed']
 ['12' '249.3624298682591' 'present']
 ['21' '251.82728231350129' 'present']
 ['9' '253.60829144261285' 'present']
 ['21' '255.18512111179993' 'marauded']
 ['21' '258.88049232768645' 'presentdestroyed']
 ['21' '260.3881666152079' 'presentdestroyed']
 ['4' '261.525379459428' 'destroyed']
 ['12' '264.33816791130545' 'present']
 ['12' '266.26364559791176' 'marauded']
 ['21' '270.34715708797785' 'presentdestroyed']
 ['12' '285.6218975918102' 'present']
 ['4' '293.36304262109604' 'present']
 ['9' '293.52886154851126' 'present']
 ['9' '307.46695805003037' 'present']
 ['21' '310.49265278192286' 'present']
 ['12' '313.5001734388922' 'marauded']
 ['21' '320.66409126360816' 'presentdestroyed']
 ['12' '335.78789585065545' 'present']
 ['4' '336.6802874740473' 'present']
 ['12' '339.0510695571946' 'present']
 ['18' '340.0588872928039' 'marauded']
 ['4' '351.4057277702471' 'present']
 ['21' '354.91357542275216' 'marauded']
 ['21' '359.14171236295726' 'destroyed']]","[['F1' '39.325005257793315' 'destroyed']
 ['F83' '112.56759779432376' 'absent']
 ['F85' '114.85510596150867' 'absent']
 ['F79' '126.16327130722154' 'mated']
 ['F200' '137.95258391300266' 'mated']
 ['F20' '144.3231632264759' 'mated']
 ['F185' '154.8692059930089' 'mated']
 ['F16' '184.38084391059607' 'mated']
 ['F62' '215.35365967119833' 'absent']
 ['F62' '215.37680781934648' 'absent']
 ['F142' '221.44345615434233' 'mated']
 ['F198' '221.87983903192844' 'mated']
 ['F110' '224.4503184503081' 'mated']
 ['F84' '232.3996815197916' 'mated']
 ['F156' '232.54540758029106' 'mated']
 ['F65' '236.50468196346873' 'destroyed']
 ['F65' '236.52783011161688' 'destroyed']
 ['F108' '238.9684113650829' 'destroyed']
 ['F214' '260.1022782529359' 'destroyed']
 ['F126' '299.4159470639088' 'mated']
 ['F174' '307.6301397443442' 'absent']
 ['F119' '326.36663240603565' 'mated']
 ['F163' '333.6941110601936' 'mated']]",0.0,0.0,566.0,71.2735158773011,14.588305259853081,1300.0,220.9958064972469,47.23527438560198,373.0,65.3694209685761,14.121850141701103,8.0,0.7999999999999999,0.08000000000000002,59.0,1.649946725413018,0.05144032921810694
1,0.0,6,359.8636097258507,"[['3' '109.65204849148788' 'marauded']
 ['0' '137.24567320034336' 'present']]","[['F26' '44.53488548423904' 'absent']
 ['F181' '79.44775557794895' 'mated']
 ['F68' '125.30854967698559' 'mated']
 ['F15' '138.02964612156347' 'mated']
 ['F141' '159.03458591952992' 'mated']
 ['F183' '164.20595747637094' 'mated']
 ['F98' '184.8433215330725' 'mated']
 ['F22' '300.15316963809556' 'absent']]",0.0,500.0,562.0,68.22660754697976,12.852817245444875,1723.0,285.78499777228035,59.94739433555706,31.0,6.049023348298091,1.4008284338714814,0.0,0.0,0.0,0.0,0.0,0.0
2,0.0,5,360.17011952040076,"[['3' '0.960625689759149' 'present']
 ['3' '24.157398262829442' 'marauded']
 ['3' '44.873473799720465' 'present']
 ['3' '58.73782703836227' 'present']
 ['3' '63.93432662079549' 'present']
 ['3' '73.92941616950925' 'present']
 ['3' '91.90344589406907' 'present']
 ['3' '99.852521671832' 'present']
 ['3' '100.69565720316663' 'present']
 ['3' '148.09470013526354' 'present']
 ['3' '152.08648530672272' 'present']
 ['3' '156.41385069786764' 'present']
 ['3' '186.47556056864298' 'present']
 ['3' '204.62785781645636' 'present']
 ['3' '216.37851355868273' 'marauded']
 ['3' '227.00357391071154' 'present']
 ['3' '241.41002694453618' 'present']
 ['3' '252.4850390543869' 'marauded']
 ['3' '253.30126844837588' 'presentdestroyed']
 ['3' '267.3931101075873' 'present']
 ['3' '276.4256840654936' 'present']
 ['3' '287.3562270034909' 'present']
 ['3' '292.1943399078685' 'present']]","[['F5' '198.08374775799308' 'mated']
 ['F194' '240.85589517710181' 'mated']
 ['F164' '252.24090641240218' 'mated']
 ['F125' '265.99945475891025' 'absent']
 ['F125' '266.0226029070584' 'mated']
 ['F196' '297.36699822060666' 'mated']]",0.0,1000.0,565.0,68.08830650699065,14.293886564579882,1595.0,273.59916747811184,59.0222314225848,98.0,18.33402312247356,4.329296526622875,0.0,0.0,0.0,0.0,0.0,0.0
3,0.054,6,360.4566835193666,"[['9' '10.557431681293485' 'marauded']
 ['21' '29.399420643691005' 'present']
 ['9' '34.43074795921254' 'present']
 ['21' '45.04769661163771' 'present']
 ['21' '54.26345154627021' 'present']
 ['21' '60.67481050752054' 'present']
 ['9' '62.78474092902973' 'present']
 ['21' '92.0118515992097' 'present']
 ['9' '93.9171749244266' 'present']
 ['21' '130.00823679255657' 'present']
 ['21' '146.56990655647758' 'present']
 ['9' '157.11532063005458' 'marauded']
 ['9' '157.93066779268636' 'destroyed']
 ['21' '164.72692224113823' 'marauded']
 ['9' '167.65678363617624' 'destroyed']
 ['0' '182.63904878488844' 'present']
 ['21' '206.7388614193784' 'present']
 ['9' '216.4909839753635' 'present']
 ['21' '218.95820145584284' 'present']
 ['21' '228.126859549504' 'present']
 ['21' '231.72581767053506' 'present']
 ['21' '232.3734823407313' 'present']
 ['9' '259.7466441125208' 'marauded']
 ['21' '266.28899929404406' 'presentdestroyed']
 ['21' '271.05604052098624' 'present']
 ['21' '272.676137155019' 'present']
 ['9' '289.28236630311613' 'present']
 ['9' '309.24956280755634' 'present']
 ['21' '310.2093599475886' 'present']
 ['9' '312.9595200084837' 'present']
 ['21' '320.9843431640951' 'present']
 ['21' '323.1055638324567' 'present']
 ['21' '343.66302722302413' 'marauded']
 ['21' '345.67344350773885' 'destroyed']]","[['F19' '91.04930100817738' 'mated']
 ['F2' '93.76964341197638' 'mated']
 ['F14' '107.08040688724981' 'mated']
 ['F75' '136.54974503105984' 'mated']
 ['F207' '156.19184542205957' 'mated']
 ['F95' '163.08742319945472' 'destroyed']
 ['F43' '258.44757026439356' 'mated']
 ['F214' '260.07913010478774' 'destroyed']
 ['F125' '265.98788068483617' 'absentdestroyed']
 ['F125' '266.0110288329843' 'destroyed']
 ['F51' '340.49161894289085' 'absent']]",0.0,1500.0,565.0,66.28447912086385,13.124629388861601,1583.0,259.19616249377634,53.6493040698342,181.0,30.522017594609547,6.262616257795703,15.0,1.5000000000000002,0.15000000000000008,98.0,2.6387147032398484,0.07608882030178322
4,0.054,13,359.93418175870244,"[['9' '29.481968189654296' 'present']
 ['9' '31.355370888645094' 'present']
 ['9' '84.9580815386199' 'marauded']
 ['18' '151.08776704339815' 'present']
 ['9' '168.36500483152162' 'present']
 ['0' '180.4531345179234' 'present']
 ['0' '207.24599287245505' 'present']
 ['18' '225.52345700933836' 'present']
 ['9' '230.9752134074684' 'marauded']
 ['0' '253.95425096701052' 'marauded']
 ['9' '289.00017317378115' 'present']
 ['0' '305.0585565616182' 'marauded']
 ['0' '313.12046934755705' 'present']
 ['9' '319.1523313708511' 'marauded']
 ['9' '324.1923432472955' 'presentdestroyed']
 ['9' '326.11712001624096' 'destroyed']
 ['0' '330.34492820378614' 'present']
 ['0' '335.0446516590301' 'present']
 ['9' '348.293940732503' 'present']]","[['F171' '78.15858870702581' 'mated']
 ['F91' '96.26024381045437' 'absent']
 ['F83' '112.57917186839784' 'mated']
 ['F206' '133.33686941843345' 'mated']
 ['F34' '143.0302452779622' 'mated']
 ['F69' '146.79767178448205' 'mated']
 ['F42' '147.87934766683148' 'mated']
 ['F81' '149.44474775064498' 'mated']
 ['F130' '152.9275584110799' 'mated']
 ['F0' '164.96057559164285' 'mated']
 ['F65' '236.53940418569096' 'destroyed']
 ['F100' '239.35258091483047' 'mated']
 ['F106' '250.75840091201508' 'mated']
 ['F165' '282.78482948179726' 'mated']
 ['F139' '291.5821658022996' 'mated']
 ['F126' '299.4043729898347' 'absent']]",500.0,0.0,563.0,70.11422549108141,14.515254269875744,1520.0,255.5479543737809,54.25944212377943,189.0,30.647572487845018,6.337308586153992,12.0,1.2,0.12000000000000005,92.0,2.519306660276541,0.07394547325102878
5,0.0,3,359.71360529644465,"[['0' '7.346080872910738' 'present']
 ['8' '12.194777776688461' 'present']
 ['18' '19.92120579635392' 'present']
 ['18' '23.701674316139627' 'present']
 ['18' '31.905946082237797' 'present']
 ['18' '36.368000752775565' 'present']
 ['18' '49.583494360265' 'present']
 ['18' '62.121148183446905' 'present']
 ['0' '79.22947744737299' 'present']
 ['0' '117.16229166656764' 'present']
 ['0' '119.89275350678608' 'marauded']
 ['18' '124.19118687778247' 'presentdestroyed']
 ['18' '149.512841960022' 'present']
 ['0' '161.56468382078927' 'present']
 ['18' '185.16257477694043' 'present']
 ['8' '246.84297254329715' 'marauded']
 ['0' '252.3235215366454' 'presentdestroyed']
 ['0' '277.0676699689785' 'present']
 ['18' '277.6642188310528' 'present']
 ['0' '278.16884675500984' 'present']
 ['18' '279.1694923236437' 'present']
 ['18' '292.75791953418326' 'marauded']
 ['18' '295.65201781536746' 'presentdestroyed']
 ['0' '354.54058662257245' 'present']]","[['F154' '59.22635976948992' 'mated']
 ['F148' '121.33588682404876' 'absentdestroyed']
 ['F96' '136.1715951460755' 'mated']
 ['F34' '142.9859347788332' 'absent']
 ['F47' '208.6713159863524' 'absent']
 ['F104' '270.56586421235727' 'mated']
 ['F174' '307.6417138184183' 'absent']]",500.0,500.0,575.0,69.61144281790051,13.95274794383213,1584.0,272.1142684914417,58.84422478762351,110.0,18.296908614502122,3.76489520100622,0.0,0.0,0.0,0.0,0.0,0.0
6,0.0,8,360.1488951191458,"[['4' '42.04074435739034' 'marauded']
 ['18' '171.50607883130056' 'present']
 ['4' '287.3155486955881' 'present']
 ['12' '288.61579068371907' 'present']
 ['8' '312.34479087081303' 'present']]","[['F71' '54.74148007915123' 'mated']
 ['F133' '149.74855411822995' 'mated']
 ['F87' '183.53876405287525' 'absent']
 ['F202' '188.8584378331833' 'absent']
 ['F23' '193.60290747517465' 'mated']
 ['F45' '194.28594434006746' 'mated']
 ['F17' '214.3140754180621' 'mated']
 ['F8' '217.86499351596927' 'mated']
 ['F150' '245.8201451307924' 'mated']
 ['F168' '254.84139480624737' 'mated']
 ['F59' '276.1810913336749' 'absent']
 ['F139' '291.55901765415143' 'absent']]",500.0,1000.0,572.0,69.30447068878888,13.49252237806085,1685.0,284.5405564556993,61.449977176942,39.0,6.1918388216383144,1.2486551108254222,0.0,0.0,0.0,0.0,0.0,0.0
7,0.0,7,360.02841448764275,"[['21' '76.04884808156264' 'present']
 ['21' '152.33779229191296' 'present']
 ['12' '248.68058819073283' 'present']
 ['21' '274.83964435465884' 'marauded']]","[['F26' '44.55125369676651' 'mated']
 ['F192' '47.49891660371158' 'mated']
 ['F129' '146.4536151909756' 'mated']
 ['F62' '215.4115300415687' 'mated']
 ['F201' '250.00525896534495' 'mated']
 ['F166' '267.5233143816543' 'mated']
 ['F22' '300.16953785062304' 'mated']]",500.0,1500.0,567.0,73.30046417746311,16.019572570811416,1636.0,280.6423821762474,60.981407636977735,37.0,6.154163903621907,1.2566978313879817,0.0,0.0,0.0,0.0,0.0,0.0
8,0.054,2,360.48786369096507,"[['9' '60.08134637231128' 'present']
 ['12' '101.52301310493587' 'present']
 ['0' '151.32325522077028' 'present']
 ['9' '214.7730828168649' 'present']
 ['12' '225.30275679214844' 'present']
 ['9' '253.56877508193725' 'present']
 ['12' '287.579625120182' 'marauded']
 ['12' '303.22916080721666' 'present']
 ['12' '321.71317880479194' 'present']
 ['9' '339.69623496078367' 'present']
 ['9' '351.03882209874257' 'present']]","[['F212' '129.2703754106221' 'mated']
 ['F178' '162.0235997463325' 'mated']
 ['F73' '186.42244497573847' 'absent']]",1000.0,0.0,566.0,69.78048203219038,14.66292624155339,1649.0,280.59143030877976,60.73340626959613,37.0,6.047949707329862,1.2817181366586776,7.0,0.7,0.07,82.0,2.8826689939776067,0.11252572016460906
9,0.054,8,360.59054578910025,"[['3' '2.258751239570512' 'present']
 ['18' '15.068982226055375' 'marauded']
 ['3' '43.89912021999686' 'present']
 ['18' '44.22048167927602' 'present']
 ['0' '50.02490021687509' 'present']
 ['3' '58.36440887446776' 'present']
 ['3' '62.993793672564244' 'present']
 ['4' '69.03153316347246' 'present']
 ['8' '76.99945836702712' 'present']
 ['8' '77.395778827438' 'marauded']
 ['3' '99.13814434709637' 'present']
 ['3' '104.90365607793476' 'present']
 ['4' '112.32017167833762' 'present']
 ['4' '120.2287369106452' 'present']
 ['3' '131.149561677515' 'present']
 ['4' '136.89897231348954' 'marauded']
 ['0' '137.29676363509304' 'presentdestroyed']
 ['4' '154.34756763651436' 'present']
 ['4' '156.32352625547844' 'present']
 ['0' '160.5083070070548' 'present']
 ['18' '169.76502799323603' 'present']
 ['18' '186.39996253780146' 'present']
 ['3' '195.36430437435544' 'present']
 ['8' '196.60992842045388' 'present']
 ['8' '200.5189322742773' 'present']
 ['3' '202.52757486697493' 'present']
 ['8' '234.43830247683005' 'present']
 ['0' '246.32546344005885' 'marauded']
 ['4' '249.4207358860765' 'presentdestroyed']
 ['3' '254.96389029339625' 'present']
 ['4' '298.675734354317' 'present']
 ['0' '308.6848355296504' 'present']
 ['3' '327.8200993857901' 'present']
 ['0' '332.95134114312197' 'present']
 ['18' '345.36520045267565' 'present']]","[['F128' '105.98357416216017' 'mated']
 ['F67' '120.53504423107226' 'mated']
 ['F34' '143.01387706543474' 'absentdestroyed']
 ['F92' '146.7944754007478' 'mated']
 ['F203' '154.23031081697147' 'absent']
 ['F203' '154.26304724202637' 'mated']
 ['F115' '163.25799628739324' 'mated']
 ['F183' '164.15966118007464' 'absent']
 ['F170' '188.6527908050067' 'mated']
 ['F117' '191.53209217787094' 'mated']
 ['F33' '215.63026302934406' 'absent']
 ['F158' '354.9722790909433' 'mated']]",1000.0,500.0,573.0,69.85193234981176,14.239760950827606,1496.0,261.61889769902257,57.402279278309344,146.0,24.47740857411369,5.0825004768162625,15.0,1.5000000000000002,0.15000000000000008,91.0,2.722834835359963,0.08680555555555552
10,0.0,12,360.3558634385046,"[['18' '8.461335786429306' 'present']
 ['18' '18.674186907063888' 'present']
 ['18' '50.78056071628415' 'present']
 ['8' '52.061256562170044' 'present']
 ['8' '60.401726555755175' 'present']
 ['18' '90.40914492517325' 'present']
 ['18' '102.45112348071672' 'marauded']
 ['8' '123.89345375768951' 'present']
 ['18' '124.55522196102758' 'present']
 ['8' '144.0507969463759' 'present']
 ['18' '258.3651155730002' 'present']
 ['18' '274.132852646637' 'present']
 ['18' '274.15600079478514' 'present']
 ['18' '301.68945377065666' 'present']]","[['F6' '39.62184841216538' 'mated']
 ['F179' '80.42234213377256' 'mated']
 ['F54' '105.8580226080295' 'destroyed']
 ['F148' '121.34746089812283' 'mated']
 ['F153' '139.92139660994366' 'absent']
 ['F116' '144.93187112704348' 'mated']
 ['F114' '158.75898822372002' 'mated']
 ['F11' '159.8808351316126' 'mated']
 ['F73' '186.44559312388662' 'mated']
 ['F191' '204.5441188776933' 'mated']
 ['F172' '211.75443329882327' 'mated']
 ['F88' '221.02598030849356' 'mated']
 ['F209' '242.1167733219804' 'mated']
 ['F120' '253.37751959663075' 'mated']]",1000.0,1000.0,576.0,72.31295132363086,14.957877492612043,1702.0,281.78064356828156,59.490699363709474,39.0,6.010431144013977,1.1084173874972951,0.0,0.0,0.0,0.0,0.0,0.0
11,0.0,6,360.22607776841807,"[['9' '4.700509671666298' 'present']
 ['9' '42.36481240016374' 'present']
 ['9' '62.75679864242819' 'present']
 ['9' '64.41190849259881' 'present']
 ['9' '71.58692538393305' 'present']
 ['3' '87.02129989175099' 'present']
 ['9' '109.04552138268285' 'present']
 ['9' '121.63797619127466' 'present']
 ['9' '121.66112433942281' 'present']
 ['9' '193.59599301405729' 'present']
 ['9' '197.22097336255314' 'marauded']
 ['9' '209.72036363419' 'present']
 ['9' '212.75052081789102' 'marauded']
 ['9' '219.54486121027801' 'presentdestroyed']
 ['9' '226.18567177346276' 'marauded']
 ['9' '255.68932716355292' 'present']
 ['9' '290.0826420794935' 'present']
 ['9' '299.3467703458317' 'present']
 ['9' '332.52051891303455' 'present']
 ['9' '354.04972901918705' 'present']]","[['F32' '116.67694582731559' 'mated']
 ['F97' '135.1475375298932' 'mated']
 ['F173' '175.67158034064423' 'mated']
 ['F127' '206.2436828645795' 'mated']
 ['F8' '217.84862530344182' 'destroyed']
 ['F134' '241.14875597141253' 'mated']
 ['F24' '331.3679314660489' 'mated']]",1000.0,1500.0,561.0,70.39889897253424,14.060657649893132,1592.0,271.5440517172526,58.633124730184804,98.0,18.27292741927144,4.0689677040011425,0.0,0.0,0.0,0.0,0.0,0.0
12,0.054,11,360.1946268367313,"[['21' '0.20148342135349426' 'present']
 ['21' '4.442431730731621' 'marauded']
 ['8' '17.332504240772234' 'present']
 ['8' '17.475412152217828' 'present']
 ['18' '26.550071095154518' 'marauded']
 ['21' '31.431655382958933' 'presentdestroyed']
 ['21' '32.86539210367877' 'presentdestroyed']
 ['21' '43.09014330321263' 'marauded']
 ['21' '56.49395761647216' 'present']
 ['21' '58.788080030378254' 'present']
 ['21' '65.27772875502417' 'present']
 ['21' '66.96513984331239' 'present']
 ['21' '71.60684844427627' 'present']
 ['8' '71.72395394812933' 'present']
 ['21' '73.0234903745453' 'present']
 ['21' '91.51902715912351' 'present']
 ['21' '103.52791388619913' 'present']
 ['0' '122.37524992641757' 'marauded']
 ['8' '123.78205024938225' 'presentdestroyed']
 ['8' '128.50095245522027' 'presentdestroyed']
 ['21' '135.58392758570835' 'present']
 ['0' '159.51493131661013' 'marauded']
 ['21' '163.9698059727667' 'presentdestroyed']
 ['21' '167.14719410372743' 'present']
 ['21' '189.78808867394466' 'present']
 ['21' '193.37783452952087' 'present']
 ['21' '198.8824355368235' 'present']
 ['8' '220.07099910998008' 'present']
 ['0' '227.5959346105247' 'present']
 ['21' '228.7514929139205' 'marauded']
 ['0' '230.24403131021234' 'presentdestroyed']
 ['21' '231.63831200683433' 'presentdestroyed']
 ['18' '234.5285929629259' 'destroyed']
 ['21' '238.56709137565042' 'present']
 ['0' '243.5333669886899' 'present']
 ['0' '247.33156982630896' 'present']
 ['21' '251.13694211633515' 'present']
 ['8' '262.31251310298325' 'present']
 ['8' '277.300673369173' 'present']
 ['21' '284.08863994672976' 'present']
 ['0' '288.18308489267906' 'present']
 ['21' '290.01333388101665' 'present']
 ['21' '305.7477790493859' 'present']
 ['0' '308.71277781625196' 'present']
 ['21' '311.6568364636175' 'present']
 ['0' '329.22378642539104' 'present']
 ['0' '335.166005629107' 'present']]","[['F1' '39.33657933186739' 'mated']
 ['F21' '59.14447015534034' 'mated']
 ['F121' '90.09241694980535' 'mated']
 ['F66' '96.74164052436355' 'mated']
 ['F61' '110.1187116152456' 'mated']
 ['F199' '150.53269299414399' 'mated']
 ['F41' '158.86238589120813' 'mated']
 ['F183' '164.1828093282228' 'destroyed']
 ['F102' '195.24173236697777' 'absent']
 ['F193' '210.2491068925217' 'mated']
 ['F84' '232.38810744571754' 'destroyed']
 ['F65' '236.5162560375428' 'absentdestroyed']
 ['F4' '282.9816662808818' 'mated']
 ['F13' '304.0919584349478' 'mated']
 ['F187' '306.59628663969545' 'absent']
 ['F29' '313.85052667862453' 'mated']]",1500.0,0.0,566.0,74.3088415764093,16.368060906628358,1458.0,246.01697350784397,52.08168997475666,211.0,36.731221754308265,7.803759319224989,13.0,1.3,0.13000000000000006,67.0,1.7650788819297316,0.05090449245541833
13,0.0,8,359.95978376726123,"[['4' '3.3019148408516665' 'present']
 ['3' '3.9621590544832412' 'present']
 ['4' '5.637984582189605' 'present']
 ['4' '34.19565135605282' 'present']
 ['3' '40.450103591369576' 'present']
 ['8' '43.114046094406504' 'present']
 ['4' '45.540115733403155' 'present']
 ['4' '46.58595396011601' 'marauded']
 ['3' '59.973485524354416' 'present']
 ['18' '97.86576239620952' 'present']
 ['3' '103.21009743061423' 'present']
 ['3' '104.87571379133321' 'present']
 ['3' '107.67586540358307' 'marauded']
 ['3' '109.61459400100755' 'presentdestroyed']
 ['3' '113.50526734039246' 'presentdestroyed']
 ['3' '136.44908157196608' 'present']
 ['3' '140.96475777801876' 'present']
 ['3' '149.51207341128895' 'present']
 ['3' '172.94043427198008' 'marauded']
 ['3' '174.1747062917752' 'presentdestroyed']
 ['3' '174.40415599578265' 'presentdestroyed']
 ['3' '187.96441485061763' 'marauded']
 ['3' '202.34442594361158' 'present']
 ['21' '221.51727646607154' 'marauded']
 ['4' '227.92412020353223' 'presentdestroyed']
 ['4' '227.95685662858713' 'presentdestroyed']
 ['4' '228.42793539463324' 'presentdestroyed']
 ['3' '235.48200938217144' 'present']
 ['4' '239.83740779043163' 'present']
 ['3' '272.1287722471906' 'present']
 ['3' '281.40002882311455' 'present']
 ['3' '297.4094612868504' 'present']
 ['3' '303.611516827841' 'present']
 ['21' '313.2209234106679' 'present']
 ['3' '333.4014253268659' 'present']
 ['3' '343.67035940605143' 'present']]","[['F132' '19.743359004851197' 'mated']
 ['F90' '48.94732223931483' 'destroyed']
 ['F189' '71.27173575678013' 'mated']
 ['F176' '95.7074300129007' 'mated']
 ['F204' '150.68851565414334' 'mated']
 ['F123' '180.25938016120392' 'destroyed']
 ['F202' '188.88158598133145' 'destroyed']
 ['F197' '190.44954325899664' 'absentdestroyed']
 ['F9' '193.13838721161565' 'destroyed']
 ['F136' '243.97395227478046' 'mated']
 ['F89' '249.2879957636006' 'mated']
 ['F112' '253.27489585796806' 'mated']
 ['F168' '254.8182466580992' 'absent']
 ['F51' '340.50319301696493' 'mated']]",1500.0,500.0,570.0,70.12595141625248,14.032847039847557,1573.0,259.8068920780858,54.43860745764284,194.0,30.355044775190027,6.200549159006761,0.0,0.0,0.0,0.0,0.0,0.0
14,0.0,11,360.0777179987804,"[['8' '0.13764278001089952' 'present']
 ['12' '3.340686506690574' 'present']
 ['8' '6.324310490209629' 'present']
 ['4' '7.049545267885086' 'present']
 ['8' '24.545442051972994' 'present']
 ['8' '26.280452461402703' 'present']
 ['8' '27.877535821724326' 'present']
 ['8' '39.05160726083032' 'present']
 ['8' '59.228211255238854' 'present']
 ['4' '71.46515475369937' 'present']
 ['21' '72.2615905428568' 'present']
 ['4' '73.43424339938174' 'present']
 ['21' '76.84521904055036' 'present']
 ['8' '91.54421643739659' 'present']
 ['4' '96.2540952081406' 'present']
 ['18' '99.82941640445323' 'present']
 ['4' '101.82926809899752' 'marauded']
 ['8' '107.33775341531926' 'destroyed']
 ['8' '107.59893436343522' 'presentdestroyed']
 ['12' '111.36612695135412' 'present']
 ['8' '113.17860460788367' 'present']
 ['8' '116.13376578585665' 'present']
 ['21' '139.42048964911697' 'present']
 ['8' '141.8220403574178' 'marauded']
 ['8' '149.61900626805715' 'present']
 ['8' '156.26460706948203' 'present']
 ['8' '157.2544619358063' 'present']
 ['4' '164.2203603606285' 'marauded']
 ['4' '169.35553345874996' 'presentdestroyed']
 ['8' '179.14679248431844' 'present']
 ['8' '182.13077099972372' 'marauded']
 ['12' '187.45119209087085' 'presentdestroyed']
 ['8' '189.55627411684154' 'destroyed']
 ['12' '197.79105702119173' 'present']
 ['8' '198.35666441813066' 'present']
 ['4' '202.29702228540987' 'present']
 ['12' '203.65135209838758' 'present']
 ['4' '213.66634529939518' 'present']
 ['8' '213.76794625850212' 'present']
 ['8' '215.84069481875005' 'present']
 ['12' '219.73474002995488' 'present']
 ['4' '219.87745213201575' 'present']
 ['8' '226.63420658134282' 'present']
 ['8' '246.0260579388528' 'present']
 ['4' '265.12889525683295' 'present']
 ['8' '274.6642129522922' 'present']
 ['21' '286.0778107183081' 'marauded']
 ['8' '297.8335070355847' 'present']
 ['8' '302.9959782143319' 'present']
 ['8' '303.01912636248005' 'present']
 ['12' '303.2571030938182' 'present']
 ['12' '312.4628708629684' 'present']
 ['12' '320.0022264762612' 'present']
 ['4' '330.255523224672' 'present']
 ['4' '342.25423624433785' 'present']
 ['12' '352.1315710207558' 'marauded']
 ['8' '352.13618455522936' 'destroyed']
 ['8' '357.21733905297964' 'presentdestroyed']
 ['8' '358.76419978033715' 'presentdestroyed']]","[['F113' '17.315798299947428' 'mated']
 ['F1' '39.30185710964517' 'absent']
 ['F131' '83.73699153947346' 'mated']
 ['F157' '92.77015264842842' 'mated']
 ['F91' '96.27181788452845' 'mated']
 ['F133' '149.73698004415587' 'absent']
 ['F111' '163.85790921940242' 'mated']
 ['F87' '183.52718997880118' 'absentdestroyed']
 ['F73' '186.4108709016644' 'destroyed']
 ['F73' '186.43401904981255' 'destroyed']
 ['F175' '200.45492667633624' 'mated']
 ['F37' '203.85786553608747' 'mated']
 ['F12' '224.87640785260825' 'mated']
 ['F7' '234.29948589295444' 'mated']
 ['F65' '236.55097825976503' 'mated']
 ['F122' '240.5664435394241' 'mated']
 ['F150' '245.80857105671834' 'absent']
 ['F58' '282.0783303915716' 'absent']]",1500.0,1000.0,556.0,71.10215310062408,15.386798962010726,1483.0,252.0732167223579,54.35349212787336,217.0,36.95186306305248,8.140430938922417,0.0,0.0,0.0,0.0,0.0,0.0
15,0.0,21,360.4037473115458,"[['3' '3.224726979748835' 'marauded']
 ['18' '18.135681703224503' 'present']
 ['4' '28.16506284452948' 'present']
 ['9' '29.74776781120933' 'present']
 ['18' '30.683562088926386' 'marauded']
 ['12' '35.738268352588186' 'presentdestroyed']
 ['9' '45.37961451658265' 'marauded']
 ['4' '55.5621925712065' 'present']
 ['9' '60.65274137245876' 'present']
 ['18' '68.25631264171436' 'marauded']
 ['18' '86.39465130246111' 'present']
 ['9' '89.44097170085008' 'present']
 ['9' '91.25816327555498' 'present']
 ['9' '100.01305763323218' 'present']
 ['12' '107.22916850375871' 'marauded']
 ['12' '114.78065151957594' 'present']
 ['12' '119.10647552922819' 'present']
 ['4' '120.25667919724674' 'present']
 ['18' '124.57837010917574' 'present']
 ['9' '126.32857801951242' 'present']
 ['9' '130.3579512914204' 'present']
 ['9' '130.8629930111184' 'present']
 ['9' '132.31219033179744' 'present']
 ['18' '139.31541102774167' 'present']
 ['3' '140.999480000241' 'present']
 ['12' '146.59361818604975' 'present']
 ['12' '148.74018397757396' 'marauded']
 ['9' '151.7457868830421' 'presentdestroyed']
 ['12' '152.4925602671973' 'presentdestroyed']
 ['9' '165.4414060115394' 'present']
 ['18' '166.4687943378185' 'marauded']
 ['4' '166.56045920572555' 'presentdestroyed']
 ['18' '166.98297645967142' 'destroyed']
 ['4' '172.21365848631118' 'destroyed']
 ['4' '173.17428935146148' 'presentdestroyed']
 ['18' '191.5153791048471' 'present']
 ['4' '194.28386660014263' 'present']
 ['9' '200.8711305595747' 'present']
 ['4' '201.37062153068308' 'present']
 ['9' '205.48415064285953' 'marauded']
 ['18' '209.30375400741528' 'presentdestroyed']
 ['4' '209.52509456119375' 'presentdestroyed']
 ['18' '209.82106858132386' 'presentdestroyed']
 ['18' '217.4668998913812' 'marauded']
 ['9' '231.133784535387' 'present']
 ['18' '231.9079207784046' 'marauded']
 ['18' '232.23358601352692' 'destroyed']
 ['9' '236.9988831290772' 'destroyed']
 ['12' '237.83775256763218' 'destroyed']
 ['18' '238.87652811680758' 'presentdestroyed']
 ['4' '247.44650909109123' 'present']
 ['4' '265.89897748313524' 'present']
 ['18' '286.10630434158725' 'present']
 ['21' '286.319421799792' 'marauded']
 ['18' '287.71779574283266' 'presentdestroyed']
 ['4' '292.08581861063146' 'presentdestroyed']
 ['9' '295.1766739762131' 'present']
 ['9' '296.08801450961005' 'present']
 ['9' '300.19245146613105' 'present']
 ['12' '306.2506865734435' 'present']
 ['18' '308.22674881699044' 'present']
 ['18' '327.2968416401064' 'marauded']
 ['9' '327.5556888034438' 'presentdestroyed']
 ['9' '333.33046603303217' 'destroyed']
 ['18' '340.2973962443621' 'marauded']
 ['9' '346.7188507718846' 'presentdestroyed']
 ['9' '348.61082348590554' 'present']]","[['F144' '12.615471389060842' 'mated']
 ['F192' '47.4873425296375' 'destroyed']
 ['F138' '68.10151874289146' 'mated']
 ['F121' '90.08084287573128' 'absent']
 ['F31' '92.70387354312591' 'mated']
 ['F143' '96.5441011265949' 'mated']
 ['F61' '110.10713754117153' 'destroyed']
 ['F161' '127.40650404711069' 'mated']
 ['F27' '129.24165422598907' 'mated']
 ['F40' '135.01170070180922' 'mated']
 ['F155' '136.76500200945148' 'mated']
 ['F182' '147.4531230532923' 'mated']
 ['F81' '149.4331736765709' 'absentdestroyed']
 ['F130' '152.91598433700582' 'destroyed']
 ['F162' '157.8768009638079' 'mated']
 ['F11' '159.85768698346445' 'absent']
 ['F183' '164.1712352541487' 'absent']
 ['F183' '164.19438340229686' 'absent']
 ['F205' '175.9638336745343' 'absent']
 ['F30' '177.93623138903126' 'mated']
 ['F180' '178.78675098267846' 'absent']
 ['F86' '180.1721364648243' 'mated']
 ['F202' '188.8979541938589' 'mated']
 ['F35' '198.68823338107518' 'mated']
 ['F48' '206.5904332485294' 'destroyed']
 ['F99' '214.41313408653087' 'mated']
 ['F110' '224.42717030215994' 'destroyed']
 ['F160' '229.54983635976046' 'mated']
 ['F52' '229.93962913345746' 'mated']
 ['F84' '232.37653337164346' 'destroyed']
 ['F49' '257.7546520998122' 'mated']
 ['F64' '268.2311181274492' 'mated']
 ['F55' '296.76754784227694' 'mated']
 ['F187' '306.6078607137695' 'mated']]",1500.0,1500.0,570.0,71.45570066670375,15.33224243685782,1219.0,209.33142421909739,45.1207780381259,454.0,79.24427802896427,17.051654327664036,0.0,0.0,0.0,0.0,0.0,0.0
16,0.0,11,360.0814262246707,"[['4' '0.8485070382928103' 'present']
 ['18' '2.538662707726418' 'present']
 ['4' '4.339869130828964' 'marauded']
 ['4' '28.514628928138798' 'present']
 ['8' '28.985708513458697' 'present']
 ['18' '44.253218104330955' 'present']
 ['12' '63.56759201603537' 'marauded']
 ['8' '70.7819161159183' 'presentdestroyed']
 ['12' '78.94680300768435' 'present']
 ['8' '79.12718686381713' 'marauded']
 ['12' '82.07032052585771' 'presentdestroyed']
 ['12' '82.31945260848883' 'presentdestroyed']
 ['4' '100.08687279978878' 'present']
 ['18' '112.59593392383437' 'marauded']
 ['4' '117.60137089767774' 'destroyed']
 ['18' '125.28468819561508' 'marauded']
 ['18' '133.9446272071624' 'present']
 ['8' '140.58856017566242' 'present']
 ['4' '153.8144737081251' 'present']
 ['4' '156.10965108682296' 'present']
 ['12' '156.4653909618531' 'present']
 ['12' '182.4471269365099' 'marauded']
 ['8' '212.56636254119644' 'present']
 ['8' '228.42542381993735' 'present']
 ['8' '231.77258485210206' 'present']
 ['8' '247.97048413619643' 'present']
 ['8' '257.88847550117265' 'present']
 ['8' '261.832890524454' 'present']
 ['18' '274.1839430813867' 'marauded']
 ['4' '282.7167606634847' 'present']
 ['4' '283.7943192781119' 'present']
 ['4' '292.786427064545' 'present']
 ['8' '296.82164660345234' 'present']
 ['12' '306.7771395487576' 'present']
 ['18' '310.4869980356809' 'present']
 ['8' '314.4359030859935' 'present']
 ['8' '315.6057161006312' 'present']
 ['12' '330.2848543309711' 'present']
 ['18' '350.8449260982538' 'present']
 ['4' '354.2948175574382' 'present']
 ['12' '356.72163996979486' 'present']]","[['F103' '95.46581200030127' 'mated']
 ['F204' '150.67694158006927' 'absent']
 ['F9' '193.14996128568973' 'mated']
 ['F135' '199.50031967734182' 'mated']
 ['F94' '200.98305862970017' 'mated']
 ['F48' '206.61837553513092' 'mated']
 ['F74' '237.52628180243548' 'mated']
 ['F18' '245.76813832845815' 'mated']
 ['F186' '248.25942989820115' 'mated']
 ['F89' '249.27642168952653' 'absent']
 ['F213' '249.42953929964483' 'mated']
 ['F53' '251.22143288687903' 'mated']
 ['F38' '265.7078152820066' 'mated']
 ['F165' '282.7616813336491' 'absent']
 ['F13' '304.0803843608737' 'absent']]",2000.0,0.0,560.0,70.53608508370483,14.64447081647394,1475.0,246.99497054357477,52.667133194069834,247.0,42.558606929512564,9.198852141840316,0.0,0.0,0.0,0.0,0.0,0.0
17,0.0,4,360.2379885288593,"[['12' '200.35532776036072' 'present']
 ['12' '240.1926322717649' 'present']]","[['F80' '177.56002489009018' 'mated']
 ['F25' '192.64004108284317' 'absent']
 ['F46' '203.36698899521056' 'mated']
 ['F215' '206.80157447411793' 'mated']
 ['F60' '240.11756850035502' 'mated']]",2000.0,500.0,568.0,73.36840929182992,15.568152026677744,1714.0,286.68667363421935,60.97666902414324,0.0,0.0,0.0,0.0,0.0,0.0,0.0,0.0,0.0
18,0.054,14,360.21195847847287,"[['9' '14.539215729008868' 'present']
 ['9' '68.56444787793603' 'present']
 ['9' '119.99805385240813' 'present']
 ['9' '127.56136100922237' 'present']
 ['9' '134.79293993226617' 'present']
 ['9' '154.11557620519744' 'marauded']
 ['9' '175.74275522459791' 'present']
 ['9' '197.56667500155535' 'marauded']
 ['4' '216.88934132985304' 'present']
 ['9' '225.61177239190496' 'present']
 ['9' '266.5389564348571' 'marauded']
 ['9' '289.1495111923969' 'present']
 ['0' '304.88808579900416' 'present']
 ['12' '355.85469328473187' 'marauded']]","[['F54' '105.86959668210358' 'mated']
 ['F153' '139.93297068401773' 'mated']
 ['F82' '140.01554754729395' 'mated']
 ['F63' '141.23083530933314' 'mated']
 ['F34' '142.97436070475914' 'absent']
 ['F34' '142.9975088529073' 'absent']
 ['F203' '154.24667902949892' 'destroyed']
 ['F11' '159.86926105753852' 'destroyed']
 ['F70' '175.85295991065377' 'mated']
 ['F177' '179.47286079565836' 'mated']
 ['F87' '183.5619122010234' 'mated']
 ['F56' '187.50109816064895' 'mated']
 ['F137' '190.1703299128068' 'mated']
 ['F149' '208.4673774216339' 'mated']
 ['F33' '215.64663124187152' 'mated']
 ['F110' '224.41559622808586' 'absent']
 ['F28' '225.08065312433405' 'mated']
 ['F52' '229.92805505938338' 'absent']
 ['F104' '270.5542901382832' 'absentdestroyed']
 ['F109' '311.6990430419437' 'mated']
 ['F195' '354.51247368876403' 'mated']]",2000.0,1000.0,567.0,64.7870497472892,11.977197030056178,1597.0,270.1278923504178,57.99847013035933,131.0,21.659949340520036,4.549376554151801,15.0,1.5000000000000002,0.15000000000000008,73.0,2.1158955727392215,0.06644375857338815
19,0.0,10,360.4003731496633,"[['3' '65.66593883999813' 'present']
 ['0' '117.44492911294746' 'present']
 ['8' '121.35302218417252' 'present']
 ['8' '123.73980162044853' 'present']
 ['0' '200.38286817864102' 'present']
 ['8' '208.06077003675748' 'present']
 ['8' '220.8436184224162' 'present']
 ['9' '222.54676519057537' 'present']
 ['0' '247.45763573507526' 'present']
 ['8' '263.1002509892382' 'present']
 ['9' '274.1450529732693' 'present']
 ['9' '277.83173247664644' 'present']
 ['0' '278.6622900257074' 'present']
 ['0' '282.0918176093469' 'marauded']
 ['8' '304.7068395995982' 'present']
 ['3' '342.80790008902994' 'present']
 ['0' '350.30004632673916' 'present']
 ['8' '358.8016542708175' 'present']]","[['F107' '96.24222750041478' 'mated']
 ['F85' '114.86668003558275' 'mated']
 ['F36' '121.8492173098455' 'mated']
 ['F184' '153.66474789036678' 'mated']
 ['F205' '175.97540774860838' 'mated']
 ['F118' '210.17208266474873' 'mated']
 ['F110' '224.438744376234' 'absent']
 ['F167' '231.40409396319794' 'mated']
 ['F108' '238.97998543915696' 'mated']
 ['F76' '245.40651480779428' 'mated']
 ['F124' '275.9699641063634' 'mated']
 ['F55' '296.75597376820286' 'absent']]",2000.0,1500.0,565.0,68.5574388625921,13.964515352569643,1719.0,285.36986468037594,60.38951344901832,36.0,6.123009361509709,1.3304306150581948,0.0,0.0,0.0,0.0,0.0,0.0
20,0.0,13,360.0898142350139,"[['4' '1.3820586344874524' 'marauded']
 ['4' '72.13372515694208' 'marauded']
 ['4' '83.88287417693253' 'present']
 ['4' '105.22274075282084' 'present']
 ['4' '124.17995007833034' 'present']
 ['4' '157.43761178576332' 'present']
 ['4' '160.73901644492722' 'present']
 ['12' '200.4070885931732' 'present']
 ['4' '245.6834910328093' 'marauded']
 ['4' '249.82440505613434' 'presentdestroyed']
 ['4' '278.772230198417' 'marauded']
 ['4' '286.5429376584826' 'destroyed']
 ['4' '315.47988988794737' 'present']
 ['4' '329.86061147338376' 'marauded']
 ['4' '332.24591685197475' 'destroyed']
 ['4' '342.6142361613522' 'present']
 ['4' '353.6912400468528' 'present']]","[['F140' '32.443595602654085' 'mated']
 ['F208' '85.4667491831286' 'mated']
 ['F190' '93.74962942744278' 'mated']
 ['F153' '139.90982253586958' 'absent']
 ['F39' '147.48440659828867' 'mated']
 ['F204' '150.6653675059952' 'absent']
 ['F180' '178.8031191952059' 'mated']
 ['F78' '185.30178065308087' 'mated']
 ['F48' '206.60680146105685' 'absent']
 ['F47' '208.65494777382494' 'absent']
 ['F47' '208.68768419887985' 'mated']
 ['F50' '210.5113921087731' 'mated']
 ['F44' '232.27587842840518' 'mated']
 ['F100' '239.3410068407564' 'absent']
 ['F89' '249.26484761545245' 'destroyed']
 ['F188' '257.5957986438154' 'mated']
 ['F93' '273.631342411695' 'mated']
 ['F165' '282.7732554077232' 'destroyed']
 ['F174' '307.65808203094576' 'mated']
 ['F57' '346.74492210223195' 'mated']]",2500.0,0.0,555.0,72.18837786071894,16.006670745688748,1551.0,257.0688188091991,54.79861430263554,166.0,30.778915776903105,7.024168083782278,0.0,0.0,0.0,0.0,0.0,0.0
21,0.054,4,359.841088032193,"[['12' '0.22593791702905688' 'present']
 ['3' '4.614553669842088' 'marauded']
 ['12' '20.34435675278673' 'marauded']
 ['0' '25.68771828123219' 'presentdestroyed']
 ['3' '46.2739683439734' 'marauded']
 ['3' '50.27093067438852' 'presentdestroyed']
 ['3' '62.512560538211176' 'present']
 ['3' '72.4287252323638' 'present']
 ['3' '89.5949315880245' 'present']
 ['3' '100.67250905501848' 'present']
 ['12' '103.81095494259084' 'present']
 ['12' '106.28628004842957' 'marauded']
 ['3' '134.12053838672315' 'present']
 ['3' '145.76699746718714' 'present']
 ['12' '152.28610672422474' 'present']
 ['3' '155.32568024323587' 'marauded']
 ['0' '169.79422090181427' 'present']
 ['12' '170.9857325651726' 'present']
 ['3' '172.78442941359168' 'present']
 ['3' '177.51085311174603' 'present']
 ['3' '178.35706521370486' 'present']
 ['3' '178.80677182972298' 'marauded']
 ['12' '182.01279795507583' 'presentdestroyed']
 ['0' '196.16200868748564' 'present']
 ['3' '201.2153919851577' 'present']
 ['12' '204.90868245550277' 'present']
 ['12' '222.65291380529246' 'present']
 ['3' '227.6316303940118' 'present']
 ['12' '240.05517778128458' 'marauded']
 ['0' '243.71634449244422' 'presentdestroyed']
 ['0' '249.45721455504767' 'present']
 ['0' '253.42490512954322' 'present']
 ['12' '272.1560341816748' 'present']
 ['3' '276.2650317589209' 'marauded']
 ['3' '277.1910135354581' 'presentdestroyed']
 ['3' '287.37937515163907' 'present']
 ['12' '290.82502861626426' 'present']
 ['3' '291.05007175578896' 'marauded']
 ['12' '299.4985092488773' 'present']
 ['12' '307.668825913193' 'present']
 ['0' '324.98217384620517' 'present']
 ['3' '325.3062503373237' 'present']
 ['3' '325.7819324996722' 'present']
 ['3' '334.77186466469817' 'marauded']
 ['3' '336.9449346861784' 'presentdestroyed']
 ['3' '353.10654840354607' 'present']
 ['0' '353.7399197092489' 'present']]","[['F41' '158.85081181713406' 'destroyed']
 ['F152' '191.8039629651552' 'mated']
 ['F102' '195.25330644105185' 'mated']
 ['F62' '215.3652337452724' 'absent']
 ['F62' '215.38838189342056' 'absent']
 ['F210' '233.4986316045458' 'mated']
 ['F214' '260.06755603071366' 'absent']
 ['F214' '260.0907041788618' 'absent']
 ['F214' '260.11385232700997' 'mated']
 ['F29' '313.83895260455046' 'absent']]",2500.0,500.0,556.0,73.69251870438416,15.537576287470479,1335.0,221.65477582725532,46.451626156481275,370.0,61.14442153134124,12.490861143164171,14.0,1.4000000000000001,0.14000000000000007,85.0,2.1612281986572177,0.05894204389574751
22,0.0,13,359.94264730711,"[['3' '27.695989935586447' 'present']
 ['3' '40.42216130476803' 'present']
 ['8' '60.127522184517055' 'present']
 ['18' '60.94982755981777' 'present']
 ['0' '64.31817162943173' 'present']
 ['3' '64.94546467236349' 'present']
 ['8' '75.2595719092373' 'marauded']
 ['8' '79.44456677504795' 'presentdestroyed']
 ['8' '85.04446147613174' 'present']
 ['0' '87.86408971667866' 'present']
 ['0' '87.8968261417336' 'present']
 ['3' '93.30858083118753' 'present']
 ['18' '112.7286703488893' 'present']
 ['8' '113.14388238566144' 'present']
 ['18' '120.76855806114568' 'present']
 ['18' '121.02900749296043' 'present']
 ['0' '122.81359554603127' 'present']
 ['18' '129.49330873866612' 'present']
 ['3' '133.79470740031397' 'present']
 ['3' '184.31629096412374' 'present']
 ['8' '193.00947293968122' 'present']
 ['18' '195.8803485841031' 'present']
 ['3' '201.09792454566085' 'present']
 ['3' '269.18625602365637' 'present']
 ['0' '287.9026915857819' 'marauded']
 ['8' '298.4955434508965' 'present']
 ['18' '320.62711434611623' 'present']
 ['8' '331.11309476317297' 'marauded']
 ['3' '331.93094125655983' 'destroyed']
 ['18' '349.8375168756988' 'present']
 ['0' '349.8732127658329' 'present']]","[['F132' '19.731784930777124' 'absent']
 ['F211' '40.433383125203704' 'mated']
 ['F90' '48.958896313388905' 'mated']
 ['F151' '60.16411516178027' 'mated']
 ['F101' '112.48531629688065' 'mated']
 ['F72' '118.7927817458884' 'mated']
 ['F159' '120.8382686403137' 'mated']
 ['F95' '163.10379141198217' 'mated']
 ['F123' '180.270954235278' 'mated']
 ['F197' '190.46111733307072' 'mated']
 ['F25' '192.65640929537062' 'mated']
 ['F37' '203.8462914620134' 'absent']
 ['F112' '253.26332178389399' 'absent']
 ['F147' '258.9761251247261' 'mated']
 ['F58' '282.0899044656457' 'mated']
 ['F3' '309.6817742203163' 'mated']]",2500.0,1000.0,566.0,69.27020063189676,13.889229682350939,1604.0,272.57474964192744,59.56060701134949,107.0,18.280368968091064,4.055936292147336,0.0,0.0,0.0,0.0,0.0,0.0
23,0.0,7,360.2325835211516,"[['9' '90.35229115454584' 'present']
 ['0' '126.18503708816884' 'present']
 ['4' '131.5515867257276' 'present']
 ['9' '189.49130808530322' 'present']
 ['0' '191.54987395815925' 'present']
 ['0' '331.12608617763544' 'present']
 ['3' '332.38402633058723' 'present']]","[['F169' '17.376484980609174' 'mated']
 ['F190' '93.73805535336871' 'absent']
 ['F10' '154.67203498823542' 'mated']
 ['F146' '196.04071174470033' 'mated']
 ['F105' '225.79120349796415' 'mated']
 ['F77' '226.0311734433986' 'mated']
 ['F59' '276.19266540774896' 'mated']
 ['F145' '358.86165496025507' 'mated']]",2500.0,1500.0,563.0,70.6202402370928,15.83982429507166,1713.0,289.4547709980245,61.97812593828717,0.0,0.0,0.0,0.0,0.0,0.0,0.0,0.0,0.0
