id,probability_maraud,successful_mating,next_foraging_time,mar_attempts,mate_attempts,x_pos,y_pos,foraging_events,foraging_hrs,foraging_sqhrs,staying_events,staying_hrs,staying_sqhrs,repairing_events,repairing_hrs,repairing_sqhrs,marauding_events,marauding_hrs,marauding_sqhrs,traveling_events,traveling_hrs,traveling_sqhrs
0,0.0,7,359.9649404016676,[],"[['F117' '90.36155997077296' 'mated']
 ['F104' '121.82179345244685' 'mated']
 ['F78' '142.14433049474727' 'mated']
 ['F95' '180.2918871651972' 'mated']
 ['F35' '201.34349829532582' 'mated']
 ['F188' '272.2293854603938' 'absent']
 ['F23' '320.05500001457636' 'mated']
 ['F32' '335.97892757408584' 'mated']]",0.0,0.0,565.0,69.9341423722128,14.576446196924518,1729.0,290.1234038377969,62.045250226848374,0.0,0.0,0.0,0.0,0.0,0.0,0.0,0.0,0.0
1,0.0,8,360.4269349201539,"[['18' '7.633076106624341' 'present']
 ['18' '36.79735501647935' 'present']
 ['7' '44.19332912821446' 'present']
 ['18' '47.902679352761496' 'present']
 ['7' '51.71070562898466' 'present']
 ['18' '55.630793530062384' 'present']
 ['18' '62.86591845559016' 'present']
 ['18' '80.9843108035219' 'present']
 ['21' '86.71160960832509' 'present']
 ['7' '87.7401849687662' 'present']
 ['7' '89.00400651829737' 'present']
 ['7' '90.00193859698815' 'present']
 ['18' '91.3710220914478' 'marauded']
 ['7' '97.76416219165718' 'presentdestroyed']
 ['7' '112.4474414995607' 'present']
 ['18' '122.51009477529973' 'present']
 ['7' '127.69265646171065' 'marauded']
 ['22' '128.6841590021748' 'presentdestroyed']
 ['7' '141.43851122848096' 'present']
 ['7' '151.8951767584872' 'marauded']
 ['7' '152.5749300737663' 'presentdestroyed']
 ['18' '153.1140723938487' 'destroyed']
 ['22' '158.8532604723361' 'present']
 ['7' '160.58998471813533' 'present']
 ['7' '166.78990804326418' 'present']
 ['7' '172.54342663126624' 'present']
 ['7' '176.45049934661358' 'marauded']
 ['18' '177.85213407453458' 'destroyed']
 ['7' '180.6425076166835' 'presentdestroyed']
 ['7' '189.3973603847486' 'present']
 ['7' '192.04567948010143' 'present']
 ['18' '205.90796800740893' 'present']
 ['21' '207.8133179667229' 'present']
 ['21' '209.5757718000861' 'present']
 ['7' '230.98717576906444' 'present']
 ['7' '233.68255092524205' 'present']
 ['18' '235.47810228914068' 'marauded']
 ['7' '240.98247741579678' 'presentdestroyed']
 ['7' '242.35615101336984' 'destroyed']
 ['7' '245.2013943979076' 'present']
 ['7' '256.7407301034359' 'present']
 ['21' '262.4836326914607' 'present']
 ['18' '267.44788277280924' 'present']
 ['22' '272.2004357511318' 'present']
 ['18' '272.6369790807019' 'marauded']
 ['18' '275.65128042519854' 'presentdestroyed']
 ['18' '290.5324909208804' 'present']
 ['18' '297.8254133745377' 'present']
 ['18' '300.0194083768346' 'present']
 ['7' '311.5780818458394' 'present']
 ['7' '315.71441939668205' 'marauded']
 ['18' '319.6527476449724' 'presentdestroyed']
 ['7' '322.6489231434601' 'destroyed']
 ['18' '325.69449228973565' 'present']
 ['7' '326.8067263571666' 'present']
 ['18' '341.9588980388651' 'present']
 ['18' '344.25361374553967' 'present']
 ['21' '347.68239228848233' 'present']
 ['7' '351.50801326355463' 'present']
 ['7' '358.7884833294317' 'marauded']]","[['F92' '95.49444961034294' 'absentdestroyed']
 ['F187' '97.02255313291651' 'absentdestroyed']
 ['F26' '102.11857966993641' 'absent']
 ['F42' '125.48655001967133' 'mated']
 ['F17' '156.5985920124863' 'destroyed']
 ['F169' '161.8387645808017' 'mated']
 ['F194' '176.03715413574986' 'mated']
 ['F181' '176.16042896487426' 'mated']
 ['F184' '183.22142729343824' 'destroyed']
 ['F132' '198.79960051712007' 'mated']
 ['F80' '238.72581596671233' 'destroyed']
 ['F103' '252.26691526284492' 'mated']
 ['F43' '255.9893423825338' 'mated']
 ['F177' '268.0138057502156' 'mated']
 ['F51' '275.9549823124299' 'absentdestroyed']
 ['F125' '279.9866286476036' 'absent']]",0.0,500.0,589.0,72.27734103332662,15.172723935675048,1467.0,244.41808786539534,51.76482522443323,264.0,43.57100411823247,8.914115258233748,0.0,0.0,0.0,0.0,0.0,0.0
2,0.0,9,360.0709569890224,"[['6' '2.835013658425088' 'present']
 ['6' '25.060333621708114' 'present']
 ['6' '40.48478153708929' 'present']
 ['6' '63.638443383951156' 'marauded']
 ['23' '110.92131538688746' 'present']
 ['23' '130.66303404798597' 'present']
 ['6' '141.25418209508433' 'marauded']
 ['6' '166.9687949849143' 'present']
 ['23' '172.19471364052924' 'present']
 ['6' '179.4793380243147' 'marauded']
 ['23' '187.05468692088104' 'presentdestroyed']
 ['6' '187.12849046005377' 'presentdestroyed']
 ['6' '222.91249745932757' 'present']
 ['6' '240.29417714761072' 'present']
 ['18' '268.4531004984745' 'marauded']
 ['6' '276.24511775473803' 'present']
 ['6' '288.48477779212885' 'present']
 ['23' '303.9947903995183' 'present']
 ['6' '311.5587698494468' 'marauded']
 ['23' '322.78073551147014' 'marauded']
 ['6' '330.71848717388434' 'present']
 ['23' '347.25366851349645' 'present']
 ['6' '357.8615911258878' 'present']]","[['F14' '24.208414521286432' 'mated']
 ['F74' '74.70957405478342' 'mated']
 ['F12' '96.41274485906482' 'absent']
 ['F135' '112.49379732289538' 'mated']
 ['F86' '136.26019927691607' 'mated']
 ['F211' '146.56365732491383' 'destroyed']
 ['F150' '178.85067777070262' 'mated']
 ['F122' '205.21717569738854' 'mated']
 ['F22' '213.91875999167232' 'mated']
 ['F148' '231.3344524113319' 'mated']
 ['F38' '231.72907288813238' 'absent']
 ['F172' '293.95449783983594' 'mated']]",0.0,1000.0,565.0,69.73484852422513,13.852036296225142,1515.0,253.76780174917397,54.240413465099124,212.0,36.626679118447704,8.095995791413726,0.0,0.0,0.0,0.0,0.0,0.0
3,0.0,4,360.1957526958507,"[['18' '1.6941707771600782' 'present']
 ['6' '9.10281226712797' 'present']
 ['18' '53.75675069587881' 'present']
 ['18' '59.532846992668034' 'present']
 ['18' '64.47472391699834' 'present']
 ['18' '66.28603902083984' 'present']
 ['18' '81.92766018624232' 'present']
 ['18' '84.6611600687541' 'present']
 ['7' '90.15741689270824' 'marauded']
 ['18' '114.86436093987228' 'present']
 ['21' '136.54195776661982' 'present']
 ['18' '160.83077333094184' 'present']
 ['6' '162.98521442285173' 'present']
 ['21' '171.71667710655592' 'present']
 ['18' '172.5499455778282' 'present']
 ['18' '185.7562708819375' 'marauded']
 ['21' '188.74228932597953' 'presentdestroyed']
 ['18' '206.09234940815372' 'present']
 ['18' '214.66497435279015' 'present']
 ['18' '242.60408254655133' 'marauded']
 ['18' '247.21534599286997' 'presentdestroyed']
 ['18' '250.75274459353065' 'present']
 ['7' '272.20119590767825' 'present']
 ['6' '289.80752121975274' 'present']
 ['21' '329.2265489539827' 'present']
 ['18' '341.389861228136' 'present']
 ['18' '343.06120582877173' 'present']
 ['18' '354.9961279115515' 'present']]","[['F60' '117.31792299657256' 'mated']
 ['F212' '163.21833134463674' 'mated']
 ['F29' '165.53489434805613' 'mated']
 ['F49' '170.45609482249654' 'mated']
 ['F204' '210.27443567762822' 'absent']
 ['F116' '245.3095240973141' 'destroyed']
 ['F45' '248.8903672077484' 'destroyed']]",0.0,1500.0,566.0,71.62992554521142,14.921732221888412,1603.0,269.9717132392164,57.36516909674288,104.0,18.427198208612573,3.982245514725469,0.0,0.0,0.0,0.0,0.0,0.0
4,0.0,0,360.06748886821936,"[['21' '4.625175102195382' 'present']
 ['21' '6.554466772936815' 'marauded']
 ['21' '9.84325478665312' 'presentdestroyed']
 ['21' '14.383929568196683' 'present']
 ['21' '21.21888676514406' 'present']
 ['21' '24.83766166594627' 'present']
 ['21' '29.741986418194998' 'present']
 ['21' '46.92999085583376' 'present']
 ['21' '67.11840298040752' 'present']
 ['21' '119.96787569452727' 'present']
 ['18' '122.45197707628016' 'present']
 ['21' '157.9520447234248' 'present']
 ['21' '173.68512634512544' 'present']
 ['21' '180.29648029044617' 'marauded']
 ['21' '183.89612401705492' 'destroyed']
 ['21' '200.40540559569672' 'present']
 ['21' '245.9255607686522' 'marauded']
 ['21' '246.3841957846532' 'presentdestroyed']
 ['21' '276.7804037837504' 'marauded']
 ['21' '286.89744416558455' 'present']
 ['21' '291.29241885489546' 'marauded']
 ['21' '299.438640234597' 'present']
 ['21' '305.2877138598995' 'present']
 ['21' '317.028072947762' 'present']
 ['21' '327.36272050253376' 'present']
 ['21' '342.3860232609501' 'present']]","[['F69' '71.60810664511149' 'absent']
 ['F170' '296.6092168782079' 'destroyed']]",500.0,0.0,563.0,70.98192995832349,15.056097141619688,1556.0,258.4301218126554,55.00889261748563,185.0,30.693338269641597,6.588774660549022,0.0,0.0,0.0,0.0,0.0,0.0
5,0.0,9,360.01576999965016,"[['22' '29.361977580823122' 'present']
 ['18' '78.51836573526698' 'present']
 ['6' '121.12518123687398' 'marauded']
 ['22' '137.26462443239956' 'marauded']
 ['22' '144.05342744187436' 'presentdestroyed']
 ['22' '163.53098694628494' 'present']
 ['6' '249.88359290972747' 'present']
 ['23' '350.80422410264015' 'present']
 ['22' '357.21392451720953' 'present']]","[['F0' '63.301997826285174' 'mated']
 ['F205' '86.14817321444325' 'mated']
 ['F76' '108.51432077676509' 'absent']
 ['F144' '144.94078472500337' 'mated']
 ['F68' '147.21969747653952' 'mated']
 ['F130' '149.41226866731725' 'mated']
 ['F88' '159.40038158037208' 'mated']
 ['F82' '199.44921174263504' 'mated']
 ['F185' '209.6330337080548' 'mated']
 ['F48' '240.35312779987504' 'absent']
 ['F48' '252.3762759480232' 'mated']
 ['F190' '355.30812396128727' 'absent']]",500.0,500.0,579.0,73.34191771447023,15.500940073762795,1659.0,274.61578385229024,57.550961613026075,72.0,12.142061050981003,2.6150031941754674,0.0,0.0,0.0,0.0,0.0,0.0
6,0.054,4,360.2195422567146,"[['21' '0.023148148148148147' 'present']
 ['21' '26.57844894256443' 'present']
 ['18' '46.325259185078025' 'marauded']
 ['21' '68.95804323798107' 'marauded']
 ['18' '91.96503311989188' 'present']
 ['21' '156.00106853195223' 'present']
 ['22' '167.88808751653966' 'marauded']
 ['22' '188.2229107758326' 'present']
 ['21' '210.13570059717924' 'present']
 ['18' '263.4958788140578' 'marauded']
 ['21' '277.34335796217624' 'marauded']]","[['F192' '63.720426247348016' 'absent']
 ['F16' '74.51300467090608' 'absentdestroyed']
 ['F123' '108.7710953800581' 'mated']
 ['F9' '137.39597945987782' 'mated']
 ['F73' '153.67168382645633' 'mated']
 ['F195' '227.28944874443872' 'mated']
 ['F154' '249.825299021015' 'absent']]",500.0,1000.0,563.0,73.02600871120757,15.781998171847967,1454.0,251.88229249980023,55.199267493252776,180.0,30.374364952214652,6.251367005137139,19.0,1.9000000000000006,0.1900000000000001,88.0,2.8987868297926376,0.1023448216735253
7,0.054,12,360.2127553313776,[],"[['F115' '92.63697552377116' 'mated']
 ['F92' '95.50602368441702' 'mated']
 ['F26' '102.13015374401049' 'mated']
 ['F81' '140.82969125107908' 'mated']
 ['F136' '144.05431186932958' 'mated']
 ['F113' '147.97930795155426' 'mated']
 ['F215' '155.82919234199218' 'mated']
 ['F126' '160.53123208887402' 'mated']
 ['F96' '174.4261151886984' 'mated']
 ['F194' '176.02558006167578' 'absent']
 ['F204' '210.3166843065619' 'mated']
 ['F189' '228.47798411571623' 'mated']
 ['F48' '240.3251855132735' 'absent']
 ['F107' '333.47458370619256' 'mated']]",500.0,1500.0,569.0,68.64170521264856,13.660855708503254,1691.0,285.5277419772923,60.65791364047804,0.0,0.0,0.0,25.0,2.500000000000001,0.25000000000000017,117.0,3.361698998713345,0.1023448216735253
8,0.0,12,360.1484408382896,"[['6' '27.328379255749745' 'present']
 ['6' '28.512722670073988' 'marauded']
 ['6' '34.34925358293995' 'presentdestroyed']
 ['7' '50.727300373537346' 'present']
 ['23' '58.13821496980748' 'present']
 ['7' '84.84458650730375' 'marauded']
 ['6' '117.51653819441863' 'present']
 ['6' '133.66835833343453' 'marauded']
 ['23' '134.28786460990028' 'presentdestroyed']
 ['23' '145.9670986393052' 'present']
 ['6' '195.72171233962555' 'marauded']
 ['6' '200.39250423073256' 'presentdestroyed']
 ['23' '210.88229190235498' 'present']
 ['23' '222.78022951081428' 'present']
 ['23' '229.10933989923933' 'present']
 ['23' '256.64079988427085' 'marauded']
 ['6' '258.1762168095105' 'presentdestroyed']
 ['6' '263.4924075136348' 'presentdestroyed']
 ['23' '306.94164382734135' 'present']
 ['23' '311.5583139510478' 'present']
 ['6' '315.59964280040606' 'present']
 ['6' '320.8041807794357' 'marauded']
 ['6' '325.7657259381553' 'presentdestroyed']
 ['6' '330.9348884932889' 'present']
 ['6' '348.4430467799208' 'present']
 ['6' '351.8241981234051' 'present']]","[['F83' '3.445988759019398' 'mated']
 ['F14' '24.185266373138287' 'absent']
 ['F93' '53.7473646663982' 'mated']
 ['F155' '54.02111412830598' 'mated']
 ['F192' '63.73679445987548' 'absent']
 ['F205' '86.13180500191578' 'destroyed']
 ['F77' '107.19571119190297' 'mated']
 ['F76' '108.53068898929256' 'mated']
 ['F110' '124.02073662911405' 'mated']
 ['F54' '158.29644024960695' 'mated']
 ['F120' '159.38805626630096' 'mated']
 ['F96' '174.38659882802278' 'absent']
 ['F166' '181.82150698370032' 'mated']
 ['F57' '186.97807660933074' 'mated']
 ['F34' '189.00461869550534' 'mated']
 ['F37' '215.64211615096244' 'mated']
 ['F48' '240.30203736512536' 'absent']
 ['F70' '244.40528758378872' 'absent']]",1000.0,0.0,565.0,66.43754206719726,12.781760971692037,1522.0,257.22006806830535,54.76561536808043,213.0,36.38982732605537,8.004683060907135,0.0,0.0,0.0,0.0,0.0,0.0
9,0.0,11,360.3073395530908,"[['7' '3.3761494799736087' 'present']
 ['7' '91.98613732877729' 'present']
 ['7' '107.41352924118478' 'marauded']
 ['7' '110.83910503959191' 'presentdestroyed']
 ['7' '182.33555220491854' 'present']
 ['23' '215.07665534062426' 'marauded']
 ['7' '225.2275037497624' 'present']
 ['7' '227.4657787086422' 'present']
 ['7' '239.89492274689647' 'marauded']
 ['7' '266.3637082064206' 'present']
 ['7' '288.94523353446795' 'present']
 ['7' '309.4926573185261' 'present']
 ['7' '323.0240848945828' 'present']
 ['7' '328.0402271528629' 'present']]","[['F124' '2.9771116054502857' 'mated']
 ['F208' '31.32758704034242' 'mated']
 ['F192' '63.74836853394956' 'mated']
 ['F114' '66.57849165065227' 'mated']
 ['F94' '133.5911447403871' 'mated']
 ['F98' '159.33564049189118' 'mated']
 ['F150' '178.83910369662854' 'absent']
 ['F133' '194.41837141082064' 'mated']
 ['F89' '205.44641267632727' 'mated']
 ['F204' '210.30031609403446' 'absent']
 ['F164' '230.1873289898524' 'mated']
 ['F48' '240.29046329105128' 'destroyed']
 ['F70' '244.4168616578628' 'destroyed']
 ['F174' '294.932903147413' 'mated']
 ['F197' '299.8577336705627' 'mated']]",1000.0,500.0,563.0,72.99343432722287,15.914106237448868,1588.0,268.7270974941376,57.95997062138737,119.0,18.41952121007903,3.644388006483397,0.0,0.0,0.0,0.0,0.0,0.0
10,0.0,9,360.30999280592044,"[['23' '0.011574074074074073' 'present']
 ['23' '82.01080231088386' 'present']
 ['23' '107.26430198177285' 'present']
 ['23' '138.14982846498353' 'present']
 ['23' '141.0905856962798' 'present']
 ['23' '141.95873278353994' 'present']
 ['23' '205.95445117277043' 'present']
 ['23' '220.17217727839744' 'present']
 ['23' '269.7342670401292' 'present']
 ['23' '359.4924572931038' 'present']]","[['F64' '61.72757279702117' 'mated']
 ['F109' '102.21135742387774' 'mated']
 ['F156' '124.3803437703791' 'mated']
 ['F66' '128.25469819322967' 'mated']
 ['F21' '166.18589969585665' 'mated']
 ['F168' '196.3021139084608' 'mated']
 ['F19' '248.01875412295533' 'mated']
 ['F46' '308.3323543401442' 'mated']
 ['F39' '333.38111567887955' 'mated']]",1000.0,1000.0,559.0,69.97128073024301,14.40843635152459,1753.0,290.1103292081965,61.178200464794315,0.0,0.0,0.0,0.0,0.0,0.0,0.0,0.0,0.0
11,0.0,7,360.5078757066443,"[['21' '30.936394182412585' 'present']
 ['7' '41.398527353671355' 'present']
 ['7' '75.30208776375939' 'present']
 ['7' '77.2797058968932' 'present']
 ['21' '78.33480693789178' 'present']
 ['23' '89.56273951515037' 'present']
 ['21' '116.76352492419652' 'present']
 ['21' '137.63624824087088' 'present']
 ['21' '140.05362157719705' 'present']
 ['7' '157.1521712948528' 'present']
 ['18' '167.75448808660084' 'present']
 ['7' '177.48217154468466' 'present']
 ['18' '178.52723176934035' 'present']
 ['7' '179.99224578476864' 'present']
 ['21' '180.12740413494' 'present']
 ['7' '186.06043759320318' 'present']
 ['21' '202.96841701489532' 'marauded']
 ['21' '211.11501257065507' 'presentdestroyed']
 ['21' '218.11220200162697' 'present']
 ['21' '239.6960790442493' 'present']
 ['7' '242.3282087267683' 'present']
 ['21' '247.78378631569606' 'present']
 ['21' '258.0811220043583' 'present']
 ['21' '265.17093444112913' 'present']
 ['21' '266.2445943189303' 'present']
 ['7' '279.1806679428018' 'marauded']
 ['7' '282.2285469189179' 'destroyed']
 ['21' '286.400698409064' 'presentdestroyed']
 ['7' '291.1912965531136' 'present']
 ['21' '300.4868843750493' 'present']
 ['21' '300.7507501663221' 'present']
 ['21' '329.2687975829164' 'present']
 ['21' '329.7032250005369' 'present']
 ['21' '337.79110162720934' 'present']
 ['21' '344.2912597203788' 'present']
 ['21' '351.0157224897969' 'present']
 ['21' '352.54980697159397' 'present']]","[['F119' '26.59920646089517' 'mated']
 ['F214' '56.01362949105557' 'mated']
 ['F97' '157.9813363563064' 'mated']
 ['F126' '160.51486387634657' 'absent']
 ['F200' '187.32484556014518' 'absent']
 ['F27' '227.0539016937946' 'mated']
 ['F142' '256.14118799382084' 'mated']
 ['F149' '289.31069835376155' 'mated']
 ['F209' '309.2027152405655' 'mated']]",1000.0,1500.0,575.0,71.00055096104138,14.50024366794072,1669.0,276.8293916337278,58.81209427356079,82.0,12.172949011848177,2.287298771661557,0.0,0.0,0.0,0.0,0.0,0.0
12,0.0,11,360.40566359993517,"[['6' '18.409929645897932' 'marauded']
 ['22' '40.38545270616627' 'present']
 ['18' '45.00145929433915' 'present']
 ['22' '64.47426874155296' 'present']
 ['22' '75.49721539880561' 'marauded']
 ['22' '75.9969572769971' 'presentdestroyed']
 ['22' '83.74326055260073' 'marauded']
 ['22' '105.3478011532173' 'marauded']
 ['22' '130.07329274231267' 'present']
 ['22' '148.86737095564922' 'present']
 ['22' '151.5597587201244' 'present']
 ['22' '155.03042857347813' 'marauded']
 ['22' '160.69532162395996' 'destroyed']
 ['22' '161.081853578706' 'presentdestroyed']
 ['22' '170.46680377298208' 'present']
 ['22' '214.34684032253858' 'present']
 ['22' '226.03887351204648' 'marauded']
 ['22' '227.3654784096113' 'presentdestroyed']
 ['6' '233.83823915573154' 'marauded']
 ['6' '248.42758059087774' 'present']
 ['22' '251.0562029840548' 'present']
 ['22' '276.14163547257954' 'present']
 ['22' '288.71651256797736' 'present']
 ['22' '350.2350074958182' 'present']]","[['F175' '54.94379522545428' 'mated']
 ['F75' '58.37330382312352' 'mated']
 ['F137' '70.75444733231289' 'mated']
 ['F5' '109.13012941134559' 'destroyed']
 ['F5' '109.15327755949374' 'destroyed']
 ['F112' '114.94054051705176' 'absent']
 ['F106' '120.59061444148072' 'mated']
 ['F157' '146.76435018061835' 'mated']
 ['F179' '172.0922621086162' 'mated']
 ['F150' '178.82752962255447' 'absent']
 ['F206' '192.9564936025749' 'mated']
 ['F182' '231.5666960237953' 'destroyed']
 ['F116' '245.33540451372033' 'mated']
 ['F33' '268.17044718595855' 'mated']
 ['F210' '280.4379792915407' 'mated']
 ['F191' '331.945532958152' 'mated']
 ['F15' '341.98748015243655' 'absent']]",1500.0,0.0,562.0,71.62433048415875,15.53714037085314,1463.0,245.55831460452976,52.45018854450723,252.0,42.841847295291515,9.30017759443382,0.0,0.0,0.0,0.0,0.0,0.0
13,0.0,7,360.2293343703477,"[['6' '62.13764295512901' 'present']
 ['6' '196.4148592861231' 'present']
 ['21' '197.7605255885292' 'present']]","[['F53' '86.99111246374741' 'mated']
 ['F17' '156.62653429908784' 'mated']
 ['F47' '172.75830899917597' 'mated']
 ['F203' '199.41602686745327' 'mated']
 ['F127' '207.35907301641777' 'mated']
 ['F159' '212.3073184490409' 'absent']
 ['F36' '244.55981224600006' 'mated']
 ['F125' '279.95868636100204' 'absent']
 ['F190' '355.32449217381475' 'mated']]",1500.0,500.0,544.0,70.08459556690158,14.730277850007916,1704.0,290.0974212374321,62.22826064687797,0.0,0.0,0.0,0.0,0.0,0.0,0.0,0.0,0.0
14,0.0,13,360.4350661802471,"[['23' '102.6455180245578' 'present']
 ['21' '117.07815002703062' 'present']
 ['23' '126.32193456362258' 'present']
 ['23' '128.70900190678873' 'marauded']
 ['18' '141.2313911870803' 'present']
 ['23' '147.65044480934137' 'present']
 ['23' '165.00675185601938' 'marauded']
 ['23' '239.7276715031062' 'present']
 ['21' '294.6451951273053' 'present']
 ['23' '332.4058939088027' 'marauded']
 ['21' '354.6998572809969' 'present']
 ['23' '355.46455320917727' 'present']
 ['23' '357.5773184554407' 'present']]","[['F183' '51.033362594479144' 'mated']
 ['F6' '72.45047334200814' 'mated']
 ['F87' '85.69552359617782' 'mated']
 ['F101' '101.17738305511627' 'mated']
 ['F84' '119.77808422725207' 'mated']
 ['F211' '146.5800255374413' 'mated']
 ['F118' '153.04029566073845' 'mated']
 ['F17' '156.61496022501376' 'absent']
 ['F179' '172.07589389608876' '']
 ['F58' '182.65447270945555' 'mated']
 ['F167' '222.77930531661227' 'mated']
 ['F171' '229.4146405521082' 'mated']
 ['F38' '231.74544110065983' 'mated']
 ['F70' '244.42843573193687' 'mated']
 ['F36' '244.548238171926' 'absent']
 ['F11' '263.2548728278046' 'mated']
 ['F125' '279.94711228692796' 'absent']
 ['F125' '279.9702604350761' 'absent']]",1500.0,1000.0,573.0,71.85287948081393,14.866467494668969,1596.0,269.6980295848804,57.64644840805179,111.0,18.464669192747003,3.8440603509930233,0.0,0.0,0.0,0.0,0.0,0.0
15,0.0,13,359.9730757681613,"[['6' '3.8398552597607787' 'marauded']
 ['7' '5.170273694062684' 'presentdestroyed']
 ['7' '16.246020096432463' 'present']
 ['7' '24.916634581620876' 'present']
 ['7' '34.658965823966135' 'present']
 ['7' '45.592615084461755' 'present']
 ['7' '50.50899311630341' 'present']
 ['6' '56.48785009781621' 'present']
 ['6' '68.07436780199443' 'present']
 ['7' '74.69585738707654' 'marauded']
 ['18' '79.1724589824253' 'presentdestroyed']
 ['7' '90.12269467048601' 'present']
 ['7' '92.50325828301716' 'present']
 ['7' '99.81923481957863' 'present']
 ['18' '101.64654102422259' 'present']
 ['6' '106.54601254166069' 'present']
 ['18' '109.87894355798073' 'present']
 ['7' '109.90987939133966' 'present']
 ['6' '110.00866839335498' 'present']
 ['7' '128.3707752713383' 'present']
 ['6' '132.85334188129764' 'present']
 ['18' '134.77529453427263' 'present']
 ['7' '136.4918291258892' 'present']
 ['7' '144.8284172720429' 'present']
 ['18' '149.38461020323865' 'marauded']
 ['21' '151.42974446496075' 'presentdestroyed']
 ['7' '159.8452959164525' 'present']
 ['18' '162.0168277285586' 'present']
 ['7' '167.69217281284605' 'present']
 ['7' '168.26161370823792' 'present']
 ['7' '169.22317590077762' 'marauded']
 ['18' '171.29004138186193' 'presentdestroyed']
 ['7' '171.88732715064083' 'presentdestroyed']
 ['18' '172.57788786442973' 'presentdestroyed']
 ['7' '174.46316683487123' 'presentdestroyed']
 ['7' '186.43451524818377' 'marauded']
 ['7' '187.81169314654693' 'destroyed']
 ['6' '188.91195829872564' 'presentdestroyed']
 ['6' '195.85444876468046' 'present']
 ['6' '196.18185881379918' 'present']
 ['7' '203.98707341255283' 'present']
 ['6' '213.88994814532117' 'present']
 ['6' '218.81421118389926' 'present']
 ['7' '223.2992955002727' 'present']
 ['21' '223.4564561067112' 'present']
 ['7' '246.94614230679244' 'present']
 ['7' '254.20892157219362' 'marauded']
 ['18' '256.2487639129455' 'presentdestroyed']
 ['7' '260.0704827906809' 'destroyed']
 ['18' '263.45636245338216' 'present']
 ['7' '264.7775981426861' 'present']
 ['6' '289.8497698486865' 'present']
 ['7' '295.9604918983531' 'present']
 ['7' '309.2033754942662' 'present']
 ['6' '314.3113686962225' 'present']
 ['18' '317.1001347614231' 'present']
 ['7' '318.42039380666085' 'present']
 ['21' '326.9093142453324' 'present']
 ['21' '327.4022368632094' 'marauded']
 ['7' '343.88817370612026' 'present']
 ['18' '348.3847685797486' 'present']
 ['7' '354.8182898868735' 'present']]","[['F10' '55.362957897114825' 'mated']
 ['F192' '63.70405803482055' 'absent']
 ['F16' '74.52937288343355' 'mated']
 ['F55' '120.38279566637995' 'mated']
 ['F25' '130.04882697143955' 'absent']
 ['F113' '147.96773387748019' 'absent']
 ['F47' '172.7467349251019' 'destroyed']
 ['F159' '212.31889252311498' 'mated']
 ['F59' '215.37323777019432' 'mated']
 ['F195' '227.27308053191126' 'absent']
 ['F56' '230.19460344823023' 'mated']
 ['F176' '234.0370158450511' 'mated']
 ['F145' '264.8904644547214' 'mated']
 ['F100' '276.45518529133693' 'mated']
 ['F207' '278.415939779708' 'mated']
 ['F40' '283.4570930652587' 'mated']
 ['F170' '296.58606873005976' 'absent']
 ['F15' '341.9990542265106' 'mated']
 ['F105' '350.5497883275744' 'mated']]",1500.0,1500.0,562.0,69.73475524533646,14.307269072986653,1443.0,247.97771180987124,54.01216930184459,248.0,42.45223996567916,9.15437908725569,0.0,0.0,0.0,0.0,0.0,0.0
16,0.0,2,360.26793937291194,"[['7' '7.441628356081612' 'marauded']
 ['22' '32.4083376547036' 'present']
 ['22' '65.80171140674473' 'present']
 ['22' '74.35045034137805' 'present']
 ['7' '127.40679359901885' 'present']
 ['7' '133.10688653154807' 'present']
 ['22' '163.98182537190272' 'present']
 ['7' '164.17623919435633' 'marauded']
 ['22' '181.31426421797306' 'present']
 ['7' '192.17293352446228' 'present']
 ['22' '198.10718757187897' 'marauded']
 ['22' '247.8817570749566' 'present']
 ['7' '254.33686385879514' 'marauded']
 ['22' '257.17975808629865' 'presentdestroyed']
 ['22' '274.062900209595' 'present']
 ['21' '277.2943293976218' 'present']
 ['22' '286.79186793222175' 'present']
 ['22' '293.1573823333196' 'present']
 ['22' '295.59531412872553' 'present']
 ['22' '321.3413421335063' 'present']
 ['7' '325.227183698508' 'present']
 ['7' '326.36832782023254' 'present']
 ['22' '329.9943322210797' 'marauded']
 ['22' '332.64395916429544' 'presentdestroyed']
 ['22' '335.94258655367537' 'presentdestroyed']
 ['22' '343.41477979410666' 'present']
 ['7' '355.5934806664286' 'marauded']]","[['F144' '144.9292106509293' 'absent']
 ['F131' '224.8791349284178' 'mated']
 ['F48' '240.34155372580096' 'absent']
 ['F48' '252.36470187394912' 'absent']
 ['F180' '280.9851578958038' 'mated']]",2000.0,0.0,557.0,74.98894722304318,15.620414031008396,1461.0,251.02534974771743,54.955138905002556,191.0,34.01857973794454,7.578718361123226,0.0,0.0,0.0,0.0,0.0,0.0
17,0.0,7,360.2179696524287,"[['7' '68.81128481433284' 'present']
 ['23' '107.58734045412703' 'marauded']
 ['7' '110.41002645588851' 'presentdestroyed']
 ['21' '115.53286735551286' 'marauded']
 ['23' '167.04466240602707' 'present']
 ['7' '171.42175961932722' 'marauded']
 ['7' '173.48068885137485' 'presentdestroyed']
 ['7' '194.45121016465416' 'marauded']
 ['7' '222.77517119643764' 'present']
 ['7' '240.52103266548008' 'present']
 ['23' '266.5379786199784' 'present']
 ['7' '273.91885406804084' 'marauded']
 ['7' '318.76267471110407' 'present']
 ['7' '319.7254414085716' 'marauded']
 ['7' '324.16495045831863' 'presentdestroyed']]","[['F12' '96.44068714566636' 'mated']
 ['F81' '140.81332303855163' 'absent']
 ['F96' '174.40974697617094' 'destroyed']
 ['F193' '181.14030358749983' 'mated']
 ['F184' '183.23300136751232' 'mated']
 ['F200' '187.33641963421925' 'mated']
 ['F30' '187.8630624362551' 'mated']
 ['F61' '210.71787638960757' 'mated']
 ['F62' '227.64634800313468' 'absent']
 ['F189' '228.46161590318877' 'absent']
 ['F20' '259.2463635840971' 'absent']
 ['F51' '275.9434082383558' 'absentdestroyed']
 ['F111' '314.46951168413324' 'mated']]",2000.0,500.0,571.0,70.82896203756722,13.888706529534392,1494.0,252.6997308101313,53.86014921909982,214.0,36.50413844011955,7.902253753972903,0.0,0.0,0.0,0.0,0.0,0.0
18,0.054,6,360.0257234367794,"[['23' '89.60498814408409' 'present']
 ['6' '93.45414523037803' 'present']
 ['23' '130.39025155712048' 'present']
 ['6' '143.0917037984284' 'present']
 ['23' '174.79341691655765' 'present']
 ['23' '192.73109210131997' 'present']
 ['6' '198.48033967638983' 'marauded']
 ['22' '224.66968693516432' 'marauded']
 ['23' '283.6217889266943' 'marauded']]","[['F147' '37.60310330536259' 'mated']
 ['F213' '78.22452831039767' 'absent']
 ['F146' '95.82641022438982' 'mated']
 ['F187' '97.03412720699059' 'mated']
 ['F199' '163.83494993597162' 'mated']
 ['F181' '176.14885489080018' 'absent']
 ['F132' '198.788026443046' 'destroyed']
 ['F8' '202.16109505293304' 'destroyed']
 ['F171' '229.3819041270533' 'destroyed']
 ['F80' '238.7373900407864' 'mated']
 ['F154' '249.80215087286686' 'absent']
 ['F51' '275.96655638650395' 'mated']]",2000.0,1000.0,561.0,71.30645345209102,15.487277526978826,1634.0,266.7021076279108,55.715613223232964,108.0,18.163393663141864,3.982126050141979,13.0,1.3,0.13000000000000006,84.0,2.648658066300906,0.09269975994513033
19,0.0,20,359.943616785627,"[['23' '0.034722222222222224' 'present']
 ['7' '19.503690101016254' 'present']
 ['7' '30.263829832759903' 'marauded']
 ['7' '41.43804371434697' 'marauded']
 ['23' '42.4626781439562' 'presentdestroyed']
 ['23' '82.90168363762815' 'present']
 ['18' '94.45754830750234' 'present']
 ['23' '102.07591280614427' 'present']
 ['23' '110.79816723873931' 'marauded']
 ['7' '148.6345666127774' 'present']
 ['22' '156.15402554774724' 'present']
 ['7' '168.62670223727503' 'present']
 ['23' '171.77534184128746' 'present']
 ['23' '172.13882906732618' 'present']
 ['21' '190.75717505297166' 'present']
 ['21' '197.13914295078908' 'present']
 ['21' '212.77960407280978' 'present']
 ['23' '214.67846521789272' 'present']
 ['22' '220.52180614960875' 'present']
 ['23' '238.67911443833802' 'marauded']
 ['23' '247.1994475131447' 'present']
 ['23' '268.7050072454589' 'present']
 ['18' '308.24871750989024' 'present']
 ['7' '328.4220298091737' 'marauded']
 ['23' '337.9818459750798' 'present']
 ['23' '342.188018186988' 'present']]","[['F5' '109.16964577202121' 'mated']
 ['F44' '122.80385188682253' 'mated']
 ['F25' '130.06040104551363' 'mated']
 ['F13' '139.7229934639924' 'mated']
 ['F121' '154.0692798979618' 'mated']
 ['F97' '157.9418199956308' 'absent']
 ['F31' '169.95821441349523' 'mated']
 ['F161' '173.12122638642435' 'mated']
 ['F96' '174.39817290209686' 'absent']
 ['F163' '183.85068306620133' 'mated']
 ['F1' '188.378923494758' 'mated']
 ['F2' '197.22344996610428' 'mated']
 ['F24' '207.02864987554068' 'absent']
 ['F140' '214.35586053706484' 'mated']
 ['F37' '215.63054207688836' 'absent']
 ['F167' '222.75136303001074' 'absent']
 ['F62' '227.65792207720875' 'mated']
 ['F108' '235.2920252496785' 'mated']
 ['F70' '244.39371350971464' 'destroyed']
 ['F153' '248.88182237091604' 'mated']
 ['F139' '248.91876171425204' 'mated']
 ['F20' '259.27430587069864' 'mated']
 ['F160' '265.79594043592255' 'mated']
 ['F125' '279.99820272167767' 'mated']
 ['F151' '298.09116944564613' 'mated']
 ['F7' '301.5632617133271' 'mated']
 ['F23' '320.0386318020489' 'absent']]",2000.0,1500.0,578.0,66.9421626711038,12.737691324649543,1598.0,262.55567902164995,55.375301746164546,190.0,30.576395392819272,6.355524613660955,0.0,0.0,0.0,0.0,0.0,0.0
20,0.0,14,360.1916800461107,"[['6' '2.356024632263858' 'present']
 ['6' '2.67455949095369' 'present']
 ['6' '5.044663841178833' 'present']
 ['6' '13.015695696542192' 'present']
 ['6' '14.095991398200837' 'present']
 ['22' '18.259189786150436' 'present']
 ['6' '33.861590328011616' 'present']
 ['6' '78.95533831992223' 'present']
 ['6' '94.3331701430296' 'marauded']
 ['6' '94.5252130184712' 'destroyed']
 ['18' '104.26068695985195' 'marauded']
 ['6' '105.18819401263991' 'presentdestroyed']
 ['6' '113.0278069835555' 'present']
 ['6' '120.59815728801213' 'present']
 ['6' '123.61684396931302' 'present']
 ['22' '127.42867378823439' 'marauded']
 ['22' '127.73281096513136' 'presentdestroyed']
 ['6' '139.00572075302793' 'present']
 ['6' '139.4174000848458' 'present']
 ['22' '139.7751012414566' 'present']
 ['22' '147.26513203656978' 'present']
 ['22' '160.5721734758118' 'marauded']
 ['22' '167.40227323745685' 'presentdestroyed']
 ['22' '169.7555139271299' 'present']
 ['6' '176.3078956354487' 'present']
 ['6' '196.2098011004007' 'marauded']
 ['6' '199.87546008278042' 'presentdestroyed']
 ['6' '200.70288154990152' 'presentdestroyed']
 ['6' '206.54744659401413' 'present']
 ['6' '211.4249574943572' 'present']
 ['6' '213.68772975798174' 'marauded']
 ['6' '224.67413251798615' 'marauded']
 ['22' '251.03305483590665' 'present']
 ['6' '263.094122629328' 'present']
 ['6' '301.63229015859713' 'present']
 ['22' '319.7344782072043' 'present']
 ['22' '327.9953085845266' 'present']
 ['22' '329.1105627809256' 'present']
 ['22' '331.225753378789' 'present']
 ['22' '331.2489015269372' 'present']
 ['22' '335.8714701340721' 'present']
 ['6' '344.93239028270114' 'present']
 ['6' '357.7336488392862' 'marauded']]","[['F69' '71.62447485763896' 'mated']
 ['F141' '84.22375118205348' 'mated']
 ['F5' '109.14170348541967' 'absentdestroyed']
 ['F112' '114.95211459112583' 'mated']
 ['F65' '139.8625329482108' 'mated']
 ['F158' '152.92298135754788' 'mated']
 ['F138' '175.3457169097519' 'mated']
 ['F129' '178.54902388800934' 'mated']
 ['F173' '192.21924917226252' 'mated']
 ['F202' '204.17064758897175' 'mated']
 ['F186' '240.03097722502642' 'absent']
 ['F45' '248.90194128182247' 'mated']
 ['F154' '249.8368730950891' 'mated']
 ['F188' '272.25253360854197' 'mated']
 ['F67' '287.346028978578' 'mated']
 ['F128' '323.6838125930224' 'mated']
 ['F32' '335.9557794259377' 'absent']]",2500.0,0.0,574.0,67.42263102625857,13.45877564458208,1484.0,247.99633205317159,52.83981368981708,265.0,44.62635392438686,9.277704611471169,0.0,0.0,0.0,0.0,0.0,0.0
21,0.054,6,359.9393960329117,"[['6' '40.72617586035843' 'present']
 ['23' '57.97360962092583' 'present']
 ['23' '80.04788520383448' 'present']
 ['6' '102.54194272575258' 'marauded']
 ['23' '172.16677135392771' 'present']
 ['23' '221.89608413275894' 'present']
 ['23' '230.66761442473964' 'marauded']
 ['6' '243.98854923767297' 'present']
 ['23' '247.35338827480388' 'present']
 ['23' '251.52170684996386' 'present']
 ['23' '266.3827476802399' 'present']
 ['23' '312.3678097594898' 'present']
 ['6' '349.4027537956845' 'present']]","[['F26' '102.09543152178826' 'absent']
 ['F71' '139.83885835330497' 'mated']
 ['F97' '157.96496814377895' 'absent']
 ['F52' '158.8625946295212' 'mated']
 ['F162' '196.19521406381602' 'mated']
 ['F201' '206.28680082949415' 'mated']
 ['F79' '249.23074306754629' 'mated']
 ['F170' '296.6255850907354' 'mated']]",2500.0,500.0,565.0,70.90734887921145,15.166388228352343,1621.0,271.7969250275325,57.686060364555935,72.0,12.241678023094416,2.7733588624072802,15.0,1.5000000000000002,0.15000000000000008,95.0,3.596042972951279,0.14199674211248278
22,0.054,14,359.97534208500383,"[['21' '2.8124036341281364' 'marauded']
 ['23' '8.715475194063217' 'presentdestroyed']
 ['23' '14.814956292886016' 'present']
 ['23' '18.455013993395657' 'present']
 ['18' '18.96469712303497' 'marauded']
 ['23' '33.768458598802454' 'present']
 ['23' '38.27035961286043' 'present']
 ['18' '67.1369480956473' 'present']
 ['23' '86.45245397077682' 'present']
 ['23' '133.23661822323191' 'present']
 ['18' '146.01997924020762' 'present']
 ['23' '153.75749322890425' 'present']
 ['23' '174.82135920315918' 'present']
 ['23' '203.60191065481368' 'marauded']
 ['6' '223.76295311320064' 'present']
 ['23' '236.28220882492087' 'marauded']
 ['23' '245.91620417063191' 'present']
 ['21' '269.5268972171691' 'present']
 ['23' '321.7190579769941' 'present']
 ['18' '344.86925399492424' 'present']]","[['F18' '54.58367982341872' 'mated']
 ['F213' '78.24767645854583' 'mated']
 ['F50' '94.85619484631943' 'mated']
 ['F198' '110.59724511303168' 'mated']
 ['F196' '112.8814859804309' 'mated']
 ['F91' '187.08105472423975' 'mated']
 ['F8' '202.18903733953456' 'mated']
 ['F63' '219.58454052936477' 'mated']
 ['F4' '227.47463115918126' 'mated']
 ['F99' '230.84843244511742' 'mated']
 ['F182' '231.57827009786936' 'mated']
 ['F186' '240.0425512991005' 'destroyed']
 ['F178' '252.96964142428166' 'mated']
 ['F152' '323.24159682711274' 'mated']
 ['F143' '329.1394361565818' 'mated']]",2500.0,1000.0,563.0,72.18630409454282,15.803449300165546,1591.0,259.9158281625952,54.617293142391816,140.0,24.345498479839648,5.3692448982614955,15.0,1.5000000000000002,0.15000000000000008,81.0,2.1299847157839045,0.061085390946501956
23,0.054,11,360.0593562513569,"[['21' '9.963543190731468' 'present']
 ['21' '20.842625607957803' 'marauded']
 ['21' '34.31308327008675' 'present']
 ['21' '47.423624843611485' 'marauded']
 ['21' '58.65064025033375' 'marauded']
 ['22' '60.40108176707816' 'destroyed']
 ['22' '68.13987833252199' 'present']
 ['22' '83.72011240445258' 'present']
 ['21' '86.67209324764947' 'present']
 ['22' '88.51227208620791' 'present']
 ['22' '90.97467784705233' 'marauded']
 ['18' '98.42931671305382' 'present']
 ['18' '99.38557490770515' 'present']
 ['22' '111.61910288644268' 'present']
 ['18' '113.1036385737516' 'present']
 ['18' '117.14153600704428' 'marauded']
 ['18' '126.38348447264165' 'present']
 ['21' '133.78278439025465' 'present']
 ['18' '135.90136202938928' 'present']
 ['18' '153.19594903566633' 'present']
 ['22' '156.8698425848831' 'marauded']
 ['21' '157.24981403613376' 'presentdestroyed']
 ['22' '159.44496690805565' 'presentdestroyed']
 ['22' '169.73236577898174' 'present']
 ['21' '182.55740382241348' 'present']
 ['18' '194.48860096508943' 'marauded']
 ['21' '195.41183426443988' 'destroyed']
 ['22' '202.14479438757942' 'presentdestroyed']
 ['21' '210.56953059287667' 'present']
 ['22' '212.09598083410353' 'present']
 ['22' '215.94086641934754' 'present']
 ['18' '246.45994182549202' 'present']
 ['18' '246.83398184191762' 'present']
 ['22' '256.7013450729425' 'marauded']
 ['21' '263.5548050837742' 'destroyed']
 ['22' '272.23515797335403' 'present']
 ['18' '275.6792227118001' 'present']
 ['21' '280.9804465573304' 'present']
 ['21' '289.21472786279213' 'marauded']
 ['21' '292.714228893113' 'presentdestroyed']
 ['22' '298.18230572159996' 'present']
 ['18' '311.6853952574048' 'present']
 ['18' '318.3662269382776' 'present']
 ['21' '319.28247478847766' 'present']
 ['18' '341.36191894153444' 'present']
 ['22' '342.6661028720764' 'present']
 ['21' '355.1286224047881' 'present']]","[['F14' '24.19684044721236' 'destroyed']
 ['F102' '55.50793512718869' 'mated']
 ['F41' '80.20500675758609' 'mated']
 ['F50' '94.84462077224535' 'destroyed']
 ['F146' '95.81004201186235' 'destroyed']
 ['F12' '96.42431893313889' 'destroyed']
 ['F156' '124.36876969630502' '']
 ['F54' '158.28486617553287' 'destroyed']
 ['F126' '160.48898345994033' 'destroyed']
 ['F3' '165.23457705919168' 'mated']
 ['F90' '181.12475515339676' 'mated']
 ['F57' '186.96650253525667' 'absent']
 ['F8' '202.1774632654605' 'destroyed']
 ['F24' '207.04022394961476' 'mated']
 ['F85' '207.4836522506598' 'mated']
 ['F167' '222.73978895593666' 'absent']
 ['F167' '222.7629371040848' 'absent']
 ['F171' '229.39827233958076' 'absent']
 ['F134' '233.70808595943896' 'mated']
 ['F28' '237.2113269575731' 'mated']
 ['F186' '240.05412537317457' 'mated']
 ['F72' '247.6021524141983' 'mated']
 ['F20' '259.26273179662456' 'destroyed']
 ['F165' '340.60183793180033' 'mated']]",2500.0,1500.0,567.0,71.42612071528978,14.787582325199049,1364.0,230.23515963362567,48.675763992893316,331.0,54.89119834368241,11.719779577719235,13.0,1.3,0.13000000000000006,81.0,2.204668717053242,0.06322873799725648
