id,probability_maraud,successful_mating,next_foraging_time,mar_attempts,mate_attempts,x_pos,y_pos,foraging_events,foraging_hrs,foraging_sqhrs,staying_events,staying_hrs,staying_sqhrs,repairing_events,repairing_hrs,repairing_sqhrs,marauding_events,marauding_hrs,marauding_sqhrs,traveling_events,traveling_hrs,traveling_sqhrs
0,0.0,5,360.3028509964644,"[['4' '10.410584941196618' 'present']
 ['20' '12.453606748160075' 'present']
 ['4' '12.700663172679794' 'present']
 ['4' '13.449313827755663' 'marauded']
 ['4' '19.43024865721329' 'destroyed']
 ['20' '26.86398574608142' 'present']
 ['20' '35.682377916124445' 'present']
 ['20' '42.35564234294961' 'marauded']
 ['20' '50.75961235489682' 'present']
 ['3' '54.609784541522444' 'marauded']
 ['3' '55.96346906109966' 'destroyed']
 ['4' '56.73415446694006' 'presentdestroyed']
 ['20' '62.139433430987225' 'present']
 ['4' '68.92166053690553' 'present']
 ['3' '71.2985746589472' 'present']
 ['3' '72.28732755796369' 'present']
 ['3' '72.92102923325882' 'present']
 ['3' '74.73892368127711' 'marauded']
 ['20' '78.05595994307716' 'presentdestroyed']
 ['4' '81.47904041936921' 'presentdestroyed']
 ['3' '85.30063551561918' 'present']
 ['4' '94.39691198791476' 'present']
 ['3' '96.91156832229862' 'present']
 ['20' '98.13306349043556' 'present']
 ['4' '101.98035922967676' 'present']
 ['3' '106.54858882201374' 'present']
 ['20' '108.16677334145632' 'present']
 ['3' '132.6156875161272' 'marauded']
 ['20' '142.86484814037598' 'present']
 ['21' '154.86720961054024' 'marauded']
 ['7' '156.39923769977062' 'presentdestroyed']
 ['20' '184.20373925690868' 'present']
 ['7' '186.13292709764988' 'marauded']
 ['20' '191.00745102281837' 'presentdestroyed']
 ['20' '192.10147485426376' 'destroyed']
 ['4' '194.23116748316318' 'present']
 ['3' '198.32305126822592' 'present']
 ['3' '202.94000745147684' 'present']
 ['4' '203.520462986525' 'present']
 ['20' '207.62720258405196' 'marauded']
 ['4' '213.12113033401934' 'presentdestroyed']
 ['20' '214.00471253677281' 'presentdestroyed']
 ['3' '214.5124297841932' 'marauded']
 ['3' '231.92853928774622' 'present']
 ['4' '238.81406894217497' 'present']
 ['4' '239.30729257878798' 'present']
 ['3' '239.77125045593326' 'present']
 ['20' '249.51706557417052' 'marauded']
 ['20' '253.5966497666471' 'presentdestroyed']
 ['3' '281.05686442193326' 'marauded']
 ['3' '291.4258092307065' 'present']
 ['3' '295.2139323124282' 'marauded']
 ['4' '299.80979394607687' 'presentdestroyed']
 ['7' '300.2278827422597' 'presentdestroyed']
 ['3' '300.38034479257027' 'presentdestroyed']
 ['3' '324.2043724931075' 'marauded']
 ['4' '326.7876625342666' 'presentdestroyed']
 ['20' '328.88044587158555' 'presentdestroyed']
 ['4' '329.7383229047688' 'presentdestroyed']
 ['20' '346.01794807558224' 'present']
 ['20' '354.99837801869796' 'present']
 ['20' '358.2296930955537' 'present']]","[['F54' '44.992420515462975' 'destroyed']
 ['F141' '82.37251137110876' 'destroyed']
 ['F133' '128.70281460384692' 'mated']
 ['F176' '168.72425126835236' 'mated']
 ['F9' '200.525433744192' 'mated']
 ['F144' '204.46075642378878' 'mated']
 ['F23' '228.78590277754708' 'absent']
 ['F78' '251.42546304749695' 'absentdestroyed']
 ['F201' '263.48917359883797' 'mated']]",0.0,0.0,567.0,70.50984403439189,14.933473355504395,1244.0,209.9699824485421,45.213766483595215,460.0,79.54079835705024,17.336147271392427,0.0,0.0,0.0,0.0,0.0,0.0
1,0.0,16,360.30529290251803,"[['21' '22.10433089377594' 'present']
 ['21' '25.57462405113336' 'present']
 ['21' '40.19944368392856' 'present']
 ['21' '43.183182099435825' 'marauded']
 ['4' '49.0923732301109' 'presentdestroyed']
 ['6' '51.064195536110205' 'present']
 ['6' '115.01195446629221' 'marauded']
 ['20' '132.30287702365962' 'present']
 ['21' '136.46386967173282' 'present']
 ['21' '136.70321840170416' 'present']
 ['21' '141.64349631602082' 'marauded']
 ['21' '149.48650710387287' 'present']
 ['20' '154.71747185040107' 'present']
 ['21' '212.96210353611994' 'marauded']
 ['21' '214.38582937426185' 'presentdestroyed']
 ['21' '221.20807396301552' 'present']
 ['21' '240.22813872378725' 'present']
 ['21' '244.8391671077005' 'present']
 ['21' '251.66775875420592' 'present']
 ['21' '258.4104555985387' 'present']
 ['21' '260.89793838119533' 'present']
 ['21' '289.6428668500187' 'present']
 ['21' '316.4218891662046' 'present']
 ['21' '320.482927474769' 'marauded']
 ['21' '326.56103162292914' 'presentdestroyed']
 ['21' '334.23689041104734' 'present']
 ['21' '336.93948272958113' 'present']
 ['21' '344.81057356921957' 'present']
 ['21' '345.7876697284641' 'present']
 ['21' '353.4711779759253' 'present']
 ['4' '358.09732545738404' 'present']]","[['F95' '26.391919645162254' 'mated']
 ['F51' '120.39896362025563' 'absentdestroyed']
 ['F150' '137.58068372242371' 'mated']
 ['F153' '149.53214542463496' 'mated']
 ['F102' '154.51059906661266' 'mated']
 ['F92' '187.21387948905124' 'mated']
 ['F63' '207.3139761808053' 'mated']
 ['F121' '208.8651744123336' 'mated']
 ['F210' '211.96778187129217' 'mated']
 ['F70' '227.78114760119428' 'mated']
 ['F189' '236.30906138365188' 'mated']
 ['F208' '255.4018642605689' 'mated']
 ['F157' '262.1663888298062' 'mated']
 ['F107' '265.77713743980235' 'mated']
 ['F101' '267.8738899892211' 'mated']
 ['F26' '282.94603244749237' 'mated']
 ['F12' '339.16670318048193' 'mated']]",0.0,1000.0,550.0,74.27788429203427,16.761873024052495,1540.0,255.53951181613084,53.986599525237175,172.0,30.44281148189044,6.8022759603544936,0.0,0.0,0.0,0.0,0.0,0.0
2,0.0,6,360.23213462184464,"[['3' '0.6747534565019427' 'present']
 ['6' '1.1289238267490624' 'marauded']
 ['6' '29.205083622510898' 'present']
 ['6' '29.388880353406932' 'present']
 ['6' '62.48890626593165' 'present']
 ['3' '72.96732552955513' 'marauded']
 ['6' '73.7630133947835' 'destroyed']
 ['3' '73.91828238705439' 'presentdestroyed']
 ['6' '81.78960720894776' 'present']
 ['3' '92.59212137015501' 'present']
 ['6' '106.21181553328033' 'marauded']
 ['7' '111.55563193913426' 'destroyed']
 ['3' '119.70637606903564' 'marauded']
 ['3' '119.94076393257785' 'presentdestroyed']
 ['6' '126.93917485945128' 'destroyed']
 ['3' '129.9159492212903' 'present']
 ['3' '145.88573166241667' 'present']
 ['6' '157.41296275361356' 'present']
 ['3' '161.48269317793708' 'present']
 ['3' '164.57584977648054' 'present']
 ['6' '194.38729405301035' 'present']
 ['3' '198.21880917231329' 'present']
 ['6' '198.81575304523835' 'present']
 ['3' '226.24276700729644' 'present']
 ['3' '229.85415893103269' 'present']
 ['3' '230.44090618477935' 'present']
 ['6' '232.56986524108854' 'present']
 ['6' '238.75269668578693' 'marauded']
 ['6' '245.2819589541672' 'presentdestroyed']
 ['6' '251.30426700447154' 'present']
 ['6' '252.52815464556335' 'marauded']
 ['6' '273.5688830040749' 'present']
 ['3' '298.42933308337916' 'present']
 ['3' '304.8434881995069' 'marauded']
 ['3' '309.645584764873' 'presentdestroyed']
 ['3' '310.1027634431685' 'presentdestroyed']
 ['6' '323.65158683830276' 'present']
 ['6' '333.4621023046469' 'present']
 ['6' '338.18479497456366' 'present']
 ['6' '343.720422415478' 'present']
 ['6' '343.96967723328726' 'present']
 ['6' '353.20411626358674' 'present']]","[['F95' '26.368771497014105' 'absent']
 ['F4' '73.30058723637282' 'destroyed']
 ['F172' '82.96406682349274' 'mated']
 ['F13' '112.56845176975654' 'destroyed']
 ['F170' '118.0505412994738' 'mated']
 ['F51' '120.37581547210748' 'destroyed']
 ['F211' '126.6576466235698' 'destroyed']
 ['F60' '142.47539874304627' 'mated']
 ['F132' '188.2015455094483' 'mated']
 ['F149' '230.92016750460255' 'mated']
 ['F156' '241.30567869572224' 'destroyed']
 ['F140' '280.70922546321225' 'mated']]",0.0,2000.0,550.0,72.83629797737242,16.077348378850026,1441.0,244.73730222565771,52.268372411771594,250.0,42.5233673561967,9.035490938179409,0.0,0.0,0.0,0.0,0.0,0.0
3,0.054,14,360.41751389312793,"[['7' '3.264944521083054' 'present']
 ['4' '7.94311596548754' 'marauded']
 ['4' '51.244229578595075' 'present']
 ['7' '59.94749991386173' 'present']
 ['7' '102.97645870747408' 'present']
 ['7' '126.4832068091225' 'present']
 ['7' '133.4508645832891' 'present']
 ['7' '144.84727479032287' 'present']
 ['7' '175.995273974755' 'marauded']
 ['7' '180.28332478042796' 'presentdestroyed']
 ['7' '199.49569651093483' 'present']
 ['7' '225.0607833987275' 'present']
 ['7' '251.28138696873467' 'marauded']
 ['7' '255.80767120641013' 'presentdestroyed']
 ['7' '258.43241374309866' 'presentdestroyed']
 ['7' '281.69181219579303' 'marauded']
 ['7' '295.4043513545073' 'present']
 ['7' '295.8762503321376' 'present']
 ['6' '303.33534375530826' 'present']
 ['7' '306.74599986387875' 'present']
 ['7' '311.7253595106168' 'present']
 ['7' '317.33577554281555' 'present']
 ['7' '331.79859656438305' 'present']
 ['6' '358.56050329186417' 'present']]","[['F64' '77.16046592991951' 'mated']
 ['F179' '77.71389854962908' 'mated']
 ['F128' '78.52952690018002' 'mated']
 ['F141' '82.39565951925691' 'absent']
 ['F31' '89.68538040240254' 'mated']
 ['F75' '101.60247624851625' 'absent']
 ['F75' '101.64877254481256' 'absent']
 ['F180' '135.84879301300853' 'mated']
 ['F94' '160.1766680432327' 'mated']
 ['F134' '163.40084671841228' 'mated']
 ['F160' '184.55141128763705' 'mated']
 ['F144' '204.43760827564063' 'absent']
 ['F122' '205.6206286798187' 'mated']
 ['F123' '211.97696910908337' 'mated']
 ['F23' '228.80905092569523' 'mated']
 ['F100' '232.23544124812892' 'mated']
 ['F48' '239.06041561367945' 'mated']
 ['F171' '292.7377851854009' 'mated']]",0.0,3000.0,578.0,69.02360037987253,13.761534101538226,1522.0,261.1136479462292,56.6768192966923,152.0,24.428982796338204,4.997520742227267,18.0,1.8000000000000005,0.1800000000000001,82.0,3.853825957737003,0.1821844993141287
4,0.054,10,360.0531801779686,"[['7' '20.50244917374732' 'marauded']
 ['7' '55.04298676660866' 'present']
 ['7' '82.51580646071703' 'marauded']
 ['3' '108.16393988814889' 'present']
 ['7' '130.244368292018' 'present']
 ['7' '137.3628958577749' 'present']
 ['7' '199.16768034555977' 'present']
 ['7' '248.545536089206' 'marauded']
 ['7' '251.49811871235025' 'presentdestroyed']
 ['7' '273.6174784302483' 'marauded']
 ['7' '274.77451539650576' 'destroyed']
 ['7' '295.358055058211' 'present']
 ['7' '313.0679529003996' 'marauded']
 ['7' '331.84489286067935' 'marauded']
 ['7' '334.1431887649258' 'presentdestroyed']]","[['F54' '44.92297607101854' 'absent']
 ['F54' '44.96927236731483' 'absent']
 ['F54' '57.01556866361112' 'mated']
 ['F119' '70.48264198359539' 'mated']
 ['F8' '82.75686964108127' 'absentdestroyed']
 ['F117' '88.2256495617235' 'destroyed']
 ['F117' '88.31824215431611' 'destroyed']
 ['F1' '96.4568755032064' 'mated']
 ['F36' '104.92008569159312' 'mated']
 ['F88' '129.13840959572534' 'absent']
 ['F178' '151.97550281903952' 'mated']
 ['F109' '161.13051195401022' 'mated']
 ['F174' '188.51710755432472' 'mated']
 ['F61' '203.1993327375533' 'mated']
 ['F66' '212.49713418104542' 'absent']
 ['F108' '227.72307820730651' 'mated']
 ['F205' '286.5330163052724' 'absent']
 ['F110' '298.6157095611556' 'mated']]",1000.0,0.0,572.0,72.41883390652991,15.09233199753611,1489.0,246.7207149785253,52.05100638197163,202.0,36.597232205180994,8.157713643957846,9.0,0.8999999999999999,0.09000000000000002,70.0,3.374976617435724,0.16503772290809318
5,0.0,7,360.5163719453448,"[['6' '20.699890309074096' 'present']
 ['4' '58.89186991890209' 'present']
 ['4' '91.18468476972879' 'present']
 ['6' '114.55333316698263' 'present']
 ['6' '116.28309651126527' 'present']
 ['6' '148.12282631189697' 'marauded']
 ['4' '158.23735177159392' 'present']
 ['4' '159.98629595173895' 'present']
 ['6' '185.40823817697293' 'present']
 ['6' '197.50724542171474' 'present']
 ['6' '201.62295768521358' 'present']
 ['4' '216.3027074035791' 'present']
 ['6' '219.77213855696525' 'marauded']
 ['6' '237.03524999120015' 'present']
 ['4' '237.38413612357556' 'present']
 ['6' '246.75731471320435' 'present']
 ['6' '258.7657260321099' 'present']
 ['6' '259.9342319913603' 'present']
 ['6' '260.788943790088' 'present']
 ['6' '263.6035190378904' 'marauded']
 ['4' '286.33406496310533' 'present']
 ['6' '289.099048633802' 'present']
 ['6' '302.9745327759713' 'present']
 ['6' '309.04700930291057' 'present']
 ['4' '324.6645010316361' 'present']
 ['6' '348.0734410634671' 'present']
 ['4' '358.5531439720522' 'present']]","[['F116' '61.33811936486024' 'mated']
 ['F8' '82.78001778922942' 'mated']
 ['F51' '120.42211176840378' 'mated']
 ['F88' '129.1615577438735' 'mated']
 ['F153' '149.5089972764868' 'destroyed']
 ['F178' '151.95235467089137' 'destroyed']
 ['F93' '171.58290024727864' 'mated']
 ['F79' '178.0278822983838' 'mated']
 ['F71' '194.72727833383985' 'mated']
 ['F206' '198.31660906052232' 'absent']
 ['F121' '208.84202626418545' 'absent']
 ['F113' '264.0197562814076' 'destroyed']
 ['F12' '339.1435550323338' 'absent']]",1000.0,1000.0,579.0,67.38735818849673,12.430836595557702,1639.0,274.348665456421,58.750469160678016,120.0,18.28466585781161,3.5566004446073043,0.0,0.0,0.0,0.0,0.0,0.0
6,0.054,8,360.39395293727927,"[['7' '3.9914539606753454' 'present']
 ['3' '5.187950938433002' 'marauded']
 ['7' '13.261682919568736' 'marauded']
 ['7' '53.01977545062972' 'marauded']
 ['7' '70.93622798847798' 'present']
 ['7' '77.09067891568138' 'present']
 ['7' '99.73089044402928' 'present']
 ['7' '122.47971968196083' 'present']
 ['7' '128.10347131018395' 'present']
 ['7' '155.5375956459904' 'present']
 ['7' '158.59993833782008' 'marauded']
 ['7' '167.08102091455117' 'marauded']
 ['7' '171.38879204716244' 'presentdestroyed']
 ['7' '201.99846170275828' 'present']
 ['7' '206.00259240560175' 'marauded']
 ['7' '207.14820397382903' 'presentdestroyed']
 ['7' '282.567034174573' 'present']
 ['7' '302.0379397339273' 'present']
 ['7' '354.63367426101485' 'present']]","[['F4' '73.32373538452097' 'mated']
 ['F117' '88.2719458580198' 'absent']
 ['F13' '112.59159991790469' 'mated']
 ['F38' '123.74639255825393' 'mated']
 ['F5' '175.62658161888345' 'mated']
 ['F35' '197.54304049666803' 'mated']
 ['F156' '241.3288268438704' 'mated']
 ['F113' '264.04290442955573' 'mated']
 ['F39' '325.07076077011345' 'mated']]",1000.0,2000.0,571.0,66.43215324734471,13.026920885854064,1479.0,251.63458111386015,54.492085575522324,211.0,36.521707198343485,7.9978341099098245,16.0,1.6000000000000003,0.1600000000000001,86.0,4.096540804362896,0.1971879286694099
7,0.054,11,360.2911841735237,"[['6' '1.0826275304527662' 'present']
 ['4' '10.791341187527694' 'present']
 ['4' '16.556214206211752' 'present']
 ['3' '28.77412555144095' 'present']
 ['6' '30.644641089802665' 'marauded']
 ['6' '40.01625781846639' 'marauded']
 ['3' '40.700997553164065' 'presentdestroyed']
 ['6' '46.432483386075404' 'presentdestroyed']
 ['4' '51.70226944969022' 'present']
 ['4' '56.78045076323635' 'present']
 ['3' '57.31942861781034' 'present']
 ['6' '61.36801895162603' 'marauded']
 ['4' '75.99238766010228' 'present']
 ['4' '80.19541563216305' 'present']
 ['6' '80.95094489939278' 'present']
 ['6' '83.7581507323205' 'marauded']
 ['6' '84.84572190572064' 'destroyed']
 ['3' '85.34693181191548' 'destroyed']
 ['3' '88.42325114427827' 'presentdestroyed']
 ['3' '89.57301913004919' 'destroyed']
 ['3' '91.77976716951598' 'marauded']
 ['4' '105.47543085177169' 'present']
 ['6' '106.63196594972072' 'present']
 ['6' '126.19882978082998' 'present']
 ['3' '129.48456918791206' 'present']
 ['4' '130.44299100312784' 'present']
 ['6' '133.10977140946278' 'present']
 ['3' '138.66874482578794' 'present']
 ['6' '140.5471014069877' 'present']
 ['3' '157.6780142800731' 'present']
 ['4' '158.94010306096462' 'marauded']
 ['3' '165.30364315080163' 'presentdestroyed']
 ['6' '179.81177494291967' 'present']
 ['6' '187.33449893486537' 'present']
 ['3' '188.62047020869093' 'marauded']
 ['3' '211.8433140381038' 'present']
 ['3' '228.5199069120706' 'present']
 ['3' '229.20991628757702' 'present']
 ['4' '230.47667583224327' 'marauded']
 ['3' '237.8977829720428' 'marauded']
 ['6' '240.40492838030676' 'presentdestroyed']
 ['6' '245.96421603224812' 'present']
 ['6' '249.06698109441635' 'present']
 ['4' '263.46762632378875' 'present']
 ['3' '265.5893014401809' 'marauded']
 ['4' '268.99626494086124' 'presentdestroyed']
 ['3' '270.48451363751497' 'presentdestroyed']
 ['6' '272.5162558131872' 'presentdestroyed']
 ['6' '273.3137474842991' 'presentdestroyed']
 ['6' '276.9104609436821' 'present']
 ['6' '289.6190108145912' 'present']
 ['4' '296.307010015164' 'present']
 ['3' '299.40099740298047' 'present']
 ['6' '317.2474296922415' 'present']
 ['6' '322.6193368697314' 'present']
 ['6' '325.1565250156327' 'present']
 ['3' '338.5593271315705' 'marauded']
 ['3' '340.3714971121683' 'presentdestroyed']
 ['4' '341.84669827276' 'presentdestroyed']
 ['4' '341.8929945690563' 'presentdestroyed']
 ['3' '342.2879076990401' 'presentdestroyed']
 ['3' '350.25238113168945' 'present']
 ['4' '359.4019549297191' 'present']]","[['F58' '11.908711726078334' 'mated']
 ['F45' '23.487240042986567' 'mated']
 ['F54' '44.946124219166684' 'destroyed']
 ['F117' '88.24879770987165' 'destroyed']
 ['F117' '88.29509400616796' 'destroyed']
 ['F1' '96.43372735505825' 'destroyed']
 ['F75' '101.67192069296071' 'mated']
 ['F103' '117.07196393492437' 'mated']
 ['F138' '122.86992543263588' 'mated']
 ['F135' '156.49053828771346' 'mated']
 ['F165' '167.01931865975672' 'mated']
 ['F87' '192.44105183004424' 'destroyed']
 ['F184' '220.1415352452511' 'mated']
 ['F194' '225.3394248779568' 'mated']
 ['F100' '232.21229309998077' 'destroyed']
 ['F161' '258.61396025334085' 'mated']
 ['F11' '289.5469916545134' 'mated']]",1000.0,3000.0,554.0,70.60334129875896,15.193535882363147,1288.0,216.9815277311271,46.96203451216462,376.0,67.284315192135,15.184999568334408,16.0,1.6000000000000003,0.1600000000000001,76.0,3.5952247337727945,0.1714677640603565
8,0.0,15,360.40760497339903,"[['4' '10.99670979041095' 'present']
 ['4' '43.56725378892209' 'marauded']
 ['4' '53.814398833203505' 'present']
 ['4' '61.15870354652164' 'present']
 ['4' '64.87106047666508' 'present']
 ['4' '72.6095167435219' 'marauded']
 ['4' '79.84997625670233' 'destroyed']
 ['4' '101.93406293338046' 'present']
 ['4' '116.94365045602747' 'present']
 ['4' '136.62215892691222' 'present']
 ['4' '141.14929766984386' 'marauded']
 ['4' '165.90411879767007' 'present']
 ['4' '166.31574659912337' 'present']
 ['4' '175.9652639455924' 'present']
 ['4' '180.18445483114695' 'present']
 ['4' '196.1565203972426' 'marauded']
 ['13' '201.56495681007956' 'presentdestroyed']
 ['4' '208.09739422013783' 'present']
 ['13' '219.42502422379624' 'present']
 ['4' '232.95951145205984' 'present']
 ['4' '259.01692338263456' 'present']
 ['4' '330.4705706594723' 'present']
 ['4' '345.13465680089007' 'present']]","[['F192' '11.213816767492798' 'mated']
 ['F54' '44.899827922870394' 'destroyed']
 ['F117' '100.34139030246426' 'mated']
 ['F15' '155.7568222407427' 'mated']
 ['F109' '161.10736380586206' 'absent']
 ['F202' '166.0853531869962' 'mated']
 ['F87' '192.47378825509918' 'mated']
 ['F57' '209.06460441708236' 'mated']
 ['F66' '212.52028232919358' 'absent']
 ['F89' '217.45578056286854' 'mated']
 ['F69' '225.2334385882776' 'mated']
 ['F90' '227.89033666606832' 'mated']
 ['F143' '237.53150430082297' 'mated']
 ['F212' '240.94317176921246' 'mated']
 ['F14' '249.09364322113237' 'mated']
 ['F205' '286.55616445342054' 'mated']
 ['F42' '331.94165221737046' 'mated']
 ['F142' '355.3426734249873' 'mated']]",2000.0,0.0,573.0,67.67675289902967,13.409418452077531,1571.0,267.87601410127974,57.75788430490055,150.0,24.59685404646995,5.052453268031488,0.0,0.0,0.0,0.0,0.0,0.0
9,0.0,13,360.1119214697752,"[['13' '0.0720077902043483' 'present']
 ['13' '1.174151301280098' 'marauded']
 ['13' '7.660059462786508' 'destroyed']
 ['14' '10.464369837271072' 'present']
 ['13' '11.089473638677552' 'present']
 ['13' '36.16764901464001' 'present']
 ['13' '39.5705126777574' 'present']
 ['13' '40.77575859120118' 'present']
 ['13' '47.22544224041258' 'present']
 ['13' '83.78230922943456' 'present']
 ['6' '129.75880401170195' 'present']
 ['13' '136.8302696840393' 'present']
 ['13' '150.0499850185701' 'present']
 ['13' '151.27363850181627' 'present']
 ['13' '156.6182287136303' 'present']
 ['13' '164.6909744051855' 'marauded']
 ['14' '165.73553627906406' 'presentdestroyed']
 ['13' '176.15243099377798' 'present']
 ['13' '202.0350847202368' 'present']
 ['13' '211.43474769235345' 'present']
 ['13' '215.77840394286127' 'present']
 ['13' '232.20905016676016' 'marauded']
 ['13' '240.1583137751621' 'present']
 ['13' '241.36023222596216' 'present']
 ['13' '246.75765784980626' 'present']
 ['13' '256.21845955471775' 'present']
 ['13' '281.8561180171164' 'present']
 ['13' '291.2875967449439' 'present']
 ['13' '304.2864755557788' 'present']
 ['4' '321.0209734136672' 'present']
 ['13' '357.34264735509277' 'present']]","[['F200' '112.40539820360486' 'mated']
 ['F213' '117.58916186731759' 'mated']
 ['F16' '130.1674440397593' 'mated']
 ['F77' '145.42957740711879' 'mated']
 ['F28' '150.8058293523511' 'mated']
 ['F130' '175.5456873959454' 'mated']
 ['F195' '176.1896531533665' 'mated']
 ['F151' '182.5685827091933' 'mated']
 ['F158' '188.64795762743512' 'mated']
 ['F206' '198.33975720867048' 'mated']
 ['F55' '285.33793535282985' 'mated']
 ['F126' '309.9085147379355' 'mated']
 ['F46' '320.27752580871163' 'mated']]",2000.0,1000.0,565.0,70.46015145850602,14.515136666795135,1644.0,271.2744379174187,56.28582707126507,109.0,18.474858646195862,4.067527673911911,0.0,0.0,0.0,0.0,0.0,0.0
10,0.0,9,359.9187272743651,"[['14' '1.5508338576395144' 'marauded']
 ['6' '3.0144813116713425' 'presentdestroyed']
 ['14' '3.291719777385551' 'presentdestroyed']
 ['14' '12.313823371194403' 'present']
 ['14' '16.97150564919709' 'present']
 ['14' '49.60229488110702' 'marauded']
 ['14' '77.90603134944622' 'present']
 ['14' '79.29135756977533' 'present']
 ['14' '84.52749806202071' 'present']
 ['6' '86.82266018417286' 'present']
 ['14' '97.14029137716182' 'present']
 ['14' '98.92677536441742' 'present']
 ['6' '109.4474789208707' 'present']
 ['14' '112.851718505594' 'present']
 ['6' '113.26807565215154' 'marauded']
 ['14' '117.012263590797' 'presentdestroyed']
 ['6' '121.18033350832552' 'present']
 ['14' '122.0857477559828' 'present']
 ['14' '125.74575441301933' 'marauded']
 ['6' '187.1059539397597' 'present']
 ['14' '208.62041006193294' 'present']
 ['6' '225.8747663904582' 'marauded']
 ['6' '264.9510034669606' 'present']
 ['6' '268.8142779740468' 'present']
 ['6' '270.6675811880727' 'present']
 ['6' '273.3838322934868' 'present']
 ['6' '283.3352898584175' 'present']
 ['6' '301.41586975354846' 'present']
 ['14' '305.685310473074' 'present']
 ['6' '306.61506981666014' 'marauded']
 ['6' '319.49601888951264' 'marauded']
 ['14' '329.8914392734385' 'marauded']
 ['14' '338.72200383328817' 'present']]","[['F167' '59.352546044512216' 'mated']
 ['F80' '82.74322867199245' 'mated']
 ['F139' '93.96936360629114' 'mated']
 ['F10' '137.27863460308015' 'mated']
 ['F49' '175.3953875195261' 'mated']
 ['F53' '179.68607827448557' 'mated']
 ['F155' '205.7302589023702' 'mated']
 ['F118' '217.89770466947223' 'mated']
 ['F50' '235.22126909612183' 'absent']
 ['F175' '251.237140159692' 'mated']
 ['F55' '285.3147872046817' 'absent']]",2000.0,2000.0,558.0,72.92216497898251,15.742817322533467,1388.0,238.38779759262727,51.90319896072062,289.0,48.754523756438026,10.551768893102745,0.0,0.0,0.0,0.0,0.0,0.0
11,0.0,9,360.6874435874438,"[['7' '17.363023158664756' 'present']
 ['7' '28.44120337141532' 'present']
 ['7' '47.33430598616523' 'present']
 ['7' '50.59798744883999' 'present']
 ['7' '70.69016852798771' 'present']
 ['4' '76.93071099253329' 'present']
 ['7' '77.9043883347745' 'present']
 ['7' '83.63890158120316' 'marauded']
 ['7' '117.48026487439877' 'present']
 ['7' '121.81008895120051' 'present']
 ['7' '158.1411983800205' 'present']
 ['7' '180.47499365486536' 'present']
 ['4' '182.59399386576752' 'marauded']
 ['7' '202.04475799905458' 'present']
 ['7' '219.77329833746913' 'present']
 ['7' '225.9801430412092' 'present']
 ['7' '247.88113432938042' 'present']
 ['7' '256.7657390041235' 'present']
 ['7' '280.3999904244914' 'present']
 ['7' '301.991643437631' 'present']
 ['7' '324.18188673018994' 'present']
 ['7' '331.9950277714678' 'present']
 ['6' '349.3205893191148' 'present']]","[['F199' '36.85306388490647' 'mated']
 ['F215' '70.13910060465759' 'absent']
 ['F193' '99.29777950485014' 'mated']
 ['F74' '99.90031044029296' 'mated']
 ['F191' '171.22080574812338' 'mated']
 ['F168' '203.2267346076409' 'absent']
 ['F155' '205.70711075422204' 'absent']
 ['F169' '234.49600281207006' 'mated']
 ['F14' '249.07049507298422' 'absent']
 ['F137' '269.3383750696834' 'mated']
 ['F86' '277.1129686250564' 'mated']
 ['F7' '307.59433923583515' 'mated']
 ['F6' '338.65299173231836' 'mated']]",2000.0,3000.0,560.0,72.16497398762662,14.616983305038202,1605.0,275.6158785607424,59.680871133631165,73.0,12.383174914741042,2.755795949672917,0.0,0.0,0.0,0.0,0.0,0.0
12,0.0,9,360.06489461114074,"[['13' '8.047362712427768' 'present']
 ['13' '9.648915512056382' 'present']
 ['16' '35.871103253770194' 'present']
 ['13' '56.38627130897304' 'marauded']
 ['16' '67.14329901023882' 'present']
 ['16' '69.95069695510206' 'present']
 ['13' '75.39173366801215' 'marauded']
 ['13' '77.79024510627062' 'presentdestroyed']
 ['16' '77.9256336334274' 'presentdestroyed']
 ['16' '86.03480183509524' 'present']
 ['13' '87.90647209052011' 'present']
 ['16' '95.22991482277325' 'marauded']
 ['13' '99.54941314301195' 'presentdestroyed']
 ['16' '99.81829746345396' 'presentdestroyed']
 ['16' '116.34121987011683' 'present']
 ['13' '130.17058096521475' 'present']
 ['16' '133.6542545335561' 'present']
 ['16' '143.00720834017045' 'marauded']
 ['13' '152.12898359017717' 'present']
 ['13' '157.41256412497737' 'present']
 ['16' '165.08531771667742' 'present']
 ['13' '187.60309230444372' 'marauded']
 ['16' '207.01407561346028' 'present']
 ['16' '209.8015485428893' 'present']
 ['13' '213.66019296856695' 'present']
 ['13' '219.53589355502749' 'marauded']
 ['13' '226.99994498670085' 'presentdestroyed']
 ['16' '252.5458928764667' 'present']
 ['16' '269.7288148523747' 'present']
 ['16' '275.42438367101255' 'present']
 ['16' '277.383765381514' 'present']
 ['16' '278.4430820210566' 'present']
 ['13' '289.2943551256966' 'present']
 ['13' '295.95135636410953' 'marauded']
 ['13' '304.3327718520751' 'present']
 ['13' '312.8575072864992' 'marauded']
 ['13' '313.1951269142251' 'presentdestroyed']
 ['16' '335.965729257916' 'present']
 ['13' '338.662503522491' 'present']
 ['16' '339.7774796939347' 'present']
 ['13' '344.48795711306326' 'present']
 ['13' '349.8796652011354' 'present']
 ['13' '356.12466030665814' 'present']
 ['13' '359.657765503753' 'present']]","[['F197' '53.47185506716851' 'mated']
 ['F215' '70.18539690095389' 'mated']
 ['F96' '104.96154344344038' 'mated']
 ['F56' '133.83598272756535' 'mated']
 ['F207' '158.0373683492045' 'mated']
 ['F66' '212.54343047734173' 'mated']
 ['F124' '220.63731055652022' 'destroyed']
 ['F69' '225.21029044012946' 'absentdestroyed']
 ['F27' '235.5380045447305' 'mated']
 ['F143' '237.50835615267482' 'absent']
 ['F43' '248.7992141373652' 'mated']
 ['F104' '252.00134603824364' 'mated']
 ['F46' '320.184933216119' '']]",3000.0,0.0,570.0,68.59970152716583,14.103266233891214,1441.0,242.43330863409173,51.42327506231468,276.0,49.093475692693346,10.671395818775244,0.0,0.0,0.0,0.0,0.0,0.0
13,0.054,10,360.0890693122503,"[['16' '3.4164971651402993' 'present']
 ['14' '22.331665981378364' 'marauded']
 ['14' '31.301864280366217' 'present']
 ['14' '32.69528267197835' 'present']
 ['14' '36.26665076675627' 'present']
 ['14' '58.44167245500022' 'present']
 ['14' '58.91014348390141' 'present']
 ['14' '85.91490637269219' 'present']
 ['14' '85.96120266898849' 'present']
 ['14' '112.8980148018903' 'present']
 ['14' '129.40508055351393' 'present']
 ['14' '141.5264102451351' 'present']
 ['14' '194.51195843529246' 'present']
 ['14' '202.7885100543743' 'present']
 ['14' '222.8809063115356' 'present']
 ['14' '258.4173331011322' 'marauded']
 ['18' '266.30423715452633' 'marauded']
 ['14' '271.8424255177126' 'presentdestroyed']
 ['14' '272.37672110937393' 'destroyed']
 ['14' '305.73160676937033' 'present']
 ['14' '314.00862579759246' 'marauded']]","[['F209' '19.168025681831377' 'mated']
 ['F182' '131.04290294701744' 'mated']
 ['F136' '153.11309471643077' 'mated']
 ['F47' '164.0757862453427' 'mated']
 ['F195' '176.16650500521834' 'absent']
 ['F152' '201.51971200746803' 'mated']
 ['F3' '205.01401311178975' 'mated']
 ['F111' '208.32407394586417' 'mated']
 ['F30' '223.36351729617704' 'mated']
 ['F166' '255.3223554456778' 'absent']
 ['F65' '284.5895876434178' 'mated']
 ['F46' '320.2543776605635' 'destroyed']
 ['F76' '336.2817064827177' 'mated']]",3000.0,1000.0,573.0,67.35336283789748,13.187438832388937,1577.0,262.45140950500104,56.3585189480514,145.0,24.255023027944738,5.158348539592544,15.0,1.5000000000000002,0.15000000000000008,99.0,4.679216102401184,0.22290809327846323
14,0.054,6,360.0325624985518,"[['18' '14.371182221744256' 'present']
 ['18' '34.04099841603268' 'present']
 ['18' '50.231062407607155' 'present']
 ['13' '53.38028987744169' 'present']
 ['13' '59.702678296502086' 'marauded']
 ['13' '65.38307152275365' 'presentdestroyed']
 ['13' '82.88763643842728' 'present']
 ['13' '88.44053502605679' 'present']
 ['18' '99.23645523620922' 'marauded']
 ['13' '112.99426568435297' 'present']
 ['13' '124.04524427730402' 'present']
 ['13' '133.19072621264027' 'present']
 ['13' '136.95232809269712' 'present']
 ['13' '143.5268048063029' 'present']
 ['18' '181.382003299794' 'present']
 ['13' '191.41373744134083' 'present']
 ['18' '236.8887038463434' 'present']
 ['18' '244.10843972576598' 'marauded']
 ['18' '246.51437157075165' 'presentdestroyed']
 ['13' '247.56871630488652' 'destroyed']
 ['18' '249.04519666528967' 'presentdestroyed']
 ['13' '250.6902561286493' 'destroyed']
 ['18' '273.5605223483562' 'present']
 ['18' '277.3461395293465' 'marauded']
 ['18' '301.0810640943425' 'present']
 ['18' '301.8721439611841' 'present']
 ['13' '302.102585734069' 'present']
 ['18' '312.25881165862' 'present']
 ['18' '314.0425359498955' 'marauded']
 ['18' '314.18883224619185' 'destroyed']
 ['18' '318.8551099712812' 'destroyed']
 ['13' '328.00544791712645' 'present']
 ['18' '329.77913886897505' 'present']
 ['18' '330.8611841538679' 'marauded']
 ['18' '340.03534100384036' 'marauded']
 ['18' '346.61629271931747' 'presentdestroyed']
 ['13' '350.82547063676066' 'present']
 ['13' '355.83781301453627' 'present']
 ['18' '356.6822137698565' 'marauded']]","[['F164' '83.41404200522936' 'mated']
 ['F193' '99.2650430797952' 'absentdestroyed']
 ['F163' '107.97642805291858' 'mated']
 ['F145' '138.17304565828084' 'mated']
 ['F68' '152.91545646129342' 'mated']
 ['F155' '205.6280780328708' 'absent']
 ['F155' '205.6743743291671' 'absent']
 ['F82' '214.99285610752466' 'mated']
 ['F183' '223.90722298849016' 'absent']
 ['F50' '235.24441724426998' 'mated']
 ['F46' '320.2312295124153' 'destroyed']]",3000.0,2000.0,559.0,69.66416648761492,14.497152287654693,1425.0,239.1120859477353,51.378602318005356,267.0,45.629544838368396,9.831624272137669,19.0,1.9000000000000006,0.1900000000000001,82.0,3.8538259577370026,0.18218449931412872
15,0.0,5,360.32801670328155,"[['14' '12.863640794125947' 'present']
 ['14' '18.21139361320298' 'present']
 ['14' '20.668674041754425' 'marauded']
 ['14' '33.39583636501842' 'present']
 ['14' '44.6075756378709' 'present']
 ['14' '49.259705128704425' 'present']
 ['14' '53.680694424574284' 'present']
 ['14' '86.1710596106244' 'present']
 ['14' '107.01671245758044' 'present']
 ['14' '112.68199677526864' 'present']
 ['14' '112.72829307156495' 'present']
 ['14' '119.16779835022122' 'present']
 ['14' '158.93402812021796' 'marauded']
 ['14' '160.07248310263446' 'destroyed']
 ['14' '215.7186053131155' 'marauded']
 ['14' '237.11865602190116' 'marauded']
 ['14' '255.6924300326311' 'present']
 ['14' '259.8285026582579' 'present']
 ['14' '261.922311989141' 'marauded']
 ['14' '265.51639297751433' 'presentdestroyed']
 ['14' '274.46214177120737' 'present']
 ['16' '294.4405299303589' 'marauded']
 ['18' '305.8110432639359' 'present']]","[['F190' '47.24286117382464' 'absent']
 ['F18' '67.72689857569071' 'mated']
 ['F215' '70.16224875280574' 'absent']
 ['F91' '138.65942186375827' 'mated']
 ['F120' '141.4769744111715' 'mated']
 ['F168' '203.24988275578906' 'mated']
 ['F155' '205.65122618101896' 'absent']
 ['F82' '214.9697079593765' 'absent']
 ['F69' '225.1871422919813' 'absent']
 ['F97' '237.5066606719269' 'destroyed']
 ['F40' '276.6254632287538' 'mated']
 ['F46' '320.2080813642672' 'absent']]",3000.0,3000.0,582.0,68.91652535997831,13.810927852211961,1480.0,254.7010581196162,55.076551017991136,217.0,36.395487723068946,7.4974866897498424,0.0,0.0,0.0,0.0,0.0,0.0
16,0.054,9,360.4535541946092,"[['20' '5.252423847703634' 'marauded']
 ['20' '11.08307957313102' 'presentdestroyed']
 ['20' '19.694317175207786' 'present']
 ['20' '65.85651806961754' 'present']
 ['20' '67.24135238333679' 'present']
 ['20' '73.21120180712353' 'present']
 ['13' '109.5095698179515' 'present']
 ['20' '206.06042163809553' 'present']
 ['20' '209.6099514244451' 'present']
 ['20' '215.59938493309008' 'present']
 ['20' '215.97684962027273' 'present']
 ['20' '219.8860637731371' 'present']
 ['20' '246.02947211523147' 'present']
 ['20' '253.34010741130373' 'present']
 ['20' '257.076169055794' 'present']
 ['20' '258.17906143808693' 'present']
 ['20' '297.2266341394331' 'marauded']
 ['20' '307.89006341415785' 'present']
 ['20' '356.8562396806735' 'present']]","[['F127' '97.58946709120819' 'mated']
 ['F177' '135.6233309840552' 'mated']
 ['F203' '142.08614907454057' 'absent']
 ['F148' '142.36802935340373' 'mated']
 ['F185' '152.24575225082117' 'mated']
 ['F214' '175.52419419441497' 'mated']
 ['F44' '182.32456014934985' 'mated']
 ['F106' '204.69518735482654' 'mated']
 ['F84' '209.39007316382137' 'mated']
 ['F83' '218.75567319887924' 'mated']
 ['F124' '220.66045870466837' 'absent']
 ['F104' '251.9781978900955' 'absent']]",4000.0,0.0,561.0,72.9447367766977,15.477187946821632,1587.0,269.661745584251,57.67339531138218,70.0,12.14136045476632,2.6635119010295085,13.0,1.3,0.13000000000000006,88.0,4.131603735514782,0.19504458161865543
17,0.0,11,360.08910979755893,"[['13' '3.166905462027622' 'present']
 ['13' '4.474621811831137' 'present']
 ['16' '4.520195466770465' 'present']
 ['13' '4.520918108127433' 'present']
 ['18' '13.088601114429412' 'marauded']
 ['16' '17.587246418458232' 'presentdestroyed']
 ['21' '21.468444787587377' 'present']
 ['21' '34.01515114897328' 'present']
 ['13' '37.22651800915507' 'present']
 ['13' '45.44539998065985' 'present']
 ['18' '45.72629390356625' 'present']
 ['13' '45.83446388398878' 'present']
 ['16' '48.734217792121335' 'present']
 ['16' '55.472971954872975' 'present']
 ['16' '62.837410299208436' 'present']
 ['21' '63.59002810901726' 'marauded']
 ['16' '64.88895508662756' 'presentdestroyed']
 ['21' '65.44908325804487' 'destroyed']
 ['16' '68.69495237849121' 'presentdestroyed']
 ['16' '72.38099634775911' 'present']
 ['13' '77.74394880997431' 'present']
 ['18' '86.24868926549016' 'present']
 ['18' '86.72053683550892' 'present']
 ['13' '89.54602801171035' 'present']
 ['21' '94.11456429228888' 'marauded']
 ['21' '96.97192734202804' 'destroyed']
 ['16' '103.88830526575028' 'present']
 ['16' '109.42694178164567' 'present']
 ['21' '111.67911845438603' 'present']
 ['13' '113.44249408727684' 'present']
 ['13' '114.62820390539274' 'present']
 ['21' '120.80697291173635' 'present']
 ['21' '123.50168720484082' 'present']
 ['13' '125.01570928212938' 'marauded']
 ['18' '130.31102927656252' 'presentdestroyed']
 ['21' '130.39861438481404' 'destroyed']
 ['18' '130.82769994088372' 'presentdestroyed']
 ['13' '146.14661482499613' 'marauded']
 ['13' '157.45886042127367' 'present']
 ['13' '157.50515671756997' 'present']
 ['18' '166.66049462918772' 'present']
 ['21' '183.9757665036733' 'marauded']
 ['16' '194.3397158587769' 'marauded']
 ['13' '200.4166835651258' 'presentdestroyed']
 ['18' '202.25873770802536' 'present']
 ['18' '202.9523659456492' 'present']
 ['16' '204.8663315488823' 'present']
 ['16' '205.11785091854642' 'present']
 ['13' '207.61805102883034' 'marauded']
 ['16' '211.63686767633743' 'presentdestroyed']
 ['16' '215.11817550348366' 'present']
 ['21' '216.659735555036' 'present']
 ['21' '217.01570518904086' 'marauded']
 ['21' '218.46959334819198' 'presentdestroyed']
 ['14' '222.93679088473868' 'presentdestroyed']
 ['16' '227.37893103382362' 'present']
 ['16' '228.39876030534296' 'present']
 ['21' '229.2170365233797' 'present']
 ['13' '233.77932216846972' 'present']
 ['13' '234.66449088900654' 'present']
 ['21' '235.3997866413745' 'present']
 ['21' '248.50826423499063' 'present']
 ['13' '252.94371435511448' 'marauded']
 ['21' '256.1947902352989' 'presentdestroyed']
 ['21' '260.4184572874882' 'presentdestroyed']
 ['21' '266.09236165901996' 'present']
 ['21' '266.56252797331706' 'present']
 ['21' '269.0143825689019' 'present']
 ['21' '273.11114380502113' 'marauded']
 ['13' '282.4000477203925' 'present']
 ['13' '282.694046859152' 'present']
 ['16' '283.8410496593281' 'present']
 ['18' '284.00145866416636' 'present']
 ['18' '288.32162408724423' 'present']
 ['18' '290.1198001937093' 'marauded']
 ['13' '292.86619954582034' 'destroyed']
 ['13' '295.55037250194573' 'destroyed']
 ['13' '297.0675847704601' 'presentdestroyed']
 ['21' '322.6698629759341' 'present']
 ['18' '324.16880616818884' 'marauded']
 ['18' '331.86596590130654' 'present']
 ['16' '333.1468199954575' 'present']
 ['13' '347.7785298782242' 'present']
 ['21' '348.0612876410976' 'present']
 ['16' '358.6899864054292' 'present']
 ['13' '359.5934371940799' 'present']]","[['F59' '28.589982090587053' 'mated']
 ['F204' '79.24860752705162' 'mated']
 ['F181' '120.29511410778963' 'mated']
 ['F182' '131.0197547988693' 'destroyed']
 ['F203' '142.10929722268872' 'absent']
 ['F72' '154.52690988823048' 'mated']
 ['F17' '155.3140572668263' 'mated']
 ['F125' '157.38585263244275' 'mated']
 ['F22' '157.5407062120788' 'mated']
 ['F19' '198.03161561633777' 'destroyed']
 ['F99' '203.75630992631946' 'mated']
 ['F111' '208.30092579771602' 'destroyed']
 ['F83' '218.73252505073108' 'destroyed']
 ['F154' '221.63343419959216' 'absentdestroyed']
 ['F186' '232.4951325083' 'mated']
 ['F98' '250.9275024684912' 'mated']
 ['F129' '312.4358893884306' 'mated']]",4000.0,1000.0,567.0,66.53960662317999,13.140038538451563,1251.0,214.42174121366807,46.76310028288911,458.0,79.26219377587292,17.067588729609653,0.0,0.0,0.0,0.0,0.0,0.0
18,0.054,4,360.0054134879106,"[['14' '19.145415757224704' 'marauded']
 ['14' '54.637667794140114' 'marauded']
 ['21' '61.95921863006293' 'present']
 ['21' '71.45886899117882' 'marauded']
 ['14' '72.6932763734786' 'destroyed']
 ['14' '73.16805594823094' 'presentdestroyed']
 ['14' '86.9508067520639' 'present']
 ['14' '87.55621522433468' 'marauded']
 ['14' '94.65652524721956' 'presentdestroyed']
 ['14' '99.24286089201279' 'marauded']
 ['14' '118.72083473264199' 'marauded']
 ['14' '119.89513870234374' 'presentdestroyed']
 ['14' '124.91672892958066' 'presentdestroyed']
 ['14' '158.33300480393808' 'present']
 ['13' '191.46962201454392' 'marauded']
 ['14' '205.71462308079535' 'present']
 ['14' '208.12092650483734' 'marauded']
 ['14' '221.33684648841214' 'marauded']
 ['14' '233.16351326901744' 'present']
 ['14' '234.06808854536422' 'present']
 ['14' '239.78723625778366' 'present']
 ['14' '268.05527686512005' 'present']
 ['13' '285.6924023425754' 'present']
 ['14' '301.43880933074576' 'present']
 ['14' '302.3648465479104' 'present']]","[['F62' '28.662461575254067' 'absent']
 ['F190' '47.289157470120934' 'mated']
 ['F204' '79.22545937890347' 'destroyed']
 ['F21' '80.47177735424282' 'absent']
 ['F159' '114.26960891455072' 'mated']
 ['F0' '118.77186979920594' 'absentdestroyed']
 ['F120' '141.4306781148752' 'absent']
 ['F25' '153.2853134493126' 'mated']
 ['F19' '198.00846746818962' 'destroyed']
 ['F111' '208.27777764956787' 'destroyed']
 ['F154' '221.6565823477403' 'destroyed']
 ['F183' '223.9303711366383' 'destroyed']
 ['F166' '255.35509187073274' 'mated']
 ['F147' '289.85224720188535' 'absent']
 ['F147' '289.89854349818165' 'absent']]",4000.0,2000.0,564.0,69.79989335081744,13.691191089756456,1359.0,229.9755618868485,50.03690689136875,344.0,54.95354896156381,11.289779982363092,15.0,1.5000000000000002,0.15000000000000008,81.0,3.7883531076271373,0.17789780521261983
19,0.0,9,360.16296243820176,"[['18' '5.067836306132022' 'present']
 ['16' '5.094505911304127' 'marauded']
 ['18' '12.991849663230411' 'present']
 ['18' '13.523796710361466' 'present']
 ['18' '33.23842021670163' 'present']
 ['18' '40.99382725512127' 'marauded']
 ['16' '50.00030682201054' 'marauded']
 ['16' '59.2676004667802' 'present']
 ['18' '64.91006706394424' 'present']
 ['16' '64.93525138292387' 'present']
 ['16' '71.19823536758628' 'marauded']
 ['16' '79.49454918629829' 'present']
 ['16' '85.50151175420505' 'present']
 ['18' '117.65616815439962' 'marauded']
 ['16' '118.15871020511103' 'destroyed']
 ['18' '131.70257519006103' 'present']
 ['16' '138.47842161909745' 'marauded']
 ['16' '154.4652107494565' 'present']
 ['18' '157.27648032690124' 'present']
 ['18' '158.2461298294516' 'present']
 ['18' '167.18470609687773' 'present']
 ['18' '172.2832108738868' 'present']
 ['16' '173.62526523579334' 'present']
 ['16' '175.5886980544525' 'present']
 ['16' '177.78986260451165' 'present']
 ['16' '179.30672630238794' 'present']
 ['18' '180.69189937419034' 'present']
 ['18' '191.47033300804202' 'present']
 ['16' '192.44888106752276' 'marauded']
 ['16' '209.8478448391856' 'present']
 ['16' '216.61864601096363' 'present']
 ['18' '217.47881495068' 'present']
 ['18' '218.48317036771698' 'present']
 ['16' '238.22849220038785' 'marauded']
 ['16' '240.85349526771742' 'presentdestroyed']
 ['18' '256.8789356891052' 'present']
 ['18' '273.0132740047781' 'present']
 ['16' '274.3609153059705' 'present']
 ['18' '280.0160393153247' 'present']
 ['16' '284.5488599689339' 'present']
 ['16' '286.9498179023816' 'present']
 ['18' '292.2755557795395' 'present']
 ['16' '306.7581141938979' 'present']
 ['18' '312.6421689597796' 'present']
 ['18' '319.2552038626935' 'present']
 ['18' '319.60632606931523' 'present']
 ['18' '321.29059712474' 'present']
 ['18' '348.29072928430486' 'present']]","[['F62' '28.685609723402216' 'mated']
 ['F190' '47.26600932197279' 'destroyed']
 ['F37' '48.94881610514758' 'mated']
 ['F141' '82.44195581555321' 'mated']
 ['F120' '141.45382626302336' 'absentdestroyed']
 ['F124' '220.68360685281652' 'mated']
 ['F183' '223.95351928478647' 'mated']
 ['F67' '233.43469891952884' 'mated']
 ['F198' '233.898556027543' 'mated']
 ['F97' '237.52980882007506' 'mated']
 ['F85' '337.97430569725856' 'mated']]",4000.0,3000.0,577.0,68.44901969302241,13.586482380489832,1465.0,242.75463097217212,51.39974790714868,288.0,48.83930729031414,10.475701890617698,0.0,0.0,0.0,0.0,0.0,0.0
20,0.054,6,360.16112916657306,"[['16' '0.3211945732155901' 'present']
 ['16' '4.566491763066761' 'present']
 ['21' '15.218022170344177' 'present']
 ['21' '16.29792444207424' 'present']
 ['21' '27.421264229190573' 'marauded']
 ['16' '76.63528818878805' 'present']
 ['16' '82.83149739125548' 'marauded']
 ['16' '83.18057751791008' 'presentdestroyed']
 ['21' '108.87985035697282' 'marauded']
 ['16' '116.24862727752422' 'present']
 ['16' '116.29492357382053' 'present']
 ['21' '117.58053922554909' 'present']
 ['21' '119.19581817347739' 'present']
 ['21' '122.66430139461542' 'marauded']
 ['16' '136.63275119697607' 'present']
 ['16' '143.8568534725922' 'present']
 ['21' '156.03688447112188' 'present']
 ['21' '157.44640716903646' 'present']
 ['21' '160.14101761504037' 'present']
 ['16' '176.63513686289716' 'present']
 ['21' '188.04329804728198' 'present']
 ['16' '194.0023712371071' 'marauded']
 ['21' '216.6134392587397' 'present']
 ['16' '222.51828009326312' 'present']
 ['16' '231.9498801955314' 'present']
 ['21' '232.70912972063024' 'marauded']
 ['16' '239.50702835619262' 'presentdestroyed']
 ['16' '240.80719897142112' 'present']
 ['16' '261.4094600573325' 'present']
 ['21' '262.0582249512486' 'marauded']
 ['16' '273.31593701365307' 'marauded']
 ['16' '275.95121736373574' 'presentdestroyed']
 ['16' '283.8873459556244' 'present']
 ['16' '310.0743391352321' 'present']
 ['16' '310.65285118949816' 'present']
 ['21' '331.2789868243959' 'present']
 ['16' '350.954213251359' 'present']]","[['F29' '5.553722838820927' 'mated']
 ['F187' '25.961573957863774' 'mated']
 ['F114' '30.357612217396845' 'destroyed']
 ['F203' '142.15559351898503' 'mated']
 ['F24' '147.31366067398417' 'mated']
 ['F81' '201.265099022944' '']
 ['F78' '251.4486111956451' 'mated']
 ['F162' '319.9800848500871' 'mated']]",5000.0,0.0,568.0,72.59161345300228,15.055760701203644,1389.0,233.66794349749898,50.38977893463854,282.0,49.07604834355155,10.702045218535053,13.0,1.3,0.13000000000000006,73.0,3.4179827372567675,0.16075102880658423
21,0.054,10,360.33182266050864,"[['20' '1.907918650594442' 'marauded']
 ['20' '9.408063908465031' 'presentdestroyed']
 ['20' '71.48240578628891' 'marauded']
 ['20' '75.86368696508889' 'destroyed']
 ['20' '141.78792123692025' 'marauded']
 ['20' '160.99231116485836' 'marauded']
 ['20' '188.66086729480764' 'present']
 ['20' '219.065545552565' 'present']
 ['20' '253.6429460629434' 'present']
 ['20' '269.92712214956236' 'present']
 ['16' '284.604744542137' 'present']
 ['20' '284.70695909999773' 'present']
 ['20' '287.41180197417435' 'present']
 ['20' '300.40028205584855' 'present']
 ['20' '305.85442511642157' 'marauded']
 ['20' '307.84376711786155' 'presentdestroyed']
 ['20' '323.4714009251892' 'present']
 ['20' '338.10113978874637' 'present']]","[['F114' '30.380760365544994' 'mated']
 ['F203' '142.13244537083688' 'absentdestroyed']
 ['F41' '173.9999006157824' 'mated']
 ['F146' '189.21194617808533' 'mated']
 ['F2' '195.33606138738935' 'mated']
 ['F19' '198.05476376448593' 'mated']
 ['F81' '201.28824717109217' 'mated']
 ['F32' '216.95318036151676' 'mated']
 ['F115' '235.18742436795097' 'mated']
 ['F157' '262.143240681658' 'absent']
 ['F147' '289.94483979447796' 'mated']
 ['F173' '335.2394012073751' 'mated']]",5000.0,1000.0,579.0,67.36519100522929,13.182142725794852,1503.0,255.43605911497565,55.39104450552648,181.0,30.635179226350324,6.665378261820495,23.0,2.3000000000000007,0.23000000000000015,92.0,4.316788920699969,0.20361796982167316
22,0.0,11,360.302314324789,"[['21' '0.09201085159747552' 'present']
 ['18' '4.03638428101702' 'present']
 ['21' '24.66728114292134' 'marauded']
 ['21' '26.340745220856224' 'presentdestroyed']
 ['21' '26.673343028079504' 'destroyed']
 ['21' '42.79827354628767' 'present']
 ['21' '51.81359973526008' 'marauded']
 ['18' '68.13317473882289' 'present']
 ['18' '82.45208959435391' 'present']
 ['21' '84.16426090255051' 'present']
 ['21' '85.0173073288925' 'marauded']
 ['3' '113.64853400091063' 'present']
 ['21' '128.14438959568744' 'present']
 ['21' '156.6322493736026' 'present']
 ['18' '174.41884454554398' 'present']
 ['21' '195.7388671329184' 'present']
 ['21' '202.84214541537511' 'present']
 ['21' '204.00067705541014' 'present']
 ['18' '204.7679011289383' 'present']
 ['21' '211.88444504404396' 'present']
 ['21' '215.22771656559772' 'present']
 ['18' '218.52946666401328' 'present']
 ['18' '218.5757629603096' 'present']
 ['21' '227.1524043869556' 'present']
 ['18' '229.42407575317208' 'present']
 ['18' '247.43274551422775' 'present']
 ['21' '253.75243379660532' 'marauded']
 ['18' '257.33538597987433' 'presentdestroyed']
 ['21' '260.4647535837845' 'presentdestroyed']
 ['21' '271.87541613559677' 'present']
 ['21' '276.66154357295585' 'marauded']
 ['18' '287.27262763564886' 'marauded']
 ['18' '294.3557190926793' 'destroyed']
 ['21' '295.0779199805354' 'present']
 ['18' '302.26020330849224' 'present']
 ['18' '308.0630975113075' 'marauded']
 ['18' '313.7669958378112' 'destroyed']
 ['18' '313.9962396535992' 'presentdestroyed']
 ['18' '320.0260846264417' 'present']
 ['18' '334.61983369144025' 'present']
 ['21' '340.13866877155357' 'marauded']
 ['21' '343.7475325331381' 'presentdestroyed']
 ['21' '353.9168135569899' 'marauded']]","[['F4' '73.27743908822467' 'absent']
 ['F21' '80.49492550239097' 'mated']
 ['F0' '118.7950179473541' 'mated']
 ['F105' '120.09323039626929' 'mated']
 ['F211' '126.68079477171796' 'mated']
 ['F112' '138.26457685205148' 'mated']
 ['F52' '148.3218866163197' 'mated']
 ['F20' '149.95133609967618' 'mated']
 ['F25' '153.26216530116446' 'absent']
 ['F188' '203.5208223391103' 'mated']
 ['F154' '221.67973049588846' 'mated']
 ['F34' '243.7447022480363' 'mated']
 ['F131' '275.79357755269353' 'mated']
 ['F147' '289.8753953500335' 'destroyed']
 ['F147' '289.9216916463298' 'destroyed']]",5000.0,2000.0,564.0,70.36158780605402,14.599979909857007,1377.0,236.22333569704986,51.491944065524635,301.0,53.475610166901724,11.869766300414264,0.0,0.0,0.0,0.0,0.0,0.0
23,0.0,3,360.0515408986286,"[['3' '2.9242834276915426' 'present']
 ['3' '24.687026444401127' 'present']
 ['3' '28.10704451774224' 'present']
 ['3' '28.364270201125656' 'present']
 ['20' '39.49300243856779' 'present']
 ['20' '48.768067042944175' 'present']
 ['3' '59.27845135945388' 'present']
 ['20' '70.25431890224124' 'present']
 ['3' '75.67163455831059' 'present']
 ['3' '81.75268814829485' 'present']
 ['3' '97.78516313367679' 'present']
 ['3' '100.68728178025512' 'marauded']
 ['3' '102.00023207552444' 'presentdestroyed']
 ['3' '103.3989050166236' 'presentdestroyed']
 ['3' '115.57275495692967' 'present']
 ['20' '132.24699245045653' 'present']
 ['20' '177.54890004234238' 'marauded']
 ['20' '186.25991202969615' 'present']
 ['20' '186.70152943940192' 'present']
 ['3' '187.64300560667576' 'present']
 ['3' '188.45712035983746' 'present']
 ['20' '188.8329841124732' 'marauded']
 ['3' '230.68052347951377' 'present']
 ['3' '235.00920223222099' 'present']
 ['3' '235.0554985285173' 'present']
 ['3' '239.62495415963696' 'marauded']
 ['20' '245.38532640057068' 'presentdestroyed']
 ['20' '269.1496059702842' 'present']
 ['20' '293.2089934060829' 'marauded']
 ['20' '293.35528970237925' 'presentdestroyed']
 ['20' '311.30337122887335' 'present']
 ['20' '337.0085913343924' 'present']
 ['20' '355.6332806334388' 'present']]","[['F141' '82.41880766740506' 'absent']
 ['F75' '101.6256243966644' 'destroyed']
 ['F73' '127.75092607255922' 'mated']
 ['F134' '163.37769857026413' 'absent']
 ['F196' '219.23233697767034' 'mated']
 ['F33' '334.48482379178034' 'mated']]",5000.0,3000.0,551.0,66.11957169062957,13.060004572802654,1537.0,263.48685138578725,57.08543179470642,181.0,30.449908986295924,6.552072727028666,0.0,0.0,0.0,0.0,0.0,0.0
