id,probability_maraud,successful_mating,next_foraging_time,mar_attempts,mate_attempts,x_pos,y_pos,foraging_events,foraging_hrs,foraging_sqhrs,staying_events,staying_hrs,staying_sqhrs,repairing_events,repairing_hrs,repairing_sqhrs,marauding_events,marauding_hrs,marauding_sqhrs,traveling_events,traveling_hrs,traveling_sqhrs
0,0.0,5,360.406754426165,"[['15' '9.325795434448915' 'marauded']
 ['18' '24.267166248146943' 'present']
 ['15' '25.418769846546795' 'present']
 ['18' '35.73695008049528' 'present']
 ['15' '38.28308842030149' 'present']
 ['19' '51.0602385210983' 'marauded']
 ['18' '60.99392459258847' 'present']
 ['15' '99.65733808614095' 'present']
 ['18' '143.67189802835708' 'present']
 ['18' '147.80982975755123' 'present']
 ['18' '177.5673716403984' 'present']
 ['19' '181.12273413854115' 'present']
 ['18' '193.78926497608515' 'present']
 ['18' '199.67294289026222' 'present']
 ['15' '209.63307969615806' 'present']
 ['18' '209.98883168345944' 'present']
 ['18' '210.4590461067504' 'present']
 ['18' '213.35257890793653' 'present']
 ['19' '217.38268049308758' 'present']
 ['7' '233.1866050100601' 'present']
 ['18' '254.09621408522978' 'present']
 ['19' '279.73337698107815' 'present']
 ['19' '280.9345541045327' 'present']
 ['18' '282.52493883055985' 'present']
 ['18' '327.23060895822044' 'present']
 ['18' '341.3728749875132' 'present']]","[['F93' '103.91286807859181' 'mated']
 ['F46' '125.99075149004022' 'mated']
 ['F102' '194.27263724421985' 'mated']
 ['F35' '213.0169660290511' 'mated']
 ['F33' '234.89413953059847' 'absent']
 ['F52' '277.56409500336406' 'mated']]",0.0,0.0,571.0,74.65185525757087,15.49785692760683,1598.0,273.2735241917812,58.58330148709488,73.0,12.182592460889104,2.4600810805897977,0.0,0.0,0.0,0.0,0.0,0.0
1,0.0,5,360.02159820980546,"[['7' '9.58297974526675' 'present']
 ['7' '46.54641444372353' 'marauded']
 ['7' '56.0845794011408' 'present']
 ['7' '66.874456678444' 'present']
 ['7' '85.32658452718749' 'marauded']
 ['7' '90.76015525867449' 'presentdestroyed']
 ['7' '105.76964053795085' 'present']
 ['7' '130.70460188628167' 'present']
 ['7' '156.14851072645695' 'present']
 ['7' '177.14416387192463' 'present']
 ['7' '177.41736237823747' 'present']
 ['15' '217.44408165137682' 'present']
 ['7' '254.7126256275817' 'marauded']
 ['7' '266.2166190926236' 'present']
 ['7' '277.1179885454437' 'marauded']
 ['7' '314.7534691268352' 'present']
 ['7' '314.7766172749834' 'present']
 ['7' '320.2063023144291' 'marauded']
 ['7' '327.0546591131956' 'presentdestroyed']
 ['7' '340.05577668178097' 'marauded']]","[['F99' '124.20240827725885' 'mated']
 ['F84' '144.13766596181387' 'mated']
 ['F0' '150.8798387332445' 'mated']
 ['F134' '177.08784073598508' 'mated']
 ['F112' '234.13056905061254' 'mated']
 ['F155' '258.6571412734701' 'destroyed']]",0.0,500.0,565.0,72.34509125193404,15.875376942380255,1483.0,251.19631452093986,53.734875597369545,215.0,36.464453245887526,7.926907875839343,0.0,0.0,0.0,0.0,0.0,0.0
2,0.0,14,359.98866942372103,"[['7' '2.047598430622863' 'present']
 ['18' '2.551239280594814' 'marauded']
 ['7' '3.5904966890937535' 'presentdestroyed']
 ['18' '18.890575203394484' 'present']
 ['18' '21.71429740000898' 'present']
 ['18' '22.050529900800278' 'present']
 ['18' '25.895058087474798' 'present']
 ['15' '31.61961353669464' 'marauded']
 ['7' '32.72347100315578' 'presentdestroyed']
 ['15' '41.52040359138892' 'present']
 ['7' '44.030965896858966' 'present']
 ['15' '48.991573046359086' 'present']
 ['15' '51.47647007890085' 'present']
 ['18' '52.133532796997414' 'marauded']
 ['15' '52.91267843245884' 'destroyed']
 ['7' '56.82344267263359' 'presentdestroyed']
 ['7' '63.19182199077056' 'present']
 ['18' '68.65052823653684' 'marauded']
 ['7' '73.53253238941235' 'presentdestroyed']
 ['15' '74.13067254587432' 'presentdestroyed']
 ['7' '75.66030207285347' 'presentdestroyed']
 ['15' '75.69283606531613' 'presentdestroyed']
 ['7' '78.61342813223129' 'present']
 ['7' '85.45878845590413' 'present']
 ['7' '88.70505840484755' 'marauded']
 ['15' '111.86797977042195' 'present']
 ['18' '118.66878781778357' 'present']
 ['15' '119.26395252711626' 'present']
 ['7' '120.6469156244905' 'present']
 ['18' '120.76025795156082' 'present']
 ['18' '123.3980038449289' 'present']
 ['15' '127.63903322608493' 'present']
 ['15' '129.6196532219451' 'present']
 ['15' '132.26608459540702' 'marauded']
 ['7' '133.25950680689934' 'presentdestroyed']
 ['7' '146.6918411012224' 'present']
 ['15' '150.2792467427224' 'present']
 ['15' '158.73705705899815' 'present']
 ['15' '163.05358117018594' 'present']
 ['7' '167.13007825319303' 'present']
 ['7' '176.91506045681004' 'marauded']
 ['7' '178.49056359051175' 'presentdestroyed']
 ['18' '180.7564286473856' 'presentdestroyed']
 ['15' '186.8114681508791' 'present']
 ['7' '194.93004109027876' 'marauded']
 ['18' '200.83480143820702' 'destroyed']
 ['7' '213.01860963400242' 'marauded']
 ['15' '216.91225697448107' 'presentdestroyed']
 ['15' '218.8618123527755' 'presentdestroyed']
 ['7' '220.58836250788838' 'destroyed']
 ['15' '228.48348812033188' 'present']
 ['15' '241.40711308431437' 'present']
 ['7' '242.95001083050744' 'present']
 ['7' '243.43115519196252' 'present']
 ['15' '246.38904046336384' 'present']
 ['18' '246.59326740456967' 'present']
 ['15' '248.51773605487008' 'present']
 ['15' '269.63376293791663' 'present']
 ['18' '271.91343341200576' 'marauded']
 ['18' '276.94782510269306' 'presentdestroyed']
 ['18' '293.1541387087807' 'present']
 ['15' '296.0028379279356' 'present']
 ['15' '296.0355743529906' 'present']
 ['7' '297.03140722400144' 'present']
 ['7' '298.14383452492336' 'present']
 ['18' '301.73481523107944' 'present']
 ['15' '303.8164575581941' 'present']
 ['15' '333.80649902402234' 'present']
 ['7' '354.3735063500746' 'present']
 ['15' '354.6935886388172' 'present']]","[['F17' '30.253836813598745' 'absent']
 ['F29' '68.35296504586094' 'mated']
 ['F210' '103.06640052651693' 'mated']
 ['F193' '119.56696117881351' 'mated']
 ['F92' '134.39378431790436' 'destroyed']
 ['F2' '141.70067428672235' 'mated']
 ['F59' '155.76800898707353' 'mated']
 ['F197' '158.54890316933952' 'mated']
 ['F128' '165.64919061829292' 'mated']
 ['F208' '185.84684993505928' 'mated']
 ['F48' '190.75432415024986' 'mated']
 ['F102' '194.26106317014577' 'absent']
 ['F201' '196.29827425898503' 'destroyed']
 ['F186' '242.3158203638963' 'mated']
 ['F74' '298.74813537124504' 'mated']
 ['F169' '314.26618238857213' 'mated']
 ['F8' '321.727737255282' 'mated']
 ['F77' '331.93340304062684' 'mated']]",0.0,1000.0,556.0,69.9130459554389,14.500655852307192,1349.0,228.93675095533425,48.86468275198432,350.0,61.296511510249964,13.24909093041817,0.0,0.0,0.0,0.0,0.0,0.0
3,0.0,11,360.19445849216316,"[['18' '5.691367513748637' 'present']
 ['18' '32.34186966629576' 'present']
 ['18' '69.59734711636439' 'marauded']
 ['18' '94.09510570684387' 'marauded']
 ['18' '130.71892321128578' 'marauded']
 ['7' '146.9039023700625' 'present']
 ['18' '184.9136442323104' 'present']
 ['18' '252.74895531126182' 'marauded']]","[['F196' '29.203211027207388' 'mated']
 ['F109' '84.6034130898359' 'absent']
 ['F193' '119.55538710473944' 'absent']
 ['F28' '156.15833419921137' 'absent']
 ['F90' '184.72931813859034' 'mated']
 ['F147' '195.30549400120697' 'mated']
 ['F201' '196.28670018491096' 'absent']
 ['F191' '211.02290215682132' 'absent']
 ['F151' '254.66723911123893' 'destroyed']
 ['F50' '260.3285944976902' 'mated']
 ['F142' '267.38445075583957' 'mated']
 ['F111' '277.57680473866156' 'mated']
 ['F143' '286.21226970241497' 'mated']
 ['F69' '287.81963559601337' 'mated']
 ['F45' '297.63229137281036' 'mated']
 ['F74' '298.7134131490228' 'absent']
 ['F74' '298.73656129717097' 'absent']
 ['F167' '322.61261695953795' 'mated']
 ['F153' '329.86679891652403' 'mated']]",0.0,1500.0,583.0,69.95355542887256,14.59758069967644,1594.0,265.8755985340323,56.279249795713774,140.0,24.176399479536766,5.186949424115211,0.0,0.0,0.0,0.0,0.0,0.0
4,0.0,7,360.5584460430893,"[['15' '0.17823632407971077' 'present']
 ['15' '4.8496276568642624' 'present']
 ['19' '5.248250279380291' 'present']
 ['15' '11.966243430839512' 'present']
 ['15' '24.923029680593107' 'present']
 ['15' '60.67314624131146' 'present']
 ['15' '61.85115909026094' 'present']
 ['15' '64.31256021895013' 'marauded']
 ['15' '93.41140620122361' 'present']
 ['15' '94.5856851907364' 'present']
 ['15' '99.1277135211185' 'present']
 ['15' '133.5432735786879' 'present']
 ['15' '140.79436685698866' 'present']
 ['15' '189.73104013178718' 'present']
 ['15' '196.6276047763787' 'marauded']
 ['15' '208.8319788981545' 'present']
 ['15' '211.3967162705397' 'present']
 ['7' '238.0470336719258' 'present']
 ['15' '248.0809213190537' 'marauded']
 ['15' '251.82382349748465' 'presentdestroyed']
 ['15' '261.8940254598991' 'present']
 ['15' '269.49224585675074' 'present']
 ['15' '278.77475843611813' 'present']
 ['15' '279.8136783502783' 'present']
 ['15' '286.53086459288994' 'present']
 ['15' '315.2783082918829' 'present']
 ['15' '329.57978810602947' 'present']
 ['15' '345.30260356542107' 'present']
 ['15' '351.3263851973327' 'present']]","[['F95' '9.838874256435302' 'absent']
 ['F23' '46.46412966735275' 'absent']
 ['F121' '124.08902932830996' 'absent']
 ['F163' '148.58566749024882' 'mated']
 ['F28' '156.17470241173882' 'absent']
 ['F192' '165.17292618484313' 'mated']
 ['F202' '185.69663904543148' 'mated']
 ['F32' '189.4018028717217' 'absent']
 ['F51' '200.87016870815896' 'destroyed']
 ['F178' '203.1077702133551' 'destroyed']
 ['F31' '205.66197110218351' 'mated']
 ['F39' '229.6094719676341' 'mated']
 ['F118' '234.43289563208344' 'absent']
 ['F215' '247.89858155576175' 'mated']
 ['F122' '253.10582307648832' 'destroyed']
 ['F58' '260.8726863818979' 'absent']
 ['F60' '288.03484826116073' 'absent']
 ['F45' '297.6159231602829' 'absent']
 ['F153' '329.8388566299225' 'absent']
 ['F156' '345.17242927402674' 'mated']]",500.0,0.0,559.0,69.30050078044054,15.185887282547935,1583.0,272.2214284321937,59.883082601091246,110.0,18.53305094373403,4.019222027136113,0.0,0.0,0.0,0.0,0.0,0.0
5,0.0,12,360.07748526340043,"[['19' '210.58789989709368' 'present']
 ['19' '240.82875247767876' 'marauded']]","[['F43' '57.501168307153904' 'mated']
 ['F61' '58.14427776516674' 'mated']
 ['F36' '99.72214379387368' 'mated']
 ['F71' '129.61222465582978' 'mated']
 ['F70' '130.56512422540493' 'mated']
 ['F28' '156.1862764858129' 'mated']
 ['F32' '189.4133769457958' 'mated']
 ['F178' '203.1193442874292' 'mated']
 ['F122' '253.1173971505624' 'mated']
 ['F151' '254.68360732376638' 'mated']
 ['F207' '263.4438480468414' 'mated']
 ['F60' '288.0464223352348' 'mated']
 ['F153' '329.85043070399655' 'absent']]",500.0,500.0,553.0,66.26704458975327,12.41253114919935,1674.0,287.90315126237215,62.652950908123934,30.0,6.050625670515851,1.3768786709577399,0.0,0.0,0.0,0.0,0.0,0.0
6,0.0,6,360.3758096279348,"[['19' '34.23468191984273' 'marauded']
 ['19' '218.78521828706477' 'present']
 ['19' '251.5424085483934' 'marauded']
 ['7' '284.1081748343388' 'marauded']
 ['19' '299.4216375230072' 'present']
 ['19' '324.36100194792' 'present']]","[['F53' '172.12246074694167' 'mated']
 ['F141' '183.04400124343434' 'mated']
 ['F211' '214.64790262137876' 'mated']
 ['F98' '218.28808887611436' 'mated']
 ['F126' '224.61091752157722' 'absent']
 ['F195' '244.14415488589287' 'mated']
 ['F88' '246.21729862497764' 'mated']
 ['F40' '247.43240761721188' 'absent']
 ['F11' '254.35390394583604' 'destroyed']
 ['F155' '258.6312608570638' 'destroyed']]",500.0,1000.0,574.0,69.4534986191343,14.050359038124142,1622.0,272.17050734114844,58.72846527588013,114.0,18.406977845030493,3.732064229808631,0.0,0.0,0.0,0.0,0.0,0.0
7,0.054,10,360.0340572996588,[],"[['F17' '30.242262739524673' 'absent']
 ['F182' '114.9757391609378' 'mated']
 ['F27' '149.55184716766206' 'mated']
 ['F164' '154.11715632612493' 'mated']
 ['F96' '171.24585091177113' 'mated']
 ['F86' '176.86901780170993' 'absent']
 ['F106' '193.16685945056543' 'mated']
 ['F73' '249.9755214297444' 'mated']
 ['F146' '255.50500280603796' 'mated']
 ['F155' '258.66871534754415' 'mated']
 ['F87' '286.9311129205004' 'mated']
 ['F175' '298.31705539177705' 'mated']
 ['F160' '313.30817684572463' 'absent']]",500.0,1500.0,574.0,71.98950688670881,14.853145504409113,1678.0,283.80493471296523,60.525043944389495,0.0,0.0,0.0,19.0,1.9000000000000006,0.1900000000000001,93.0,2.376214718576358,0.06644375857338813
8,0.0,14,360.5247606039523,"[['19' '0.3744718936284016' 'present']
 ['19' '5.894416819004334' 'marauded']
 ['15' '13.491499299268582' 'present']
 ['19' '18.6926861399354' 'marauded']
 ['19' '18.815834288083547' 'presentdestroyed']
 ['19' '23.64841132818402' 'presentdestroyed']
 ['19' '26.950942311135897' 'present']
 ['19' '46.908346214174664' 'present']
 ['19' '49.736179631666545' 'marauded']
 ['19' '65.5907854850305' 'marauded']
 ['19' '66.64677385568866' 'presentdestroyed']
 ['19' '90.87142309564656' 'present']
 ['19' '96.16110362608073' 'present']
 ['19' '101.44824124699078' 'present']
 ['19' '116.75442974533397' 'marauded']
 ['19' '122.41448178046603' 'presentdestroyed']
 ['19' '130.7167458444702' 'present']
 ['19' '136.06926386993257' 'present']
 ['19' '146.25457177874497' 'marauded']
 ['19' '147.52214572730142' 'destroyed']
 ['19' '151.84508864450504' 'presentdestroyed']
 ['19' '158.45023945537656' 'present']
 ['19' '169.33847186727476' 'present']
 ['19' '172.06127395317708' 'marauded']
 ['19' '174.1483213038875' 'presentdestroyed']
 ['19' '180.14170046749916' 'present']
 ['19' '184.4084393481959' 'present']
 ['19' '197.88708680175253' 'present']
 ['19' '201.96659320274287' 'present']
 ['19' '207.97824036429344' 'present']
 ['15' '208.52893605519463' 'present']
 ['19' '211.98698006367678' 'present']
 ['19' '237.52882226375027' 'present']
 ['19' '242.51874071674698' 'present']
 ['15' '249.70301507365153' 'present']
 ['19' '262.23978592064344' 'present']
 ['19' '287.7137753561323' 'present']
 ['19' '287.8492358948684' 'marauded']
 ['19' '314.0535528445202' 'present']
 ['19' '329.33545287494707' 'present']
 ['19' '343.629308673946' 'present']
 ['19' '346.66278900864336' 'present']
 ['15' '358.21545005780484' 'present']]","[['F206' '34.732142747899815' 'mated']
 ['F150' '40.3678592298333' 'mated']
 ['F38' '45.53433212427382' 'mated']
 ['F54' '116.12041693992059' 'mated']
 ['F199' '120.05047312874625' 'destroyed']
 ['F129' '124.91873070158691' 'absentdestroyed']
 ['F123' '146.38229100891718' 'destroyed']
 ['F213' '169.69688187541357' 'mated']
 ['F194' '176.6731572167639' 'absentdestroyed']
 ['F56' '179.36984196001546' 'absentdestroyed']
 ['F103' '233.5801006809083' 'mated']
 ['F33' '234.91050774312592' 'mated']
 ['F154' '239.40651678180646' 'mated']
 ['F6' '239.94607500311133' 'mated']
 ['F190' '251.17247286497295' 'mated']
 ['F171' '262.3641895687387' 'mated']
 ['F158' '266.8525638777144' 'mated']
 ['F78' '326.941522354055' 'mated']
 ['F16' '337.1607504184016' 'mated']]",1000.0,0.0,581.0,71.68079382949064,14.22459764992209,1440.0,239.9111109108114,51.01347316924167,301.0,48.50102789760037,9.891975648147708,0.0,0.0,0.0,0.0,0.0,0.0
9,0.0,12,360.3810944013565,"[['7' '5.05104912367076' 'marauded']
 ['18' '20.223499961794317' 'marauded']
 ['18' '60.40024145186062' 'present']
 ['18' '77.64433023437765' 'marauded']
 ['18' '83.8339554047304' 'presentdestroyed']
 ['18' '93.38949635149234' 'present']
 ['19' '98.65229303600722' 'present']
 ['15' '107.30306509295' 'present']
 ['18' '116.48836966739383' 'present']
 ['18' '192.58847328975608' 'marauded']
 ['18' '213.00700548305397' 'present']
 ['18' '240.66223210343472' 'present']
 ['18' '279.75596652085807' 'present']
 ['15' '297.2085382577478' 'marauded']
 ['19' '321.1442758815724' 'marauded']
 ['18' '338.91080438606775' 'present']
 ['18' '342.1264076785314' 'present']]","[['F23' '46.48049787988022' 'mated']
 ['F162' '85.68841647389452' 'destroyed']
 ['F110' '115.54738410402' 'mated']
 ['F54' '116.10884286584651' 'absent']
 ['F152' '141.45133549398338' 'mated']
 ['F41' '149.28823354912168' 'mated']
 ['F184' '163.55963893500558' 'mated']
 ['F148' '174.53170018735347' 'mated']
 ['F62' '182.11174412654412' 'absent']
 ['F176' '205.17036881812743' 'mated']
 ['F85' '210.2968366031095' 'mated']
 ['F139' '210.76051543312792' 'mated']
 ['F191' '211.0344762308954' 'mated']
 ['F151' '254.65566503716485' 'absent']
 ['F25' '276.54568150001637' 'mated']
 ['F116' '281.8320427795294' 'mated']
 ['F74' '298.7249872230969' 'destroyed']]",1000.0,500.0,559.0,72.85910611451536,16.208092683473588,1484.0,250.57705483536392,53.61532187155703,200.0,36.733565670914984,8.279716124840974,0.0,0.0,0.0,0.0,0.0,0.0
10,0.0,9,360.11741809606565,"[['19' '90.73396860516624' 'marauded']
 ['19' '132.3758065093824' 'present']
 ['19' '208.34502828116848' 'present']
 ['19' '331.469063298458' 'present']
 ['19' '358.12256883031847' 'present']]","[['F80' '39.991536794376614' 'mated']
 ['F129' '124.90715662751283' 'absent']
 ['F129' '124.93030477566099' 'mated']
 ['F20' '159.9948859790988' 'mated']
 ['F194' '176.684731290838' 'mated']
 ['F119' '186.9236298604688' 'mated']
 ['F185' '200.03395719491533' 'mated']
 ['F1' '221.49050276140537' 'mated']
 ['F82' '230.32869505677644' 'mated']
 ['F181' '244.2827544576998' 'mated']]",1000.0,1000.0,560.0,72.91151577759759,16.226794231225913,1635.0,281.11245783854247,60.887738970847465,35.0,6.0824772583720375,1.2978902843494529,0.0,0.0,0.0,0.0,0.0,0.0
11,0.0,17,360.62209565510443,"[['18' '9.962898954098312' 'present']
 ['15' '14.715677996931191' 'present']
 ['15' '33.30356117731463' 'present']
 ['15' '74.61214252665278' 'present']
 ['15' '79.23544637154578' 'present']
 ['15' '85.64206945612548' 'present']
 ['15' '107.13046661499067' 'present']
 ['15' '112.51902805307985' 'present']
 ['15' '113.66064254464823' 'present']
 ['15' '125.59825804137428' 'present']
 ['15' '130.99689334064064' 'present']
 ['15' '174.0075933425154' 'present']
 ['15' '199.6516791409319' 'present']
 ['15' '203.0473404396168' 'present']
 ['15' '233.95793508327543' 'present']
 ['15' '234.28565425960898' 'present']
 ['18' '234.38092333943987' 'present']
 ['15' '236.08683438127568' 'present']
 ['15' '293.58779409807175' 'present']
 ['15' '294.4061191093728' 'present']
 ['15' '327.65427280534254' 'present']
 ['15' '343.1881576244394' 'present']
 ['15' '344.33818949079404' 'present']]","[['F75' '77.85613711543472' 'mated']
 ['F109' '84.62656123798405' 'mated']
 ['F113' '105.36252501378509' 'mated']
 ['F71' '129.58907650768163' 'absent']
 ['F115' '134.14875959902332' 'mated']
 ['F137' '134.15280331783615' 'mated']
 ['F101' '148.48064212967986' 'mated']
 ['F49' '148.54439351204516' 'mated']
 ['F161' '172.14169763599511' 'mated']
 ['F56' '179.38141603408954' 'mated']
 ['F51' '200.88174278223303' 'mated']
 ['F126' '224.6224915956513' 'mated']
 ['F83' '232.2789861696225' 'mated']
 ['F105' '233.13131478927' 'mated']
 ['F168' '234.183466837671' 'mated']
 ['F58' '260.8611123078238' 'absent']
 ['F55' '261.3994575188993' 'mated']
 ['F200' '276.7004255201228' 'mated']
 ['F107' '291.8501074115475' 'mated']]",1000.0,1500.0,576.0,70.85120369618491,14.829662067114539,1728.0,289.3349123632753,61.23763206315033,0.0,0.0,0.0,0.0,0.0,0.0,0.0,0.0,0.0
12,0.0,2,360.2581833970101,[],"[['F109' '84.61498716390997' 'absent']
 ['F71' '129.6006505817557' 'absent']
 ['F65' '204.4293104821078' 'mated']
 ['F138' '216.50463031349213' 'mated']]",1500.0,0.0,558.0,67.03645006588849,13.823145626042226,1700.0,293.19835545718604,63.47900296398386,0.0,0.0,0.0,0.0,0.0,0.0,0.0,0.0,0.0
13,0.0,5,360.49493861707595,"[['19' '12.361779378484403' 'marauded']
 ['19' '45.454035464484576' 'present']
 ['19' '50.63136823630039' 'present']
 ['19' '72.2613058881212' 'marauded']
 ['19' '86.14767962083778' 'present']
 ['19' '89.77974140652057' 'present']
 ['19' '94.7295493265691' 'present']
 ['19' '114.51424960184981' 'present']
 ['19' '152.27110237875496' 'present']
 ['19' '180.9206880071278' 'present']
 ['19' '183.68978145437146' 'marauded']
 ['19' '216.8557198221838' 'present']
 ['19' '232.16473167263788' 'present']
 ['19' '253.09551024464832' 'present']
 ['19' '279.6938606204025' 'present']
 ['19' '290.53838967290454' 'present']
 ['19' '306.76989465600326' 'present']
 ['19' '342.8925703206541' 'present']
 ['19' '347.56901242561736' 'present']]","[['F72' '86.95390339172774' 'mated']
 ['F145' '217.14547623723487' 'mated']
 ['F125' '235.85808208637508' 'mated']
 ['F149' '238.4965876364771' 'mated']
 ['F186' '242.30424628982223' 'absent']
 ['F40' '247.45555576536003' 'mated']]",1500.0,500.0,565.0,69.64968640972378,14.487912253080232,1630.0,272.47440602936393,57.96033164628715,107.0,18.123864439596087,3.935427717082886,0.0,0.0,0.0,0.0,0.0,0.0
14,0.0,10,359.91305404840756,"[['7' '0.938895885959197' 'present']
 ['7' '1.7115322834560203' 'present']
 ['7' '41.86580274702355' 'present']
 ['18' '42.3663690194655' 'present']
 ['18' '46.6640032304119' 'present']
 ['7' '57.97556848528072' 'present']
 ['7' '63.44885747133681' 'present']
 ['7' '91.6517453306298' 'present']
 ['7' '107.61260411535976' 'present']
 ['7' '108.67036017277759' 'present']
 ['7' '129.99314457137208' 'present']
 ['7' '156.24590903789192' 'marauded']
 ['19' '161.39854881125794' 'presentdestroyed']
 ['7' '166.93590679248163' 'marauded']
 ['18' '167.9796040777519' 'presentdestroyed']
 ['7' '168.25714711700007' 'destroyed']
 ['19' '168.7579052449166' 'presentdestroyed']
 ['18' '178.33291679267109' 'present']
 ['18' '185.9504873520533' 'marauded']
 ['7' '187.0591946248511' 'presentdestroyed']
 ['19' '187.07637957196997' 'presentdestroyed']
 ['7' '191.79071122805075' 'presentdestroyed']
 ['7' '192.74117931510455' 'presentdestroyed']
 ['18' '210.0119798316076' 'present']
 ['18' '221.963675699396' 'present']
 ['18' '225.37388123312635' 'present']
 ['18' '228.000197664665' 'present']
 ['18' '266.95848316745577' 'present']
 ['7' '270.56100101091783' 'present']
 ['18' '270.7030082945457' 'present']
 ['19' '280.8882578082364' 'present']
 ['18' '287.0195860542884' 'present']
 ['18' '316.2603209789971' 'present']
 ['7' '321.7868121633428' 'present']
 ['7' '327.78159648273265' 'present']
 ['7' '354.9874376405541' 'marauded']]","[['F10' '63.84107434814386' 'mated']
 ['F64' '144.52245117261546' 'mated']
 ['F27' '149.54027309358798' 'absent']
 ['F144' '172.6294350698618' 'destroyed']
 ['F12' '173.22310028665316' 'destroyed']
 ['F135' '176.57886995981104' 'mated']
 ['F86' '176.880591875784' 'mated']
 ['F62' '182.13489227469228' 'mated']
 ['F34' '185.65289847813708' 'mated']
 ['F127' '190.31994933781095' 'destroyed']
 ['F19' '225.55345784726356' 'mated']
 ['F68' '233.57074890592042' 'mated']
 ['F131' '236.4419661748417' 'mated']
 ['F160' '313.3197509197987' 'mated']]",1500.0,1000.0,573.0,70.1607431670571,13.801136335033634,1608.0,267.928879036944,56.29346581474568,132.0,22.100009634939955,4.725772847137522,0.0,0.0,0.0,0.0,0.0,0.0
15,0.054,2,360.5428978431898,"[['19' '96.80938460267153' 'present']
 ['19' '140.52817452307445' 'present']
 ['19' '330.3580640358424' 'present']]","[['F201' '196.31464247151249' 'absent']
 ['F118' '234.4492638446109' 'mated']
 ['F58' '260.8890545944254' 'mated']]",1500.0,1500.0,571.0,72.51728484967411,15.008203683779042,1683.0,282.96390042771696,60.15939927832177,0.0,0.0,0.0,10.0,0.9999999999999999,0.10000000000000003,99.0,3.5964994111192987,0.13503086419753074
16,0.0,4,360.45322437029705,"[['18' '2.196643220246079' 'present']
 ['18' '51.090327269877335' 'present']
 ['18' '78.63048666525488' 'marauded']
 ['18' '92.1254381982832' 'present']
 ['18' '142.6881147960897' 'present']
 ['18' '161.78210042963482' 'present']
 ['15' '165.1612685478991' 'present']
 ['18' '212.53607531709355' 'marauded']
 ['15' '274.4966566035997' 'present']
 ['15' '276.3437852885416' 'marauded']
 ['18' '309.88507030971897' 'present']
 ['15' '310.4442358574069' 'marauded']
 ['18' '344.20195114743456' 'present']]","[['F66' '71.46078687784353' 'mated']
 ['F124' '72.02490888987238' 'mated']
 ['F67' '143.50102693408763' 'absent']
 ['F47' '204.69872446728124' 'mated']
 ['F1' '221.4741345488779' 'absent']
 ['F140' '256.06609322858714' 'absent']
 ['F120' '267.7842874165329' 'mated']]",2000.0,0.0,556.0,72.27780071115632,15.81496881514712,1544.0,263.64144422078994,57.15702138652167,141.0,24.280653214721248,5.319969055105011,0.0,0.0,0.0,0.0,0.0,0.0
17,0.0,9,360.13779391343684,[['18' '254.2558608035171' 'present']],"[['F136' '45.88382612781557' 'mated']
 ['F5' '76.81289466129408' 'mated']
 ['F188' '148.0296940028564' 'mated']
 ['F53' '172.1108866728676' 'absent']
 ['F209' '189.87463814043414' 'mated']
 ['F132' '208.31957398534217' 'mated']
 ['F172' '217.25471253275893' 'mated']
 ['F37' '225.41094312550308' 'mated']
 ['F195' '244.1325808118188' 'absent']
 ['F157' '284.45484344513716' 'mated']
 ['F104' '312.828405759667' 'mated']]",2000.0,500.0,567.0,69.62861096258673,14.249561157002836,1689.0,290.70335082170226,63.38489519426664,0.0,0.0,0.0,0.0,0.0,0.0,0.0,0.0,0.0
18,0.054,12,360.20513367442163,[['7' '102.14350796896652' 'marauded']],"[['F17' '30.265410887672818' 'mated']
 ['F173' '33.165297664245514' 'mated']
 ['F30' '48.41497284481517' 'mated']
 ['F166' '90.15184501835421' 'mated']
 ['F89' '138.11810140962845' 'mated']
 ['F21' '145.8075125697147' 'mated']
 ['F12' '173.23467436072724' 'mated']
 ['F62' '182.1233182006182' 'absent']
 ['F35' '213.00539195497703' 'absent']
 ['F170' '220.08253315587453' 'mated']
 ['F212' '223.01966085945907' 'mated']
 ['F94' '229.39981640128377' 'mated']
 ['F140' '256.0824614411146' 'mated']
 ['F120' '267.7679192040054' 'absent']
 ['F130' '321.53515686077674' 'mated']]",2000.0,1000.0,561.0,70.65476878288864,14.859289703138604,1692.0,279.7665643750747,57.75989079929001,39.0,6.172574137047525,1.230624463740689,14.0,1.4000000000000001,0.14000000000000007,82.0,2.203023628815616,0.06269290123456783
19,0.054,8,360.34632861516343,"[['15' '56.885051317288344' 'present']
 ['15' '102.37995949468586' 'present']
 ['15' '133.5827899393635' 'present']
 ['7' '182.3403864150211' 'present']
 ['7' '254.1421500185361' 'marauded']
 ['15' '264.5116788997495' 'present']
 ['18' '302.73866853231414' 'present']
 ['15' '305.74358338750363' 'present']
 ['15' '333.6669826633467' 'marauded']]","[['F177' '36.12626008216915' 'mated']
 ['F14' '106.43869830929755' 'mated']
 ['F199' '120.06204720282032' 'mated']
 ['F123' '146.39386508299125' 'mated']
 ['F76' '155.86439682864307' 'mated']
 ['F201' '196.33779061966064' 'mated']
 ['F174' '201.72779346303903' 'mated']
 ['F159' '251.69849393004625' 'mated']]",2000.0,1500.0,579.0,69.99521540992694,13.937199231984302,1623.0,273.3272786336623,59.03976628287771,76.0,12.111236834994115,2.527534714619553,17.0,1.7000000000000004,0.1700000000000001,86.0,2.881176051795986,0.10716735253772292
20,0.0,17,360.5134004828284,[],"[['F187' '26.200508079273558' 'mated']
 ['F180' '45.15594458581265' 'mated']
 ['F162' '85.6999905479686' 'mated']
 ['F117' '114.75511054224971' 'mated']
 ['F24' '117.05471124086256' 'mated']
 ['F26' '117.64574974347153' 'mated']
 ['F121' '124.10539754083743' 'mated']
 ['F97' '154.81816924718342' 'mated']
 ['F44' '159.7293122562035' 'mated']
 ['F165' '187.1893669203513' 'mated']
 ['F4' '191.31878638443376' 'mated']
 ['F13' '233.5701367398543' 'mated']
 ['F91' '234.33412499573635' 'mated']
 ['F57' '236.07796818985116' 'mated']
 ['F179' '250.88148739417704' 'mated']
 ['F11' '254.3654780199101' 'mated']
 ['F15' '270.52811755883494' 'mated']]",2500.0,0.0,557.0,69.70627355205218,14.355714434699864,1698.0,290.4126006183996,63.21670322663652,0.0,0.0,0.0,0.0,0.0,0.0,0.0,0.0,0.0
21,0.0,4,359.80463415542437,"[['18' '117.56298949145423' 'present']
 ['18' '193.59687318255993' 'present']
 ['18' '222.33854086297035' 'present']
 ['18' '236.81843857519831' 'present']
 ['18' '264.88313894618165' 'present']]","[['F92' '134.41015253043182' 'mated']
 ['F22' '142.36425724840925' 'mated']
 ['F144' '172.6410091439359' 'mated']
 ['F127' '190.33152341188503' 'mated']]",2500.0,500.0,563.0,70.10407667990253,14.776914172455049,1743.0,289.9210418947627,61.459903518155464,0.0,0.0,0.0,0.0,0.0,0.0,0.0,0.0,0.0
22,0.0,11,360.6701753303261,"[['7' '49.16320059655963' 'present']
 ['7' '53.12423730287285' 'marauded']
 ['7' '55.77034346601757' 'presentdestroyed']
 ['7' '84.03635578841964' 'present']
 ['7' '95.63140402814909' 'present']
 ['7' '110.56248215855656' 'present']
 ['7' '116.77293313450899' 'present']
 ['7' '143.92117395400476' 'marauded']
 ['7' '153.91137294352188' 'present']
 ['7' '171.40983773070283' 'present']
 ['7' '181.1034175486433' 'present']
 ['7' '181.12656569679146' 'present']
 ['7' '182.08409545313893' 'present']
 ['7' '182.84308860587038' 'present']
 ['7' '183.59982544787326' 'present']
 ['7' '183.92338545573753' 'present']
 ['7' '201.10698947369093' 'present']
 ['7' '233.1491505195798' 'present']
 ['7' '248.47499379344865' 'present']
 ['15' '271.79317931045364' 'present']
 ['7' '285.5433188206559' 'present']
 ['7' '338.86777344735737' 'present']
 ['7' '357.391517580295' 'present']]","[['F95' '9.855242468962768' 'mated']
 ['F42' '45.227953065123316' 'mated']
 ['F63' '107.73233886043278' 'mated']
 ['F204' '127.36041311150542' 'mated']
 ['F64' '144.4993030244673' 'destroyed']
 ['F100' '173.33532173556836' 'mated']
 ['F79' '175.9203830270836' 'mated']
 ['F205' '183.1751680365683' 'mated']
 ['F108' '228.49244348803447' 'mated']
 ['F133' '233.528461343025' 'mated']
 ['F18' '265.04164120064513' 'mated']
 ['F189' '309.63168111349785' 'mated']]",2500.0,1000.0,559.0,71.43576840997969,14.626287345966324,1622.0,276.38277154973696,59.28096915857152,77.0,12.239301951414156,2.6492609735504846,0.0,0.0,0.0,0.0,0.0,0.0
23,0.0,10,360.0090313177337,[['19' '203.84449640862056' 'present']],"[['F203' '65.9370924452903' 'mated']
 ['F124' '72.0133348157983' 'absent']
 ['F7' '75.47793364431385' 'mated']
 ['F9' '76.64183547013734' 'mated']
 ['F214' '88.69828328483733' 'mated']
 ['F3' '99.52734323893145' 'mated']
 ['F183' '108.56645975522615' 'mated']
 ['F198' '114.0425993646772' 'mated']
 ['F129' '124.89078841498537' 'absent']
 ['F67' '143.5126010081617' 'mated']
 ['F49' '148.53281943797109' 'absent']
 ['F81' '193.56012108610838' 'mated']
 ['F114' '197.7550781516583' 'mated']]",2500.0,1500.0,569.0,70.91334491547394,15.249241989453374,1704.0,289.30847115862326,62.543936332331974,0.0,0.0,0.0,0.0,0.0,0.0,0.0,0.0,0.0
