id,probability_maraud,successful_mating,next_foraging_time,mar_attempts,mate_attempts,x_pos,y_pos,foraging_events,foraging_hrs,foraging_sqhrs,staying_events,staying_hrs,staying_sqhrs,repairing_events,repairing_hrs,repairing_sqhrs,marauding_events,marauding_hrs,marauding_sqhrs,traveling_events,traveling_hrs,traveling_sqhrs
0,0.054,11,360.32616295686813,"[['5' '0.30778173032670936' 'present']
 ['1' '15.402877167786524' 'present']
 ['2' '37.134119763989744' 'marauded']
 ['7' '39.96719113752903' 'presentdestroyed']
 ['19' '44.51913205662635' 'presentdestroyed']
 ['2' '49.01861612460062' 'present']
 ['8' '53.84523574004559' 'present']
 ['16' '60.18643618401593' 'present']
 ['10' '61.84810583744344' 'present']
 ['1' '65.23278207694136' 'marauded']
 ['13' '71.23903622512658' 'presentdestroyed']
 ['13' '72.81129956887678' 'present']
 ['9' '80.54165506070437' 'present']
 ['1' '81.89035922786196' 'present']
 ['5' '85.58113964623266' 'present']
 ['8' '93.89186256897817' 'present']
 ['19' '101.41414858465443' 'present']
 ['23' '158.0249445524883' 'marauded']
 ['23' '161.96248991070476' 'presentdestroyed']
 ['2' '162.32132211225732' 'presentdestroyed']
 ['7' '164.83274541698458' 'presentdestroyed']
 ['10' '174.09210784670455' 'marauded']
 ['16' '175.70315943860166' 'presentdestroyed']
 ['1' '185.83690201551386' 'present']
 ['15' '187.9625649557967' 'present']
 ['15' '193.77125101600978' 'marauded']
 ['21' '217.03508014600027' 'present']
 ['6' '219.4218543493826' 'marauded']
 ['7' '224.03796294824772' 'presentdestroyed']
 ['15' '225.98127161828302' 'presentdestroyed']
 ['23' '227.76849221254238' 'present']
 ['5' '229.02922872400717' 'present']
 ['16' '230.7971987443831' 'present']
 ['21' '232.74611568471573' 'present']
 ['19' '246.11799703932087' 'present']
 ['10' '248.5624460591594' 'marauded']
 ['23' '281.3908907480181' 'present']
 ['10' '302.8850766650913' 'present']
 ['2' '307.203474592742' 'marauded']
 ['1' '315.20504179656047' 'present']
 ['15' '323.8016954606935' 'marauded']
 ['2' '342.8794457157712' 'present']
 ['7' '343.6655563277179' 'present']
 ['23' '344.21910884967366' 'present']
 ['19' '355.2382138064929' 'present']]","[['F15' '86.70132752407399' 'mated']
 ['F203' '86.8448740327757' 'mated']
 ['F146' '91.11647589651922' 'mated']
 ['F41' '107.90781770773151' 'mated']
 ['F66' '141.68833536221817' 'mated']
 ['F150' '167.06408006147473' 'absent']
 ['F207' '184.08311767013348' 'mated']
 ['F90' '191.50698421888853' 'mated']
 ['F87' '208.2967149584929' 'mated']
 ['F107' '222.08639839232282' 'destroyed']
 ['F84' '239.87177991046093' 'mated']
 ['F142' '247.20922457108153' 'mated']
 ['F0' '254.55474097576797' 'destroyed']
 ['F182' '287.18573836798436' 'mated']]",0.0,0.0,561.0,77.35442596351491,17.797241637998535,1326.0,225.71656700333472,49.064579307176864,318.0,55.0290395356194,12.273937744145115,11.0,1.0999999999999999,0.11000000000000004,83.0,0.8315763162265785,0.009430727023319619
1,0.054,8,360.38234009659953,"[['5' '11.472683789944599' 'present']
 ['21' '16.77191967056744' 'present']
 ['10' '21.14437126388451' 'marauded']
 ['16' '23.92335906881283' 'presentdestroyed']
 ['22' '24.884256486711795' 'presentdestroyed']
 ['9' '32.086971112488214' 'marauded']
 ['16' '38.31854630106382' 'presentdestroyed']
 ['7' '42.47488220186244' 'present']
 ['0' '47.16271460563762' 'marauded']
 ['23' '49.109325486293024' 'presentdestroyed']
 ['15' '56.24989955410837' 'present']
 ['8' '58.9020635670166' 'present']
 ['10' '63.586581283214976' 'present']
 ['22' '66.98985627247659' 'present']
 ['9' '67.21049626687906' 'present']
 ['19' '68.12520726441524' 'marauded']
 ['21' '74.85239363524515' 'destroyed']
 ['16' '75.63585988208135' 'destroyed']
 ['19' '78.61323180523779' 'present']
 ['2' '81.42447320377246' 'present']
 ['23' '81.91101482931919' 'present']
 ['10' '84.23828937254048' 'present']
 ['9' '95.14403474155338' 'present']
 ['10' '98.58418777695341' 'present']
 ['5' '100.23367995788065' 'present']
 ['10' '111.83792310166818' 'present']
 ['15' '131.18355285154098' 'present']
 ['15' '147.0619223994097' 'marauded']
 ['10' '176.41321159108014' 'marauded']
 ['13' '182.89491149764697' 'presentdestroyed']
 ['0' '187.5700484880405' 'marauded']
 ['2' '189.2851799246619' 'presentdestroyed']
 ['9' '203.75989293114537' 'present']
 ['23' '207.19785536330573' 'present']
 ['10' '208.351095870148' 'present']
 ['2' '210.37909583521997' 'present']
 ['6' '214.58511409936955' 'present']
 ['8' '217.764577189908' 'present']
 ['21' '236.25030731448885' 'present']
 ['21' '244.60029233558674' 'present']
 ['16' '248.72635812802397' 'present']
 ['23' '258.615882110099' 'present']
 ['13' '260.161029461039' 'present']
 ['7' '260.79355877145684' 'marauded']
 ['10' '271.0504343755905' 'present']
 ['19' '275.08974281271844' 'marauded']
 ['13' '279.7822759908076' 'presentdestroyed']
 ['8' '298.1836495691706' 'present']
 ['19' '299.6656790106564' 'present']
 ['15' '305.58026207208576' 'present']
 ['9' '309.6955055056243' 'present']
 ['23' '311.53460476175763' 'present']
 ['0' '332.057187270062' 'present']
 ['19' '356.71733933547205' 'present']]","[['F112' '32.32624078476035' 'destroyed']
 ['F194' '81.01130465282063' 'mated']
 ['F190' '89.31858939474489' 'absent']
 ['F93' '93.72017931678343' 'absent']
 ['F14' '119.81934991129944' 'mated']
 ['F187' '150.22548607030552' 'absentdestroyed']
 ['F104' '164.2914234130509' 'mated']
 ['F127' '173.70157284987496' 'mated']
 ['F138' '209.174715731182' 'mated']
 ['F27' '242.9481360521225' 'mated']
 ['F38' '282.0047454126157' 'destroyed']
 ['F94' '307.5178745752202' 'mated']
 ['F65' '341.71492632665195' 'mated']]",0.0,100.0,575.0,71.3941381024449,15.09432293147335,1382.0,231.6531601286597,49.262729086274014,313.0,54.98945357534497,11.939766374592384,15.0,1.5000000000000002,0.15000000000000008,69.0,0.6545824751360853,0.007201646090534984
2,0.054,7,360.4160725103037,"[['16' '0.9323254168395184' 'present']
 ['21' '2.7397912218822453' 'present']
 ['5' '8.743688382557' 'present']
 ['5' '14.415598067182696' 'present']
 ['9' '16.927269629564485' 'present']
 ['15' '21.1687814257876' 'present']
 ['0' '27.855642710292518' 'marauded']
 ['16' '39.27896485395484' 'present']
 ['6' '41.325568861700155' 'present']
 ['22' '48.403433114969225' 'present']
 ['6' '50.90809369536862' 'marauded']
 ['22' '54.78180190813509' 'presentdestroyed']
 ['5' '56.3591951273533' 'presentdestroyed']
 ['6' '61.81962740284663' 'present']
 ['15' '102.95291597756543' 'present']
 ['0' '105.90396835809662' 'present']
 ['1' '110.3682000879459' 'present']
 ['5' '123.07037659712805' 'present']
 ['1' '129.73108974068322' 'marauded']
 ['0' '131.42875511332554' 'destroyed']
 ['21' '133.1547651173316' 'destroyed']
 ['10' '140.27962493046766' 'marauded']
 ['0' '145.2607407975786' 'destroyed']
 ['23' '149.87488951797383' 'present']
 ['0' '165.58683428508724' 'present']
 ['13' '171.19511437878563' 'present']
 ['5' '172.39755842115062' 'present']
 ['23' '195.56235732514298' 'present']
 ['19' '196.89263268160394' 'present']
 ['5' '198.58626996937113' 'present']
 ['8' '204.68480793163258' 'present']
 ['1' '208.98585243531568' 'present']
 ['19' '211.3942703014146' 'present']
 ['1' '212.06590757191108' 'present']
 ['5' '213.4988901419155' 'present']
 ['1' '224.3629909028198' 'present']
 ['13' '229.11699370889235' 'present']
 ['19' '230.90554860762097' 'present']
 ['5' '241.6986465481312' 'present']
 ['13' '243.3511363963095' 'present']
 ['22' '250.44126428255262' 'present']
 ['8' '253.50869329761827' 'present']
 ['16' '256.8775229523796' 'present']
 ['13' '258.7879214316218' 'present']
 ['21' '269.96170230845263' 'present']
 ['10' '270.78907751575963' 'present']
 ['5' '283.3201623042885' 'present']
 ['19' '285.86676001256643' 'marauded']
 ['21' '293.5721413914624' 'present']
 ['21' '323.5393578867543' 'present']
 ['15' '353.83424693467947' 'marauded']
 ['16' '356.18207717441595' 'presentdestroyed']]","[['F190' '89.3097272949191' 'absent']
 ['F190' '89.31627457993008' 'absent']
 ['F67' '89.46216390496568' 'mated']
 ['F186' '89.57722260925516' 'mated']
 ['F77' '128.80391662490882' 'mated']
 ['F197' '171.201182139512' 'mated']
 ['F91' '175.16479977814947' 'absent']
 ['F131' '188.56635928009362' 'mated']
 ['F83' '213.20838719786676' 'mated']
 ['F52' '267.71320784839486' 'mated']]",0.0,200.0,577.0,70.1368985878661,14.636617277359894,1524.0,252.72732537633175,53.30690246879525,225.0,35.83517095763639,7.133234815289225,6.0,0.6,0.06000000000000001,89.0,0.8440945098412399,0.00910922496570645
3,0.0,11,360.26445424077735,"[['2' '8.202469394871326' 'present']
 ['15' '10.275733204778794' 'marauded']
 ['22' '17.896115833478646' 'marauded']
 ['7' '23.240016957721863' 'presentdestroyed']
 ['22' '28.741276709182006' 'present']
 ['15' '30.39869698588619' 'present']
 ['6' '32.14471441270197' 'present']
 ['10' '34.94337423858954' 'present']
 ['2' '41.97026388352864' 'present']
 ['8' '42.46279275350808' 'present']
 ['1' '45.12404559004957' 'present']
 ['6' '86.52820783980171' 'present']
 ['10' '88.34280803548198' 'marauded']
 ['2' '93.06770070660296' 'presentdestroyed']
 ['10' '109.36066872745162' 'present']
 ['22' '109.5166362943142' 'present']
 ['9' '116.25785494119467' 'present']
 ['23' '132.04326371543326' 'present']
 ['10' '157.32169819785705' 'present']
 ['19' '162.04228592793956' 'present']
 ['9' '166.41054379259845' 'marauded']
 ['16' '169.2500031877321' 'destroyed']
 ['23' '170.90074618830516' 'presentdestroyed']
 ['16' '172.26225921209016' 'destroyed']
 ['2' '176.53448357226767' 'marauded']
 ['23' '181.9653205985658' 'presentdestroyed']
 ['13' '187.08210751202202' 'present']
 ['7' '189.29748190111613' 'present']
 ['7' '189.85079993476427' 'present']
 ['7' '193.98883674439978' 'present']
 ['22' '198.2752079217708' 'present']
 ['0' '207.30407478777764' 'marauded']
 ['10' '209.14520679083057' 'presentdestroyed']
 ['6' '220.51851596891407' 'present']
 ['6' '227.5683376420646' 'present']
 ['16' '228.65826283355247' 'present']
 ['0' '232.37905046013682' 'present']
 ['5' '240.04257165271332' 'present']
 ['21' '242.23726452521282' 'present']
 ['23' '257.5584199032449' 'marauded']
 ['22' '259.858518716672' 'destroyed']
 ['2' '261.7499318882708' 'presentdestroyed']
 ['15' '264.37550191902994' 'presentdestroyed']
 ['5' '268.1628547233428' 'present']
 ['23' '278.04404206788536' 'present']
 ['9' '286.90179379241624' 'present']
 ['1' '300.51768774958714' 'present']
 ['23' '341.4721025364574' 'present']
 ['2' '342.60886386600885' 'present']
 ['13' '348.8106118528205' 'present']
 ['22' '350.4058440520374' 'present']
 ['23' '352.799216363558' 'present']]","[['F20' '96.88889718888261' 'mated']
 ['F190' '101.3297663093855' 'mated']
 ['F14' '119.80572410223144' 'absent']
 ['F80' '120.73781399196092' 'absent']
 ['F176' '130.04228951683612' 'mated']
 ['F180' '132.63382244967454' 'absent']
 ['F31' '140.23095062676933' 'mated']
 ['F183' '141.57568071593766' 'mated']
 ['F189' '147.7481217954816' 'mated']
 ['F83' '213.20607238305195' 'absentdestroyed']
 ['F139' '223.74241517425097' 'absent']
 ['F71' '233.31215886084593' 'mated']
 ['F140' '265.20434834527634' 'mated']
 ['F86' '269.85071457318446' 'mated']
 ['F160' '278.70661285014415' 'mated']
 ['F7' '294.38096738503265' 'mated']]",0.0,300.0,559.0,73.68540288119537,15.58313076967531,1481.0,243.1008901386363,50.309197062489574,249.0,43.24778414405003,9.548431468290621,0.0,0.0,0.0,0.0,0.0,0.0
4,0.0,11,360.68546490811474,"[['0' '6.754388759510898' 'present']
 ['0' '6.759018389140528' 'present']
 ['16' '25.677743279112157' 'marauded']
 ['9' '43.72751743198691' 'present']
 ['9' '49.97047480210051' 'present']
 ['5' '53.24275090456997' 'present']
 ['0' '73.70572882079297' 'present']
 ['13' '73.90518457533128' 'present']
 ['15' '104.19116992877122' 'present']
 ['2' '106.39674549718097' 'present']
 ['21' '127.95997401908618' 'marauded']
 ['15' '139.01240416811936' 'present']
 ['15' '139.84682620345023' 'present']
 ['6' '140.90055780448782' 'present']
 ['9' '158.73043452182262' 'present']
 ['2' '166.54157674812964' 'present']
 ['21' '169.79625249342598' 'present']
 ['9' '171.9163980715509' 'present']
 ['7' '186.4312091087575' 'present']
 ['0' '186.93591130222504' 'present']
 ['16' '194.0711828132599' 'present']
 ['5' '212.10427522111715' 'present']
 ['13' '213.45092111592888' 'present']
 ['0' '216.84816425115716' 'marauded']
 ['22' '218.981876657964' 'presentdestroyed']
 ['2' '219.27644864856939' 'presentdestroyed']
 ['23' '234.22398866668308' 'present']
 ['1' '243.75790551632963' 'marauded']
 ['2' '279.5373464686037' 'present']
 ['5' '296.38817477519933' 'present']
 ['13' '303.6909858400665' 'present']
 ['23' '305.79814309656484' 'present']
 ['15' '307.05637219141164' 'present']
 ['23' '320.41170420737257' 'present']
 ['21' '325.89288172626095' 'present']
 ['8' '336.1759045780221' 'marauded']
 ['5' '339.60541269972344' 'presentdestroyed']
 ['6' '339.83024963681225' 'destroyed']
 ['2' '342.60137296791277' 'presentdestroyed']
 ['21' '359.7841345934194' 'present']]","[['F29' '36.21154231931201' 'mated']
 ['F92' '73.01968587148637' 'mated']
 ['F10' '91.74572676389272' 'mated']
 ['F21' '132.84389494891715' 'absentdestroyed']
 ['F171' '137.46791829864998' 'mated']
 ['F200' '147.89885899890598' 'mated']
 ['F78' '175.0669254022875' 'mated']
 ['F49' '197.11364581371757' 'mated']
 ['F57' '205.2456552218482' 'mated']
 ['F195' '241.62754642766143' 'mated']
 ['F94' '307.5146009327147' 'absent']
 ['F43' '308.6117873665966' 'mated']
 ['F165' '316.60620911904374' 'mated']]",100.0,0.0,578.0,71.84587300977819,14.606535473834416,1511.0,257.8156512188463,55.77746831844634,171.0,30.370919917621297,6.694238104125234,0.0,0.0,0.0,0.0,0.0,0.0
5,0.054,12,360.13975940908614,"[['19' '4.322600491725532' 'present']
 ['22' '13.587755324198309' 'present']
 ['8' '23.41199678183316' 'present']
 ['7' '23.99404724524642' 'present']
 ['23' '27.724785301079752' 'present']
 ['6' '30.456872606187407' 'marauded']
 ['6' '32.139125955381665' 'presentdestroyed']
 ['21' '38.4514084035243' 'destroyed']
 ['16' '39.947355710554056' 'marauded']
 ['19' '43.59803292471576' 'destroyed']
 ['2' '45.991348226056076' 'presentdestroyed']
 ['8' '61.649797469571496' 'present']
 ['22' '76.00762899748145' 'present']
 ['9' '80.5341641626083' 'present']
 ['0' '88.80639973601001' 'present']
 ['13' '98.40817045047594' 'present']
 ['10' '107.27389389456337' 'present']
 ['23' '110.74257892417077' 'present']
 ['2' '112.66192037467272' 'present']
 ['2' '121.14742786244692' 'present']
 ['2' '125.97099626461556' 'present']
 ['16' '131.02897178114316' 'present']
 ['6' '131.26189773869459' 'present']
 ['10' '140.27172165833255' 'present']
 ['10' '141.9371111414043' 'present']
 ['22' '151.15937727742337' 'present']
 ['22' '158.4563460830579' 'present']
 ['21' '160.567176161479' 'present']
 ['2' '161.2318496792309' 'present']
 ['19' '182.00533562414188' 'present']
 ['0' '185.0256162841388' 'present']
 ['8' '192.82750957640067' 'present']
 ['23' '195.73630091319774' 'present']
 ['15' '203.80019875400384' 'present']
 ['6' '208.3760449797822' 'present']
 ['15' '210.04172340997448' 'present']
 ['0' '211.32338192471298' 'present']
 ['6' '213.77962237242474' 'marauded']
 ['7' '229.67085407056805' 'present']
 ['8' '230.25031956802133' 'marauded']
 ['6' '235.04043180141645' 'presentdestroyed']
 ['1' '249.96257614403152' 'marauded']
 ['7' '250.80029388119175' 'presentdestroyed']
 ['15' '263.33614532872514' 'present']
 ['9' '265.80886508280315' 'present']
 ['1' '273.2703019161794' 'present']
 ['19' '286.1538225738762' 'present']
 ['1' '290.631962344018' 'present']
 ['13' '299.5620971433604' 'present']
 ['6' '311.40280227950217' 'marauded']
 ['9' '326.3402335013511' 'present']
 ['6' '329.07038860411666' 'present']
 ['19' '348.320528248252' 'present']
 ['10' '351.1871313554684' 'marauded']
 ['6' '357.30709500273434' 'presentdestroyed']]","[['F100' '20.063369374259747' 'mated']
 ['F136' '78.54581974366324' 'mated']
 ['F166' '88.76824404782714' 'mated']
 ['F41' '107.90454406522602' 'absent']
 ['F161' '124.75682469417583' 'mated']
 ['F62' '132.2807588847662' 'mated']
 ['F154' '151.125836407066' 'mated']
 ['F82' '158.3779349822177' 'mated']
 ['F76' '163.92752748405323' 'mated']
 ['F74' '191.78951466446242' 'mated']
 ['F107' '222.0896720348283' 'mated']
 ['F118' '222.59099004148368' 'mated']
 ['F210' '249.30185018285073' 'mated']]",100.0,100.0,556.0,73.02904170073089,16.209851914487402,1427.0,242.32284407022277,52.35191602438315,259.0,42.77653961747206,9.053913724466357,13.0,1.3,0.13000000000000006,81.0,0.7129870851775266,0.007180212620027439
6,0.054,15,359.97198132219705,"[['19' '1.1401225945208033' 'marauded']
 ['5' '9.707447077597438' 'present']
 ['22' '9.755437068716253' 'present']
 ['2' '16.476346150066934' 'present']
 ['21' '16.764428772471376' 'present']
 ['13' '19.273338710898653' 'present']
 ['2' '25.437876372380586' 'present']
 ['0' '30.995499053594862' 'present']
 ['13' '63.14852726955359' 'present']
 ['9' '65.00266560948786' 'present']
 ['7' '93.13976478154973' 'marauded']
 ['21' '110.51515413234019' 'present']
 ['0' '118.05139111793952' 'present']
 ['7' '126.48024755223966' 'present']
 ['2' '126.94171527854645' 'present']
 ['10' '127.6427561955721' 'present']
 ['21' '131.82883605264155' 'marauded']
 ['0' '139.7051382302972' 'present']
 ['0' '151.0720073447907' 'marauded']
 ['10' '154.2383897650698' 'presentdestroyed']
 ['23' '155.18560530278936' 'destroyed']
 ['9' '156.90822726004708' 'presentdestroyed']
 ['23' '164.13337295352886' 'present']
 ['21' '168.93463049591966' 'present']
 ['15' '171.51775955683746' 'present']
 ['1' '174.41873007626887' 'present']
 ['22' '181.0778528686489' 'present']
 ['10' '181.73173807045234' 'present']
 ['23' '190.0598160081963' 'present']
 ['10' '190.66463653137995' 'present']
 ['15' '194.77567984244257' 'present']
 ['7' '196.08677387159602' 'marauded']
 ['2' '203.57655539755345' 'destroyed']
 ['15' '206.12088155998825' 'present']
 ['7' '212.26364617639635' 'present']
 ['22' '215.2828769091055' 'present']
 ['8' '251.54012480099655' 'present']
 ['21' '256.78426016814944' 'present']
 ['5' '268.3579243992295' 'present']
 ['5' '268.87651520142845' 'present']
 ['16' '278.62313398017454' 'present']
 ['9' '280.53438201870296' 'present']
 ['15' '282.9469387261795' 'present']
 ['10' '295.80118136868253' 'present']
 ['5' '299.88626982142165' 'present']
 ['8' '300.99606356947584' 'marauded']
 ['1' '317.96959890924063' 'present']
 ['9' '319.428300064927' 'marauded']
 ['13' '328.7046618819352' 'present']
 ['2' '331.72998254318867' 'present']
 ['5' '332.47381072299385' 'present']
 ['9' '339.34563444201586' 'present']
 ['9' '339.81621280060455' 'present']
 ['7' '344.15765245443635' 'present']
 ['10' '344.85912898483645' 'present']
 ['22' '350.41374732417256' 'present']
 ['9' '356.8583271848263' 'present']]","[['F85' '32.150667226455255' 'mated']
 ['F129' '56.22669977203202' 'mated']
 ['F30' '58.50477371177701' 'mated']
 ['F185' '73.27673753052554' 'mated']
 ['F69' '88.30077602914776' 'mated']
 ['F180' '132.63709609218003' 'destroyed']
 ['F21' '132.84852457854677' 'destroyed']
 ['F88' '149.32111693647977' 'mated']
 ['F45' '150.7431104697816' 'mated']
 ['F37' '162.70442471437764' 'mated']
 ['F8' '179.52989490576311' 'mated']
 ['F196' '192.660404606813' 'mated']
 ['F68' '208.4324297068275' 'mated']
 ['F53' '214.08790850935213' 'mated']
 ['F95' '231.97823853896097' 'mated']
 ['F2' '273.0960273137405' 'mated']
 ['F73' '284.0621220025343' 'mated']
 ['F7' '294.37769374252713' 'absent']]",100.0,200.0,583.0,62.91885215437137,11.595524467919809,1476.0,252.32836225365136,54.69763941026914,260.0,42.683349103800296,8.718546078200145,14.0,1.4000000000000001,0.14000000000000007,79.0,0.6814172462854794,0.006858710562414272
7,0.054,14,360.488243293986,"[['23' '0.34168201132026554' 'marauded']
 ['10' '1.268026674687458' 'presentdestroyed']
 ['6' '19.798347672407505' 'present']
 ['10' '20.419150739404067' 'present']
 ['10' '25.516514045402076' 'marauded']
 ['8' '29.301327660410184' 'presentdestroyed']
 ['9' '45.34826891256959' 'present']
 ['6' '45.932693124725645' 'present']
 ['15' '46.337689371534964' 'present']
 ['0' '74.60449648401966' 'marauded']
 ['9' '93.88654278491768' 'marauded']
 ['5' '149.0297709778809' 'present']
 ['8' '153.50379354822908' 'marauded']
 ['1' '155.78355477832542' 'presentdestroyed']
 ['22' '157.43446268574712' 'presentdestroyed']
 ['2' '157.81116536926203' 'destroyed']
 ['0' '169.1611478261706' 'marauded']
 ['8' '171.26721040156445' 'presentdestroyed']
 ['23' '183.1599293477174' 'present']
 ['6' '185.12386186531094' 'present']
 ['10' '186.33346128638178' 'present']
 ['15' '187.9087984554862' 'present']
 ['16' '212.7045861750746' 'present']
 ['23' '223.7454820999763' 'present']
 ['2' '251.56919749714825' 'present']
 ['10' '260.5398983818989' 'present']
 ['1' '270.4946577320933' 'present']
 ['19' '271.03803741061387' 'present']
 ['23' '276.54063291254306' 'present']
 ['21' '277.21741036664093' 'present']
 ['13' '281.8591354348733' 'present']
 ['6' '297.13020757933583' 'present']
 ['19' '298.5551924316537' 'present']
 ['8' '306.004870534937' 'present']
 ['10' '307.0225218781659' 'present']
 ['2' '318.4690547080125' 'present']
 ['9' '319.3198503391402' 'marauded']
 ['9' '324.11055709337467' 'presentdestroyed']
 ['10' '327.09356408686205' 'marauded']
 ['2' '332.45723053326697' 'presentdestroyed']
 ['6' '332.9741505510995' 'presentdestroyed']
 ['21' '337.2683488462284' 'present']
 ['10' '340.2374826974377' 'present']
 ['10' '344.1364583000886' 'present']
 ['8' '347.13779779091766' 'marauded']
 ['1' '352.54309768646397' 'presentdestroyed']
 ['8' '353.0156397723309' 'presentdestroyed']]","[['F199' '51.658128945575626' 'mated']
 ['F28' '115.82026437267359' 'mated']
 ['F21' '132.85833029145763' 'mated']
 ['F187' '150.23066215358676' 'mated']
 ['F150' '167.07198333360984' 'mated']
 ['F159' '167.23910423444303' 'mated']
 ['F152' '168.87698181313684' 'mated']
 ['F206' '178.94221022322316' 'mated']
 ['F44' '202.85007111818032' 'absent']
 ['F106' '218.49965515946937' 'mated']
 ['F143' '232.776417678977' 'mated']
 ['F201' '237.85897435675673' 'mated']
 ['F0' '254.55801461827346' 'mated']
 ['F99' '262.6960869928649' 'mated']
 ['F140' '265.2020335304615' 'absent']
 ['F113' '344.39993550487577' 'mated']]",100.0,300.0,567.0,70.66829910539754,15.142042369021299,1413.0,232.67628163873434,48.77217884153265,327.0,54.89701772237456,11.561592156617781,11.0,1.0999999999999999,0.11000000000000004,70.0,0.6663009128113021,0.007115912208504804
8,0.054,7,360.4932257412999,"[['2' '8.193607295045524' 'present']
 ['6' '11.814085287218042' 'marauded']
 ['2' '27.850310867609718' 'present']
 ['10' '36.285436608145204' 'present']
 ['22' '43.2375108795495' 'present']
 ['9' '43.73310588930722' 'marauded']
 ['7' '53.42153754644463' 'present']
 ['1' '56.35266030340548' 'present']
 ['5' '58.464396563280076' 'present']
 ['2' '66.97461644800103' 'present']
 ['7' '73.78974526160262' 'present']
 ['22' '83.82592528612523' 'present']
 ['5' '86.15987981558396' 'present']
 ['9' '87.19988129684452' 'present']
 ['13' '91.24803258335407' 'present']
 ['9' '91.4269775145357' 'present']
 ['5' '95.41766704318366' 'present']
 ['15' '98.45164371527265' 'present']
 ['9' '99.33387457389317' 'present']
 ['23' '108.73095348192497' 'marauded']
 ['9' '118.41100376152728' 'marauded']
 ['1' '128.48995598971013' 'present']
 ['2' '152.8044039524496' 'present']
 ['10' '172.31320472948676' 'marauded']
 ['9' '173.10571184979' 'presentdestroyed']
 ['15' '182.34500797535335' 'marauded']
 ['2' '183.12227669447003' 'presentdestroyed']
 ['6' '190.34674838097322' 'present']
 ['23' '209.1111600294772' 'present']
 ['21' '209.23516085935128' 'present']
 ['15' '211.32611377500052' 'present']
 ['9' '213.63584047760622' 'present']
 ['15' '221.00458596922846' 'present']
 ['21' '229.52647189883666' 'present']
 ['15' '230.01896738274013' 'present']
 ['19' '254.0718913691802' 'present']
 ['19' '256.3926325808724' 'present']
 ['7' '283.6793568282974' 'present']
 ['23' '284.3502866847021' 'marauded']
 ['13' '289.21038530202026' 'presentdestroyed']
 ['2' '297.752236598673' 'present']
 ['0' '304.19649889757545' 'present']
 ['22' '306.99948101746594' 'present']
 ['15' '309.3357551099537' 'present']
 ['22' '310.0921500736978' 'present']
 ['5' '310.1347381295548' 'present']
 ['23' '316.822282026429' 'present']
 ['9' '318.76392365043813' 'marauded']
 ['13' '328.5962121561484' 'marauded']
 ['22' '332.85224094561767' 'presentdestroyed']
 ['13' '350.26421223967844' 'present']
 ['7' '358.55269688845954' 'present']
 ['15' '359.57966791814624' 'present']]","[['F147' '57.54621215805402' 'mated']
 ['F102' '77.3602044011797' 'mated']
 ['F93' '93.71500323350217' 'absent']
 ['F1' '118.19008280930144' 'absent']
 ['F103' '149.4600442115663' 'mated']
 ['F56' '165.13763351119403' 'mated']
 ['F131' '188.55600711353114' 'destroyed']
 ['F144' '226.7268701129817' 'absent']
 ['F198' '248.52197947576374' 'mated']
 ['F174' '266.3303013037591' 'mated']
 ['F2' '273.09085123045924' 'absent']
 ['F172' '292.7582409876256' 'mated']]",200.0,0.0,573.0,71.1735908336896,15.015917659986002,1383.0,231.95643331568903,49.004154246488504,352.0,55.12592113709382,11.431609585797318,12.0,1.2,0.12000000000000005,70.0,0.6661853321327287,0.007115912208504805
9,0.054,6,360.41585364654173,"[['5' '1.2634260021771324' 'present']
 ['21' '14.354047589402366' 'present']
 ['13' '17.23294865026196' 'present']
 ['13' '18.375115485643132' 'present']
 ['5' '18.542721240334167' 'marauded']
 ['0' '54.19531402686068' 'present']
 ['10' '54.6466294220662' 'present']
 ['2' '63.363758836103145' 'present']
 ['22' '70.77941294130893' 'marauded']
 ['23' '71.19639734142514' 'destroyed']
 ['22' '80.37409367096342' 'present']
 ['22' '83.55239446483382' 'present']
 ['5' '102.81633054035443' 'marauded']
 ['6' '109.02521698789285' 'destroyed']
 ['1' '117.51273780898757' 'present']
 ['16' '118.83500461630918' 'present']
 ['0' '123.99813205652663' 'present']
 ['16' '133.9922974277773' 'present']
 ['7' '149.26677566892485' 'present']
 ['10' '169.85140238629697' 'present']
 ['5' '172.157654869026' 'present']
 ['5' '193.7410817433893' 'marauded']
 ['22' '194.84101139019094' 'presentdestroyed']
 ['6' '214.27807835746037' 'present']
 ['7' '232.04794603883997' 'present']
 ['15' '234.03467058676944' 'marauded']
 ['15' '239.64100648210987' 'presentdestroyed']
 ['0' '247.75751205641623' 'present']
 ['6' '253.37710428929864' 'marauded']
 ['23' '255.69363619679746' 'destroyed']
 ['19' '260.7515775504807' 'presentdestroyed']
 ['23' '266.6698760233677' 'present']
 ['19' '270.385280529048' 'marauded']
 ['16' '290.41640408500245' 'present']
 ['23' '291.06127744785044' 'present']
 ['10' '298.5675867416915' 'marauded']
 ['5' '310.1403265868752' 'present']
 ['23' '318.23213575666955' 'present']
 ['2' '323.909427617176' 'present']
 ['2' '323.9197797837385' 'present']
 ['23' '331.77624102922783' 'present']
 ['0' '340.7724207329594' 'marauded']
 ['6' '344.9416996181957' 'presentdestroyed']]","[['F177' '79.2027203865374' 'mated']
 ['F146' '91.11129981323796' 'absent']
 ['F3' '96.90996090956455' 'mated']
 ['F191' '134.91193403169447' 'mated']
 ['F171' '137.4646446561445' 'absent']
 ['F173' '148.62432693919934' 'mated']
 ['F108' '227.49502665673432' 'mated']
 ['F61' '259.37343668686873' 'destroyed']
 ['F132' '270.70564325170795' 'destroyed']
 ['F25' '307.0100427385514' 'mated']]",200.0,100.0,569.0,75.34795445921455,16.059759130976705,1349.0,226.75829901284175,48.28460124564196,329.0,54.9952731702373,11.56725943972007,21.0,2.1000000000000005,0.21000000000000013,90.0,0.8302619576411997,0.008809156378600828
10,0.054,10,360.2089391446685,"[['15' '19.115230063906743' 'present']
 ['21' '25.576144876261797' 'marauded']
 ['5' '30.18171916832328' 'presentdestroyed']
 ['0' '32.15300639072241' 'presentdestroyed']
 ['6' '36.74439864925394' 'marauded']
 ['21' '40.817430885304965' 'presentdestroyed']
 ['8' '42.7133536595006' 'presentdestroyed']
 ['19' '45.64494755194174' 'present']
 ['6' '58.7072383941037' 'present']
 ['6' '67.06169754070287' 'present']
 ['15' '73.2987754418355' 'marauded']
 ['22' '74.59962542999268' 'presentdestroyed']
 ['22' '76.84695485640391' 'destroyed']
 ['5' '77.23902801428162' 'presentdestroyed']
 ['21' '80.28177476562325' 'presentdestroyed']
 ['22' '81.19697469620293' 'present']
 ['23' '84.25221803505814' 'present']
 ['8' '87.32097819004456' 'present']
 ['21' '91.05562377041674' 'marauded']
 ['19' '93.90821229483349' 'presentdestroyed']
 ['1' '96.3557539861203' 'presentdestroyed']
 ['8' '102.5556425131554' 'present']
 ['7' '105.8457545459992' 'present']
 ['0' '108.02712681108048' 'present']
 ['6' '126.81277246001915' 'present']
 ['0' '129.96201766646558' 'present']
 ['6' '140.15244975136955' 'present']
 ['0' '143.28287445752343' 'present']
 ['9' '163.99290154866293' 'present']
 ['2' '171.42351476088004' 'present']
 ['2' '174.05016221786866' 'present']
 ['13' '182.74111711910166' 'present']
 ['19' '192.09482979928208' 'marauded']
 ['6' '206.0837569532917' 'present']
 ['5' '206.83241823748585' 'present']
 ['13' '217.07666359338594' 'present']
 ['9' '225.96908822217802' 'present']
 ['8' '246.05962735319468' 'present']
 ['5' '248.66840560252353' 'marauded']
 ['7' '254.69190810135552' 'presentdestroyed']
 ['22' '259.69131890802834' 'present']
 ['15' '263.46391439097005' 'present']
 ['21' '264.5600049127801' 'present']
 ['16' '285.3213190290726' 'marauded']
 ['6' '297.12557794970616' 'present']
 ['5' '303.2175264516037' 'present']
 ['13' '325.5229470039197' 'present']
 ['22' '326.5307912840345' 'present']
 ['23' '330.77325654382315' 'present']
 ['21' '335.10819513167996' 'present']
 ['23' '341.23346062197174' 'present']
 ['13' '349.87820092923005' 'present']]","[['F120' '56.879948448246175' 'mated']
 ['F194' '81.0010865658707' 'absentdestroyed']
 ['F96' '107.64309571861511' 'absent']
 ['F179' '129.08621074847574' 'mated']
 ['F211' '147.0518053755144' 'mated']
 ['F133' '151.27354088922007' 'mated']
 ['F59' '208.184902236925' 'mated']
 ['F51' '218.91260463871455' 'mated']
 ['F46' '266.31734525446' 'mated']
 ['F157' '322.4703819530037' 'mated']
 ['F208' '325.4309925136669' 'mated']
 ['F115' '351.8576868048325' 'mated']]",200.0,200.0,565.0,70.93418190155454,14.684780695597942,1462.0,243.76781477138482,51.38904550676788,255.0,42.42996956171994,9.014077299565322,21.0,2.1000000000000005,0.21000000000000013,93.0,0.8295548503487881,0.00833762002743485
11,0.0,9,360.50592779831044,"[['21' '2.297124176774192' 'present']
 ['19' '5.927865248751036' 'present']
 ['6' '11.47399389237664' 'present']
 ['9' '18.233223673949297' 'present']
 ['0' '22.364456885895308' 'marauded']
 ['21' '32.13437049848449' 'present']
 ['10' '34.23742209248601' 'present']
 ['22' '47.215770995281304' 'present']
 ['22' '47.91860668439269' 'present']
 ['8' '53.12531849984321' 'present']
 ['0' '55.56212633227124' 'present']
 ['0' '55.57247849883374' 'present']
 ['9' '67.21975552613833' 'present']
 ['21' '67.84605847947583' 'present']
 ['1' '68.12893846418072' 'marauded']
 ['16' '71.88548782740838' 'presentdestroyed']
 ['8' '77.09708644874345' 'present']
 ['16' '90.04547716309271' 'present']
 ['16' '91.58622375402746' 'marauded']
 ['13' '91.66930715211495' 'destroyed']
 ['8' '104.49899765444734' 'present']
 ['10' '118.48316209054101' 'marauded']
 ['1' '132.46601683958724' 'marauded']
 ['6' '141.60737590416613' 'present']
 ['10' '149.28840291480523' 'marauded']
 ['19' '158.48368282850288' 'present']
 ['16' '194.0833033409856' 'present']
 ['13' '195.63958238447714' 'present']
 ['0' '201.72211309663572' 'present']
 ['13' '204.93095644127342' 'present']
 ['0' '210.3357714871966' 'present']
 ['10' '220.33581109708476' 'present']
 ['2' '220.55768982731666' 'marauded']
 ['6' '224.00328571413445' 'presentdestroyed']
 ['10' '228.70046565860088' 'marauded']
 ['6' '242.37233935623283' 'marauded']
 ['16' '257.46038874302116' 'present']
 ['7' '267.9760887400253' 'present']
 ['10' '269.3321996413758' 'marauded']
 ['19' '280.70920954817683' 'present']
 ['23' '283.5342043615763' 'marauded']
 ['1' '291.5302490870537' 'marauded']
 ['7' '296.9453074383041' 'presentdestroyed']
 ['7' '305.49032925808547' 'marauded']
 ['1' '312.9583907931631' 'presentdestroyed']
 ['13' '315.947493206175' 'marauded']
 ['10' '322.5234687092346' 'destroyed']
 ['8' '340.33353637071394' 'present']
 ['15' '345.64121933069237' 'present']
 ['23' '346.213174686642' 'present']]","[['F100' '20.0503935611221' 'absent']
 ['F1' '118.19239762411625' 'mated']
 ['F75' '124.32344216376784' 'absentdestroyed']
 ['F180' '132.64036973468552' 'destroyed']
 ['F137' '140.53812924502412' '']
 ['F116' '145.7113085128271' 'mated']
 ['F16' '163.14292475170396' 'mated']
 ['F119' '185.3145109152807' 'mated']
 ['F205' '188.3143210078304' 'mated']
 ['F89' '190.66688972853134' 'mated']
 ['F9' '213.58531397486112' 'mated']
 ['F162' '216.62100748878524' 'mated']
 ['F164' '258.16234323589043' 'mated']]",200.0,300.0,574.0,72.8681140240101,16.168442520496864,1211.0,201.6700405660136,43.04120755420643,517.0,85.47072907021484,17.61408542521989,0.0,0.0,0.0,0.0,0.0,0.0
12,0.0,8,360.3375323075231,"[['21' '3.656420157592179' 'marauded']
 ['5' '16.802738568050007' 'present']
 ['6' '24.13029180006356' 'present']
 ['22' '38.899312062119016' 'marauded']
 ['21' '45.10945203783437' 'presentdestroyed']
 ['0' '46.26943055918821' 'present']
 ['0' '60.838399772713004' 'present']
 ['6' '71.24995865289608' 'present']
 ['19' '82.29266517470163' 'marauded']
 ['10' '85.20768211504276' 'presentdestroyed']
 ['5' '92.60982407683112' 'marauded']
 ['13' '102.57758509355119' 'present']
 ['13' '117.98153173227594' 'present']
 ['5' '122.39589283127606' 'present']
 ['5' '123.0788263229148' 'present']
 ['0' '141.16508619922166' 'present']
 ['0' '148.7410839690924' 'present']
 ['9' '151.12855236977848' 'marauded']
 ['16' '157.0827753929977' 'presentdestroyed']
 ['6' '163.25132131646603' 'present']
 ['19' '166.3842830027874' 'present']
 ['9' '173.04947701148532' 'present']
 ['22' '177.23547941087642' 'present']
 ['7' '182.75267133568937' 'marauded']
 ['13' '186.6649927700326' 'presentdestroyed']
 ['16' '189.225592587844' 'destroyed']
 ['19' '199.0858794585813' 'marauded']
 ['7' '199.18610752592866' 'presentdestroyed']
 ['23' '199.82755172287426' 'presentdestroyed']
 ['7' '203.59122104570233' 'presentdestroyed']
 ['1' '209.66824514154914' 'marauded']
 ['2' '211.41206151221797' 'presentdestroyed']
 ['10' '220.3433019951808' 'marauded']
 ['1' '223.44122464971028' 'presentdestroyed']
 ['0' '228.95084934048216' 'present']
 ['22' '229.73353505010363' 'present']
 ['2' '239.02409595441836' 'present']
 ['21' '247.5906358689482' 'present']
 ['15' '248.1868487536234' 'present']
 ['22' '250.15687416868175' 'present']
 ['22' '250.43240218272683' 'present']
 ['9' '265.1847841267314' 'present']
 ['23' '272.8178227999591' 'present']
 ['7' '281.9195158476793' 'present']
 ['19' '283.00479363736866' 'present']
 ['6' '284.30867865316793' 'present']
 ['1' '284.5821964071216' 'present']
 ['0' '302.7028334005029' 'present']
 ['21' '314.47184088295984' 'present']
 ['23' '320.69565197613247' 'present']
 ['5' '323.0758451935328' 'marauded']
 ['2' '326.2129886279078' 'presentdestroyed']
 ['16' '333.7572573662291' 'present']
 ['13' '338.82666889128706' 'marauded']
 ['13' '342.3289557697214' 'presentdestroyed']
 ['21' '345.8838812543315' 'presentdestroyed']
 ['22' '348.5983931935982' 'present']
 ['8' '355.7162009776303' 'marauded']
 ['15' '359.74223114076955' 'presentdestroyed']]","[['F12' '21.41310092743003' 'mated']
 ['F11' '68.59773989765613' 'mated']
 ['F26' '76.19208902754015' 'mated']
 ['F6' '126.79669385999831' 'mated']
 ['F72' '129.54659837656692' 'mated']
 ['F184' '146.89143930894727' 'mated']
 ['F4' '184.809855883264' 'destroyed']
 ['F63' '250.3397088545881' 'mated']
 ['F126' '287.63450153499224' 'mated']
 ['F23' '339.43734520300785' 'destroyed']]",300.0,0.0,592.0,71.81970152775847,14.118462735923366,1280.0,217.4061268166683,46.845288511640355,420.0,71.02490498191565,15.162999694662819,0.0,0.0,0.0,0.0,0.0,0.0
13,0.054,12,361.0043867482347,"[['21' '3.7662258705030585' 'marauded']
 ['6' '17.513284250160943' 'present']
 ['0' '22.87176937980849' 'present']
 ['0' '23.628214816662915' 'present']
 ['21' '24.658214534572444' 'present']
 ['0' '28.593398593280284' 'present']
 ['21' '32.59644051939813' 'present']
 ['16' '35.403148210659914' 'present']
 ['19' '40.363457521361106' 'present']
 ['1' '40.52504991699351' 'marauded']
 ['8' '40.750732563555594' 'presentdestroyed']
 ['2' '47.32165393570381' 'destroyed']
 ['0' '48.5375500656673' 'present']
 ['7' '53.00589693414167' 'present']
 ['7' '53.43135847396111' 'present']
 ['8' '57.306641141994874' 'present']
 ['9' '57.80131286371403' 'present']
 ['16' '61.8962249042562' 'present']
 ['8' '64.93123192498068' 'present']
 ['16' '74.11189041539846' 'marauded']
 ['2' '90.07171881111644' 'present']
 ['21' '103.37026862478945' 'marauded']
 ['10' '107.25808735029312' 'presentdestroyed']
 ['7' '108.22578946994501' 'destroyed']
 ['0' '110.0443167507256' 'presentdestroyed']
 ['0' '113.20876644593582' 'present']
 ['2' '114.76585922169295' 'present']
 ['1' '118.13321028072862' 'present']
 ['1' '133.02911104023408' 'marauded']
 ['6' '141.96013147248271' 'marauded']
 ['16' '178.57602754468857' 'present']
 ['5' '205.37710690413886' 'present']
 ['16' '228.52908774923193' 'present']
 ['19' '234.3546933333301' 'present']
 ['19' '239.92315934240264' 'present']
 ['9' '243.95329663101373' 'marauded']
 ['9' '251.4243573978566' 'present']
 ['0' '273.1040791211449' 'present']
 ['7' '291.48764833211334' 'present']
 ['22' '306.88595875067665' 'marauded']
 ['23' '307.1309042175813' 'presentdestroyed']
 ['6' '319.18327817900024' 'present']
 ['2' '322.1810683629185' 'present']
 ['21' '324.6968264300857' 'present']
 ['2' '336.692305016014' 'present']
 ['22' '347.226557081067' 'present']
 ['5' '349.9676671443098' 'present']
 ['8' '354.60405681564674' 'marauded']
 ['7' '355.6007672793704' 'presentdestroyed']
 ['0' '356.39054865377466' 'presentdestroyed']]","[['F129' '56.21226442949152' 'absent']
 ['F194' '81.00436020837618' 'destroyed']
 ['F47' '130.11514735879388' 'mated']
 ['F31' '140.2226044432613' 'destroyed']
 ['F214' '155.63184136377728' 'mated']
 ['F64' '156.1879036383773' 'mated']
 ['F17' '170.49620807843752' 'mated']
 ['F91' '175.17211986532578' 'mated']
 ['F36' '188.1192036940334' 'mated']
 ['F44' '202.86073211650316' 'mated']
 ['F60' '217.345947417568' 'mated']
 ['F144' '226.73014375548718' 'mated']
 ['F141' '236.8465523775859' 'mated']
 ['F149' '240.53254035389728' 'absent']
 ['F213' '272.97746225767384' 'mated']
 ['F38' '282.01168985706016' 'mated']
 ['F25' '307.0077279237366' 'destroyed']]",300.0,100.0,575.0,69.79015694549918,14.153693324468044,1409.0,235.61788331025926,49.813087192504625,334.0,52.925245884383244,10.444961413677987,14.0,1.4000000000000001,0.14000000000000007,83.0,0.722142668856481,0.007244513031550075
14,0.0,11,359.828747358417,"[['9' '8.196719302381556' 'marauded']
 ['1' '12.186273067667386' 'presentdestroyed']
 ['15' '25.906834275005803' 'marauded']
 ['15' '28.013930118788306' 'presentdestroyed']
 ['6' '28.77713564558783' 'presentdestroyed']
 ['22' '30.196995533771723' 'presentdestroyed']
 ['23' '33.523820905337274' 'destroyed']
 ['9' '39.284751022079455' 'present']
 ['21' '40.75429565458445' 'present']
 ['1' '44.061333865903705' 'marauded']
 ['8' '59.600691873060875' 'present']
 ['5' '73.26060855926764' 'marauded']
 ['9' '79.15696650352537' 'presentdestroyed']
 ['7' '85.54519948541795' 'present']
 ['5' '85.69872605820612' 'present']
 ['9' '100.4009522371503' 'present']
 ['13' '101.15758306463843' 'present']
 ['0' '103.80087227961107' 'present']
 ['5' '108.03302154304085' 'present']
 ['7' '122.71332218132906' 'present']
 ['0' '127.61124635782586' 'present']
 ['2' '127.7944834165926' 'present']
 ['1' '137.35654369865108' 'present']
 ['5' '159.1340683516132' 'present']
 ['10' '170.5485657144777' 'present']
 ['13' '173.00982567650715' 'marauded']
 ['16' '182.34349801006275' 'present']
 ['15' '201.22186869608038' 'present']
 ['6' '205.62398327788847' 'present']
 ['19' '206.31006351897503' 'present']
 ['13' '207.04042013801893' 'present']
 ['9' '210.06183019145953' 'marauded']
 ['1' '211.40533524494387' 'presentdestroyed']
 ['0' '213.49938486792595' 'presentdestroyed']
 ['23' '214.62104800498156' 'presentdestroyed']
 ['1' '217.0674954982226' 'presentdestroyed']
 ['8' '221.9207426973274' 'present']
 ['9' '229.0972210998727' 'present']
 ['7' '231.0811413060765' 'present']
 ['10' '246.896064644882' 'present']
 ['13' '253.21850492748487' 'marauded']
 ['16' '269.11756617809436' 'present']
 ['5' '269.9093560815331' 'present']
 ['22' '279.641416989887' 'marauded']
 ['23' '283.15634298394826' 'presentdestroyed']
 ['10' '284.01100421913276' 'presentdestroyed']
 ['2' '293.85914177016355' 'present']
 ['16' '294.00094377067876' 'present']
 ['8' '296.6558816880432' 'marauded']
 ['13' '299.55515269891595' 'presentdestroyed']
 ['9' '306.9058855777484' 'present']
 ['9' '310.8585749777113' 'present']
 ['21' '313.09521333590675' 'present']
 ['9' '316.9413236355759' 'present']
 ['21' '321.62762124060964' 'present']
 ['1' '337.48689725967' 'present']
 ['6' '349.372077912894' 'marauded']
 ['22' '349.39079046808484' 'destroyed']
 ['19' '357.6325605482951' 'present']
 ['19' '358.77128481162595' 'present']]","[['F112' '32.318749886664285' 'destroyed']
 ['F24' '101.46445674780338' 'mated']
 ['F80' '120.74513407913723' 'mated']
 ['F148' '149.67795581764' 'absent']
 ['F121' '169.1768092306503' 'mated']
 ['F175' '190.62702808882773' 'mated']
 ['F196' '192.65577497718337' 'absent']
 ['F145' '199.32823847774037' 'mated']
 ['F124' '209.35025806482503' 'mated']
 ['F81' '228.45642541603524' 'mated']
 ['F132' '270.7089168942135' 'mated']
 ['F151' '312.3314613369816' 'mated']
 ['F23' '339.44197483263747' 'mated']
 ['F70' '346.12861407492306' 'mated']]",300.0,200.0,572.0,69.00368532890273,13.372311355350218,1387.0,229.8400789769858,48.72443937202223,355.0,61.18848060559506,13.127368323996087,0.0,0.0,0.0,0.0,0.0,0.0
15,0.054,9,360.0023840814896,"[['0' '7.44394219044695' 'present']
 ['8' '29.454946676525733' 'present']
 ['9' '35.15161140561766' 'present']
 ['2' '38.012311213993684' 'marauded']
 ['7' '70.03389778545453' 'present']
 ['23' '83.95959583099894' 'present']
 ['8' '87.32888146217968' 'present']
 ['8' '106.90095079697375' 'marauded']
 ['16' '110.98736666787872' 'destroyed']
 ['21' '112.31713136012525' 'destroyed']
 ['19' '118.46557993692223' 'present']
 ['2' '121.02448285581053' 'present']
 ['10' '125.77099784361376' 'present']
 ['8' '135.75931622850368' 'present']
 ['22' '136.2905339854304' 'present']
 ['22' '149.1588492987678' 'marauded']
 ['10' '151.1993647227462' 'presentdestroyed']
 ['19' '153.53843415481114' 'destroyed']
 ['22' '155.90989357136235' 'presentdestroyed']
 ['7' '162.13932049081234' 'marauded']
 ['5' '163.33610828437884' 'presentdestroyed']
 ['1' '163.68019937827592' 'presentdestroyed']
 ['21' '164.03327606186056' 'presentdestroyed']
 ['8' '164.37367805928125' 'presentdestroyed']
 ['10' '165.2505459766618' 'presentdestroyed']
 ['19' '167.07771901058314' 'destroyed']
 ['13' '176.15621084036061' 'present']
 ['5' '178.07247223914536' 'present']
 ['16' '182.5260800920068' 'present']
 ['5' '182.91173641345222' 'present']
 ['0' '185.32188064783267' 'present']
 ['21' '185.5427028752422' 'present']
 ['10' '190.67022498870026' 'present']
 ['2' '197.08531133699495' 'present']
 ['9' '208.27128818355408' 'present']
 ['23' '231.66443141958075' 'present']
 ['9' '249.1753808221505' 'marauded']
 ['6' '254.67586659501913' 'destroyed']
 ['22' '254.96931725237417' 'presentdestroyed']
 ['19' '256.96802450375276' 'present']
 ['23' '257.3760553959209' 'present']
 ['22' '264.77626583068457' 'marauded']
 ['5' '285.1866564741705' 'marauded']
 ['9' '288.80689198480275' 'presentdestroyed']
 ['9' '290.0019190513891' 'presentdestroyed']
 ['8' '296.64743196225646' 'present']
 ['10' '303.56613616446305' 'present']
 ['8' '304.44685626280483' 'present']
 ['5' '311.04059232982326' 'present']
 ['7' '312.0311470048655' 'present']
 ['8' '312.07903102374513' 'present']
 ['10' '318.65204681659276' 'present']
 ['21' '329.5627102334114' 'present']
 ['2' '332.26721297010016' 'present']
 ['7' '335.03709264835123' 'present']
 ['0' '337.8769354884572' 'present']
 ['22' '355.0221126620382' 'present']
 ['1' '356.72938374993737' 'present']]","[['F125' '34.32325224595223' 'mated']
 ['F97' '55.15868033791201' 'mated']
 ['F129' '56.216894059121145' 'absent']
 ['F173' '148.6158772134126' 'absent']
 ['F54' '161.40825798289578' 'mated']
 ['F159' '167.2344746048134' 'destroyed']
 ['F167' '212.4845541422946' 'mated']
 ['F18' '219.21734015424295' 'mated']
 ['F149' '240.5371699835269' 'mated']
 ['F109' '280.6095999423578' 'mated']
 ['F215' '294.10698817192025' 'mated']
 ['F111' '339.2420539489007' 'mated']]",300.0,300.0,550.0,69.33375384316214,14.58609287153945,1460.0,245.77476186347076,52.73854031889006,248.0,42.879892591362186,9.396554063874268,15.0,1.5000000000000002,0.15000000000000008,77.0,0.7356047844385007,0.008016117969821676
16,0.054,8,360.1666077642947,"[['21' '2.0459056515763505' 'marauded']
 ['5' '5.060786260133269' 'presentdestroyed']
 ['10' '8.143957538480908' 'presentdestroyed']
 ['19' '11.539621867888032' 'marauded']
 ['13' '12.086610399249425' 'presentdestroyed']
 ['13' '23.257156683123743' 'present']
 ['21' '34.509040991693745' 'present']
 ['10' '44.60869345321216' 'marauded']
 ['0' '50.830574726273966' 'presentdestroyed']
 ['0' '54.205119739771554' 'present']
 ['7' '56.99748809314043' 'present']
 ['7' '64.68493739341818' 'present']
 ['21' '73.11420744234806' 'present']
 ['15' '76.94785360082614' 'present']
 ['15' '79.10482191513344' 'marauded']
 ['1' '85.2926778057322' 'presentdestroyed']
 ['15' '90.76863445690127' 'present']
 ['13' '91.45130136671195' 'present']
 ['8' '96.40565785418816' 'marauded']
 ['19' '103.18158835411946' 'presentdestroyed']
 ['0' '109.92546236391216' 'present']
 ['13' '111.712543435366' 'present']
 ['2' '114.98352611329832' 'present']
 ['0' '124.30650765696299' 'present']
 ['10' '127.94121724412481' 'present']
 ['7' '133.8958331418761' 'present']
 ['13' '141.0191870248256' 'marauded']
 ['9' '151.70192753286796' 'present']
 ['10' '160.5221859967301' 'marauded']
 ['13' '163.277212812268' 'presentdestroyed']
 ['21' '165.12288439100575' 'destroyed']
 ['22' '167.1964581274002' 'presentdestroyed']
 ['10' '167.4050400064453' 'destroyed']
 ['22' '174.30712887879452' 'present']
 ['10' '174.71681752954674' 'present']
 ['19' '176.49086174858053' 'present']
 ['22' '181.7907413411347' 'present']
 ['22' '190.5301277408093' 'present']
 ['19' '194.2976428464424' 'present']
 ['13' '196.9097492964727' 'present']
 ['1' '204.1604098754467' 'marauded']
 ['6' '205.68733317799624' 'presentdestroyed']
 ['2' '207.82840295176055' 'destroyed']
 ['19' '210.244834559194' 'presentdestroyed']
 ['0' '210.32442834735886' 'presentdestroyed']
 ['19' '215.36746166108358' 'marauded']
 ['13' '220.56117779598628' 'presentdestroyed']
 ['9' '220.77836863450494' 'presentdestroyed']
 ['0' '231.59731750965966' 'present']
 ['21' '240.65788971040865' 'marauded']
 ['19' '261.72877896362286' 'present']
 ['1' '287.5645867937949' 'present']
 ['2' '297.51355528736946' 'present']
 ['21' '299.46665728688026' 'present']
 ['10' '302.44830168276025' 'present']
 ['22' '312.4980318243332' 'present']
 ['9' '312.9923175898488' 'marauded']
 ['15' '316.7414190265922' 'presentdestroyed']
 ['13' '317.5641930976082' 'presentdestroyed']
 ['13' '317.6770802120089' 'destroyed']
 ['15' '333.017882331338' 'present']
 ['23' '333.68417611088387' 'present']
 ['6' '336.4663150869955' 'present']
 ['8' '338.7977385538487' 'present']
 ['2' '340.6869540521934' 'marauded']
 ['9' '356.84987745903953' 'present']]","[['F112' '32.3314168680416' 'mated']
 ['F155' '55.88588668734673' 'mated']
 ['F177' '79.19754430325614' 'absentdestroyed']
 ['F101' '93.22315511155956' 'absent']
 ['F93' '93.72535540006469' 'mated']
 ['F14' '119.81417382801818' 'absent']
 ['F75' '124.32861824704909' 'mated']
 ['F117' '134.86740341659518' 'mated']
 ['F42' '136.3385928911932' 'mated']
 ['F137' '140.54330532830537' 'mated']
 ['F4' '184.80754106844918' 'absent']
 ['F61' '259.3850565128823' 'mated']]",400.0,0.0,573.0,69.80509547691182,13.516909939910311,1237.0,215.63326082770286,47.07931880900503,429.0,73.13102441871824,16.007438658779343,9.0,0.8999999999999999,0.09000000000000002,69.0,0.6140797167606111,0.006129972565157753
17,0.0,9,360.5702369438936,"[['23' '4.831620704960686' 'present']
 ['22' '11.061687928553436' 'present']
 ['21' '28.735675636403837' 'present']
 ['23' '45.937940458092484' 'present']
 ['19' '52.534245477819944' 'present']
 ['16' '75.94409927800264' 'present']
 ['22' '83.17952621786905' 'marauded']
 ['9' '85.99163376634652' 'presentdestroyed']
 ['13' '86.75193944795053' 'destroyed']
 ['10' '111.96325740489947' 'present']
 ['10' '119.06277592504746' 'present']
 ['10' '119.43824311866761' 'present']
 ['16' '123.08593789849093' 'present']
 ['22' '130.33349283354124' 'marauded']
 ['8' '135.29481918267217' 'destroyed']
 ['7' '138.77253921533676' 'present']
 ['0' '140.4038968070949' 'present']
 ['16' '140.62862167626616' 'present']
 ['15' '141.6089593709592' 'present']
 ['2' '166.71806288844405' 'present']
 ['6' '171.27152452245988' 'marauded']
 ['2' '174.42595312741312' 'presentdestroyed']
 ['15' '177.30070055473027' 'presentdestroyed']
 ['2' '189.08308520723375' 'present']
 ['0' '189.56822712667304' 'present']
 ['15' '194.24391861631216' 'present']
 ['15' '200.1880585490728' 'present']
 ['9' '210.66751488992685' 'present']
 ['19' '211.38446458850373' 'present']
 ['13' '215.3460062319232' 'present']
 ['22' '220.7887714055149' 'present']
 ['19' '222.50292684444716' 'marauded']
 ['1' '227.77174571241065' 'presentdestroyed']
 ['9' '233.30817797337502' 'present']
 ['13' '243.8761529927131' 'marauded']
 ['13' '259.11800610654154' 'present']
 ['13' '270.82456172264915' 'present']
 ['13' '272.43428143381493' 'present']
 ['5' '276.1923123116042' 'present']
 ['19' '293.4627712385767' 'present']
 ['9' '298.0514765574535' 'present']
 ['9' '307.3612766905557' 'present']
 ['23' '317.89511259075465' 'present']
 ['1' '326.7880021101796' 'marauded']
 ['8' '327.51395617956854' 'destroyed']
 ['15' '332.0807733694102' 'presentdestroyed']
 ['6' '333.05372259971034' 'destroyed']
 ['19' '344.4186767545279' 'marauded']]","[['F19' '42.725345072140804' 'mated']
 ['F15' '86.69615144079273' 'absentdestroyed']
 ['F69' '88.29345594197144' 'destroyed']
 ['F190' '89.32321902437452' 'absentdestroyed']
 ['F14' '119.79917681722046' 'absent']
 ['F13' '138.5877236255432' 'mated']
 ['F148' '149.6812294601455' 'mated']
 ['F123' '157.8360579502855' 'mated']
 ['F131' '188.56118319681238' 'absent']
 ['F44' '202.85841730168835' 'absent']
 ['F168' '219.17919261876384' 'mated']
 ['F144' '226.72169402970044' 'destroyed']
 ['F108' '227.4903970271047' 'destroyed']
 ['F181' '233.53785708167354' 'mated']
 ['F32' '236.91366508039587' 'mated']
 ['F122' '271.6498064330904' 'mated']
 ['F55' '352.43192122122224' 'mated']]",400.0,100.0,578.0,70.06458840363403,13.63379988207956,1436.0,247.5277345440365,53.83795730582553,248.0,42.530190204518284,9.25863668995465,0.0,0.0,0.0,0.0,0.0,0.0
18,0.0,4,360.0501819303102,"[['13' '18.624651074152748' 'marauded']
 ['10' '19.11011403310667' 'destroyed']
 ['1' '19.552958319684947' 'presentdestroyed']
 ['0' '20.36682317666354' 'presentdestroyed']
 ['22' '24.49735849751381' 'presentdestroyed']
 ['15' '27.01892047902924' 'marauded']
 ['15' '27.755732181105447' 'presentdestroyed']
 ['5' '30.46088966626115' 'presentdestroyed']
 ['22' '37.54642534268954' 'present']
 ['21' '41.015385743834756' 'present']
 ['15' '54.31375937392238' 'present']
 ['1' '56.19691232814896' 'present']
 ['1' '62.1067661376831' 'marauded']
 ['2' '66.29216970882025' 'presentdestroyed']
 ['9' '66.37957273787325' 'presentdestroyed']
 ['5' '80.9534201315947' 'marauded']
 ['2' '82.08410906720405' 'destroyed']
 ['7' '86.2778908145402' 'presentdestroyed']
 ['8' '88.54323348142611' 'marauded']
 ['19' '99.24686688422' 'present']
 ['13' '101.44701103953334' 'present']
 ['10' '107.26599062242825' 'present']
 ['10' '119.32843740575673' 'marauded']
 ['2' '129.34289674589' 'present']
 ['1' '140.18086182713103' 'present']
 ['15' '140.63068528605095' 'present']
 ['5' '143.62549188411106' 'present']
 ['23' '159.31337903071272' 'marauded']
 ['2' '180.74369348005493' 'present']
 ['19' '193.67153883738888' 'present']
 ['22' '201.8628650581688' 'present']
 ['21' '203.27528658664698' 'present']
 ['19' '207.72910839758256' 'present']
 ['0' '207.76996024090042' 'present']
 ['21' '214.6047504888991' 'present']
 ['6' '222.30160127946354' 'marauded']
 ['23' '224.05809256745138' 'presentdestroyed']
 ['2' '225.3765335822423' 'presentdestroyed']
 ['22' '225.77399271066852' 'presentdestroyed']
 ['22' '231.3716143379078' 'present']
 ['8' '279.74258370460586' 'present']
 ['13' '289.7629051395845' 'present']
 ['0' '290.3253540915697' 'present']
 ['8' '293.1225735675001' 'present']
 ['16' '295.87797124918745' 'present']
 ['10' '304.6714449503886' 'present']
 ['16' '306.26102413469164' 'marauded']
 ['7' '308.5533061846056' 'destroyed']
 ['13' '315.821409943658' 'present']
 ['13' '319.35083460997015' 'marauded']
 ['5' '328.37530100871146' 'present']
 ['16' '332.3432688912044' 'present']
 ['0' '335.11764321753617' 'present']
 ['16' '340.0782707404489' 'present']
 ['10' '341.5152202123775' 'present']
 ['19' '343.9637042790394' 'present']
 ['15' '350.0865631172934' 'present']
 ['16' '352.5474408506652' 'present']
 ['21' '356.2831604533725' 'present']]","[['F112' '32.31643507184947' 'destroyed']
 ['F112' '32.3210647014791' 'destroyed']
 ['F146' '91.10166491124684' 'absentdestroyed']
 ['F101' '93.2277847411892' 'destroyed']
 ['F192' '143.4584228556783' 'mated']
 ['F173' '148.6191508559181' 'absent']
 ['F4' '184.81503196654523' 'mated']
 ['F79' '194.29017195869105' 'mated']
 ['F139' '223.7475912575322' 'absentdestroyed']
 ['F170' '270.2018779116892' 'mated']]",400.0,200.0,566.0,70.74504930765077,15.08376486195548,1316.0,228.52171012505315,49.88449505154008,357.0,60.77445354698848,13.256188349720642,0.0,0.0,0.0,0.0,0.0,0.0
19,0.054,5,360.41898991237423,"[['10' '5.404811582088642' 'present']
 ['22' '13.957527117188441' 'present']
 ['15' '19.457402890013086' 'present']
 ['22' '20.085616568120617' 'marauded']
 ['21' '20.19431383226584' 'destroyed']
 ['8' '21.373399662896645' 'presentdestroyed']
 ['15' '26.469818626509408' 'presentdestroyed']
 ['8' '33.006713011655364' 'present']
 ['8' '38.889584714483625' 'present']
 ['22' '42.52492776334491' 'present']
 ['6' '46.233038278177844' 'present']
 ['10' '57.017515970895204' 'marauded']
 ['22' '58.252802333195746' 'presentdestroyed']
 ['5' '68.17481074702494' 'marauded']
 ['16' '69.98031743272941' 'presentdestroyed']
 ['10' '70.24507149417329' 'presentdestroyed']
 ['10' '82.15965864691925' 'present']
 ['2' '86.11987315321048' 'present']
 ['0' '93.6688780065183' 'present']
 ['8' '96.39585214127727' 'present']
 ['21' '100.30572686065469' 'present']
 ['23' '101.88198996602469' 'present']
 ['15' '104.5912146010602' 'marauded']
 ['15' '119.76787291162495' 'marauded']
 ['10' '126.94266564652061' 'presentdestroyed']
 ['13' '127.37565261249114' 'presentdestroyed']
 ['21' '127.75703011059419' 'present']
 ['10' '135.02540516565637' 'marauded']
 ['1' '140.1691384588388' 'presentdestroyed']
 ['13' '159.46851948835362' 'present']
 ['9' '167.47865656531795' 'present']
 ['9' '169.01301930398083' 'present']
 ['6' '186.0740597458201' 'present']
 ['22' '190.36299017369856' 'present']
 ['22' '198.43149425831166' 'present']
 ['23' '203.986503551155' 'present']
 ['2' '205.39883382095294' 'present']
 ['8' '225.21300964255076' 'present']
 ['22' '225.77958116798882' 'present']
 ['22' '235.87419155467953' 'present']
 ['2' '256.3128842571651' 'present']
 ['8' '269.2634477998096' 'present']
 ['15' '273.6670817092862' 'present']
 ['1' '283.52359929253515' 'present']
 ['10' '300.3298312776378' 'present']
 ['22' '303.8686711212855' 'present']
 ['1' '311.00389825488816' 'present']
 ['9' '316.5078383062761' 'present']
 ['13' '318.42493711809533' 'present']
 ['23' '325.0985677373464' 'present']
 ['13' '328.2095269089717' 'present']
 ['9' '328.3864073421147' 'marauded']
 ['16' '328.5641185231965' 'presentdestroyed']
 ['10' '330.55142000272645' 'presentdestroyed']
 ['2' '336.8244466851252' 'present']
 ['7' '358.9015844964565' 'present']
 ['7' '360.00095493487345' 'present']]","[['F100' '20.05502319075173' 'absent']
 ['F204' '78.90990818625492' 'mated']
 ['F128' '130.00152316488123' 'mated']
 ['F180' '132.64499936431514' 'mated']
 ['F48' '164.69196738706464' 'mated']
 ['F143' '232.76947323453254' 'absent']
 ['F149' '240.52736427061603' 'absent']
 ['F33' '320.2309965206634' 'mated']]",400.0,300.0,566.0,72.71376650015117,15.614596886720296,1445.0,242.460432909982,51.654881480118206,247.0,42.76734840061661,9.377884004857389,14.0,1.4000000000000001,0.14000000000000007,81.0,0.7308392874846465,0.007587448559670787
20,0.0,7,360.17599404328945,"[['8' '2.166258921375532' 'present']
 ['22' '23.051057629802667' 'present']
 ['21' '23.076058620151912' 'present']
 ['8' '26.894967451210608' 'present']
 ['8' '32.99459248392967' 'present']
 ['0' '34.961159033767906' 'marauded']
 ['6' '40.96480991434336' 'presentdestroyed']
 ['7' '45.78191367137203' 'present']
 ['7' '52.1715178204595' 'present']
 ['23' '58.81281885719413' 'marauded']
 ['22' '64.25736825980806' 'destroyed']
 ['13' '73.16017139980005' 'present']
 ['0' '92.49240304896321' 'present']
 ['2' '114.69098737295104' 'present']
 ['6' '126.80391036019336' 'present']
 ['9' '143.01533728503637' 'present']
 ['0' '147.16822769481715' 'present']
 ['1' '162.40720386179603' 'marauded']
 ['21' '165.38160755329977' 'presentdestroyed']
 ['2' '173.22144698879484' 'present']
 ['13' '181.3839175393587' 'present']
 ['19' '190.00664417760765' 'marauded']
 ['6' '194.37908219935744' 'presentdestroyed']
 ['16' '195.9714075402095' 'presentdestroyed']
 ['23' '197.1587365787908' 'presentdestroyed']
 ['6' '205.61280636324787' 'present']
 ['6' '208.71166862899648' 'marauded']
 ['7' '216.6358133270768' 'marauded']
 ['5' '222.79250520592666' 'presentdestroyed']
 ['5' '228.48699421634123' 'present']
 ['13' '242.20058769633346' 'marauded']
 ['1' '242.76056036474233' 'presentdestroyed']
 ['16' '255.37915920395344' 'present']
 ['8' '258.1412707846732' 'present']
 ['21' '258.9920634017098' 'present']
 ['16' '261.67318496051' 'present']
 ['0' '262.0753561382244' 'present']
 ['22' '264.7664601177737' 'present']
 ['13' '270.4890199136103' 'marauded']
 ['7' '277.7266556251256' 'destroyed']
 ['2' '277.7596159718237' 'destroyed']
 ['19' '280.71711282031197' 'marauded']
 ['23' '287.9927946780333' 'presentdestroyed']
 ['22' '291.8439991471358' 'marauded']
 ['2' '293.903470829603' 'destroyed']
 ['19' '293.9793920027335' 'destroyed']
 ['23' '320.4042133092765' 'present']
 ['0' '333.24151046552583' 'present']
 ['23' '339.26201001019905' 'present']
 ['7' '341.55705985876614' 'present']
 ['19' '345.60437428539547' 'present']
 ['16' '352.69350486895644' 'marauded']
 ['16' '359.628235556101' 'presentdestroyed']]","[['F93' '93.70805878905773' 'absent']
 ['F50' '128.04440276131686' 'mated']
 ['F110' '131.49912773465647' 'mated']
 ['F202' '160.8340659669933' 'mated']
 ['F158' '183.2830442278454' 'mated']
 ['F130' '187.76818560836384' 'mated']
 ['F196' '192.6492276921724' 'destroyed']
 ['F5' '207.99760492608087' 'mated']
 ['F156' '212.26116128282732' 'destroyed']
 ['F142' '247.20690975626673' 'absentdestroyed']
 ['F105' '301.04258573820306' 'mated']]",500.0,0.0,555.0,73.13438649790028,15.456687648036796,1312.0,220.19513163589647,46.981557381296355,384.0,66.7716507917538,14.61066349583773,0.0,0.0,0.0,0.0,0.0,0.0
21,0.054,9,359.922601223451,"[['2' '2.7549685243812703' 'present']
 ['6' '14.271815020345503' 'present']
 ['19' '18.65697347388995' 'present']
 ['19' '33.751219298484585' 'present']
 ['7' '37.824060988654715' 'present']
 ['22' '39.56319405059286' 'present']
 ['2' '41.975852340848945' 'present']
 ['9' '45.36038944029528' 'marauded']
 ['9' '50.777563190842024' 'presentdestroyed']
 ['1' '55.74945167796505' 'present']
 ['9' '65.52987776471551' 'present']
 ['22' '67.6061965842642' 'present']
 ['2' '68.0882992281458' 'present']
 ['5' '77.61987599496227' 'present']
 ['13' '83.43978393278925' 'marauded']
 ['2' '94.72644824743107' 'present']
 ['9' '94.81257148836467' 'present']
 ['9' '95.67793465074841' 'present']
 ['15' '100.17847873619681' 'present']
 ['6' '105.00835887700423' 'present']
 ['5' '111.15021865629446' 'present']
 ['5' '116.76227339644434' 'marauded']
 ['16' '118.84345434209592' 'presentdestroyed']
 ['8' '129.63062113006848' 'present']
 ['9' '133.89978893053635' 'present']
 ['1' '137.3661786006422' 'present']
 ['9' '142.5178356798015' 'marauded']
 ['2' '151.7165341768573' 'present']
 ['23' '151.77098703080736' 'marauded']
 ['19' '152.77149812711167' 'presentdestroyed']
 ['10' '166.450817413538' 'present']
 ['5' '177.8962747627602' 'present']
 ['7' '183.95474990277953' 'present']
 ['15' '187.4163396358826' 'present']
 ['7' '189.30634400094192' 'marauded']
 ['8' '190.91430237707507' 'destroyed']
 ['6' '194.85692956302296' 'presentdestroyed']
 ['7' '197.77589305587742' 'present']
 ['23' '199.3888889901657' 'present']
 ['23' '203.4631525233356' 'present']
 ['19' '206.31851324476176' 'present']
 ['19' '207.04688344703828' 'present']
 ['6' '210.57302642020238' 'present']
 ['19' '210.61917600987525' 'present']
 ['13' '214.8229779892073' 'present']
 ['6' '216.61022637739512' 'present']
 ['10' '223.91813876324676' 'present']
 ['19' '240.31126904612427' 'present']
 ['15' '244.92756993903504' 'present']
 ['7' '248.25744005245215' 'marauded']
 ['2' '248.83655078994613' 'presentdestroyed']
 ['1' '256.8019046757059' 'present']
 ['5' '261.35154195159885' 'present']
 ['23' '280.57175760490657' 'marauded']
 ['15' '284.3844386387452' 'presentdestroyed']
 ['19' '284.5025713121421' 'presentdestroyed']
 ['5' '285.675240583763' 'presentdestroyed']
 ['19' '286.898782391348' 'presentdestroyed']
 ['13' '299.0683945814296' 'present']
 ['7' '302.0689767293564' 'marauded']
 ['6' '311.92258360084145' 'present']
 ['0' '320.98269217311775' 'present']
 ['6' '335.8325167277109' 'present']
 ['1' '337.06032048269185' 'present']
 ['0' '339.492966536014' 'present']]","[['F190' '89.31300093742459' 'destroyed']
 ['F101' '93.23105838369469' 'mated']
 ['F114' '125.72776895191592' 'mated']
 ['F58' '135.8209887280818' 'mated']
 ['F35' '164.0221758162565' 'mated']
 ['F212' '164.4109741287604' 'mated']
 ['F98' '199.2906950870428' 'mated']
 ['F156' '212.26347609764213' 'mated']
 ['F163' '219.50807199898412' 'mated']
 ['F139' '223.7508649000377' 'mated']]",500.0,100.0,557.0,73.4693797113384,16.418071681744586,1354.0,229.85879521693022,49.11281160185013,336.0,54.997821188776996,11.654332244782717,10.0,0.9999999999999999,0.10000000000000003,75.0,0.7179837775187707,0.0077374828532236
22,0.054,5,360.2280580734336,"[['6' '0.7041306699274922' 'present']
 ['23' '1.08256970454381' 'marauded']
 ['1' '11.385577270073018' 'present']
 ['19' '14.876505083564409' 'present']
 ['1' '16.52136888730197' 'present']
 ['7' '21.048513776323983' 'present']
 ['15' '34.61359510947181' 'present']
 ['23' '84.14077773804024' 'marauded']
 ['21' '92.64068443211492' 'marauded']
 ['13' '97.3881588052763' 'presentdestroyed']
 ['9' '99.77518985385929' 'marauded']
 ['21' '108.26287949941153' 'present']
 ['9' '113.34524194726856' 'marauded']
 ['10' '119.23627310316563' 'presentdestroyed']
 ['8' '130.49827746621378' 'present']
 ['5' '131.40075118274302' 'present']
 ['10' '141.40454047770066' 'present']
 ['8' '145.46594604546019' 'present']
 ['10' '148.14532194527683' 'present']
 ['0' '148.7289634413667' 'present']
 ['16' '179.8469444859982' 'present']
 ['23' '203.8818739215254' 'marauded']
 ['1' '212.71571603233517' 'present']
 ['23' '213.48960548433263' 'present']
 ['6' '227.56043436992948' 'present']
 ['9' '228.71167143564023' 'present']
 ['9' '228.7874402125225' 'present']
 ['1' '237.37533983803883' 'present']
 ['16' '239.23089860322065' 'marauded']
 ['2' '264.74981215327114' 'present']
 ['13' '267.49886299491635' 'marauded']
 ['13' '273.6501766332234' 'destroyed']
 ['16' '276.4918552091529' 'present']
 ['23' '280.4529793791789' 'present']
 ['8' '283.9364162528895' 'present']
 ['7' '297.957221744413' 'present']
 ['2' '299.9130756562863' 'present']
 ['1' '303.247217544629' 'present']
 ['23' '303.52782879937024' 'present']
 ['15' '313.16446016016545' 'marauded']
 ['10' '321.81485901054094' 'present']
 ['16' '328.7357019439058' 'present']
 ['5' '330.1394837852979' 'present']
 ['15' '336.7855239793852' 'marauded']
 ['0' '352.24149366025676' 'present']]","[['F39' '56.333097212894806' 'mated']
 ['F67' '89.45984909015087' 'destroyed']
 ['F146' '91.10397972606165' 'destroyed']
 ['F14' '119.80899774473693' 'absentdestroyed']
 ['F80' '120.73454034945543' 'destroyed']
 ['F21' '132.8531542081764' 'absent']
 ['F169' '134.05927450208262' 'mated']
 ['F153' '197.61576635693652' 'mated']
 ['F178' '215.9475128997267' 'mated']
 ['F40' '254.81761714496517' 'mated']]",500.0,200.0,567.0,73.73516222837074,15.842929339737857,1300.0,223.0554978118857,47.97138858132196,364.0,61.315628649319784,13.214811617617125,12.0,1.2,0.12000000000000005,87.0,0.8229079658165965,0.008916323731138551
23,0.054,8,360.5638467943741,"[['19' '4.311939493402699' 'present']
 ['8' '5.750033051174621' 'present']
 ['5' '9.598584977771637' 'marauded']
 ['0' '11.782332563928186' 'presentdestroyed']
 ['13' '14.388139169238624' 'destroyed']
 ['13' '19.576312147314574' 'marauded']
 ['19' '29.093826454029383' 'present']
 ['7' '34.495586569935476' 'present']
 ['7' '38.287994628591086' 'marauded']
 ['22' '63.81033501304968' 'present']
 ['16' '73.36080901819983' 'marauded']
 ['21' '75.627348990757' 'presentdestroyed']
 ['0' '86.66869348833904' 'present']
 ['9' '88.46034761418552' 'marauded']
 ['16' '93.79097684874245' 'presentdestroyed']
 ['15' '103.80121985243171' 'present']
 ['6' '106.29901206007005' 'present']
 ['22' '108.95053917878485' 'present']
 ['5' '114.62155374734294' 'present']
 ['8' '118.15975757411405' 'marauded']
 ['6' '121.2259603107908' 'presentdestroyed']
 ['16' '121.8865519710369' 'presentdestroyed']
 ['1' '129.72359884258717' 'present']
 ['0' '133.52344056888265' 'present']
 ['16' '134.55275434599133' 'present']
 ['5' '173.85333477392123' 'marauded']
 ['15' '177.34070495721838' 'presentdestroyed']
 ['19' '185.50223702489748' 'present']
 ['2' '187.37839938281866' 'present']
 ['5' '199.49590770294577' 'present']
 ['5' '206.14411265355687' 'present']
 ['8' '215.81701962942938' 'present']
 ['1' '218.38984729810022' 'present']
 ['15' '232.01774248198993' 'present']
 ['22' '234.0501460668843' 'present']
 ['6' '238.92047982658838' 'present']
 ['2' '239.24625926347642' 'present']
 ['15' '241.7441280545073' 'present']
 ['9' '244.06395762933656' 'marauded']
 ['5' '245.05720545353017' 'presentdestroyed']
 ['6' '252.34711219854074' 'present']
 ['16' '252.72394725538535' 'present']
 ['21' '270.6947779641049' 'present']
 ['10' '270.80102723256556' 'present']
 ['1' '273.2777928142755' 'present']
 ['10' '273.5798624252041' 'present']
 ['22' '292.56640828135994' 'marauded']
 ['15' '300.73611337978525' 'destroyed']
 ['7' '307.911775380839' 'present']
 ['6' '311.51029317759827' 'present']
 ['16' '326.5096446137224' 'present']
 ['9' '333.13377408885304' 'present']
 ['19' '336.2565557025019' 'present']
 ['19' '342.9971108301034' 'present']
 ['13' '346.3047910597544' 'present']
 ['16' '353.7726832948226' 'present']
 ['9' '354.78294748256684' 'present']]","[['F199' '51.653499315946' 'absent']
 ['F129' '56.22152368875077' 'absent']
 ['F134' '62.5887585696422' 'mated']
 ['F185' '73.27156144724428' 'absent']
 ['F96' '107.65041580579143' 'mated']
 ['F188' '132.18757641057044' 'mated']
 ['F193' '135.72668874668284' 'mated']
 ['F189' '147.7458069806668' 'absent']
 ['F135' '159.4881010204124' 'mated']
 ['F22' '160.4227638149891' 'mated']
 ['F150' '167.06735370398022' 'absent']
 ['F209' '184.32764687276995' 'mated']
 ['F59' '208.1775821497487' 'absent']
 ['F34' '228.43799415401432' 'mated']
 ['F61' '259.38178287037675' 'absent']]",500.0,300.0,588.0,73.69265761470821,15.531623252192768,1389.0,229.50359827264631,48.86506295221371,325.0,54.85124492066045,11.94040765034287,13.0,1.3,0.13000000000000006,81.0,0.7543817358642322,0.008209019204389576
