id,probability_maraud,successful_mating,next_foraging_time,mar_attempts,mate_attempts,x_pos,y_pos,foraging_events,foraging_hrs,foraging_sqhrs,staying_events,staying_hrs,staying_sqhrs,repairing_events,repairing_hrs,repairing_sqhrs,marauding_events,marauding_hrs,marauding_sqhrs,traveling_events,traveling_hrs,traveling_sqhrs
0,0.0,7,359.94510411419986,"[['19' '5.173251191928189' 'present']
 ['7' '7.881465513843057' 'present']
 ['19' '11.033897790117372' 'present']
 ['7' '11.55962277138118' 'present']
 ['19' '14.94863029096259' 'present']
 ['5' '25.61146440095523' 'present']
 ['7' '34.524631281024206' 'present']
 ['14' '34.88824989074084' 'present']
 ['14' '43.209517890495924' 'present']
 ['14' '47.30106539380769' 'present']
 ['5' '54.132671629862784' 'marauded']
 ['7' '64.84995347387951' 'present']
 ['7' '65.6252619911829' 'present']
 ['14' '73.22095225321328' 'present']
 ['14' '75.3189539187029' 'present']
 ['14' '76.60714763746736' 'present']
 ['7' '76.81427784563633' 'present']
 ['14' '86.93995167925318' 'present']
 ['7' '92.54523502739687' 'present']
 ['14' '94.7704653243843' 'present']
 ['19' '107.49150573030485' 'present']
 ['19' '112.76145464899538' 'present']
 ['7' '116.39104579902234' 'present']
 ['14' '130.75900553459076' 'present']
 ['19' '141.1643118180473' 'present']
 ['14' '158.23808616022419' 'present']
 ['14' '168.4651244596205' 'present']
 ['14' '182.61764984445105' 'present']
 ['14' '186.94264271580994' 'present']
 ['7' '198.42584794133015' 'present']
 ['7' '204.98618105122176' 'present']
 ['14' '212.3224502683212' 'present']
 ['19' '213.79004841344192' 'present']
 ['14' '215.8797647333609' 'present']
 ['7' '219.3185815961783' 'present']
 ['14' '220.5030798714982' 'present']
 ['14' '220.52622801964634' 'present']
 ['19' '222.7250554568223' 'present']
 ['14' '237.48978545759044' 'present']
 ['19' '250.02722006356706' 'present']
 ['14' '272.3435551052905' 'present']
 ['5' '279.0626442237652' 'present']
 ['19' '280.9244575339779' 'present']
 ['14' '284.72176721115113' 'present']
 ['14' '290.4844376650632' 'marauded']
 ['14' '299.2296455937476' 'present']
 ['19' '301.27982999928633' 'present']
 ['19' '302.2056763949016' 'present']
 ['14' '302.533023591655' 'present']
 ['14' '306.30466599090863' 'present']
 ['14' '308.3778110507166' 'present']
 ['14' '308.55739007966383' 'present']
 ['14' '309.0153637622171' 'present']
 ['14' '309.86831937939417' 'present']
 ['19' '310.69645485091394' 'present']
 ['14' '311.61264352072897' 'present']
 ['5' '327.2496249582594' 'present']
 ['7' '328.9469971761293' 'present']
 ['7' '336.53978051543237' 'present']
 ['14' '343.07243206429814' 'present']
 ['14' '355.23409826304885' 'present']]","[['F79' '96.89816181592526' 'mated']
 ['F211' '120.19096892305579' 'absent']
 ['F123' '124.69488527596553' 'mated']
 ['F53' '130.50801401034715' 'mated']
 ['F121' '193.42924109203713' 'mated']
 ['F120' '211.97403908617542' 'mated']
 ['F51' '245.70937183796204' 'absent']
 ['F208' '246.13682879620967' 'mated']
 ['F8' '252.6132730300545' 'absent']
 ['F2' '255.48080117522164' 'absent']
 ['F39' '274.72229004491726' 'mated']
 ['F181' '284.18436128344496' 'absent']
 ['F34' '291.53132222857164' 'absentdestroyed']]",0.0,0.0,576.0,68.16796108161425,13.434842599641184,1623.0,279.59374152620575,60.87139653803302,78.0,12.355698686761164,2.49413829880875,0.0,0.0,0.0,0.0,0.0,0.0
1,0.0,7,360.1644898423573,"[['12' '14.877443807603347' 'present']
 ['12' '15.457976593558973' 'present']
 ['12' '18.627101604336712' 'present']
 ['12' '18.679496712430844' 'present']
 ['12' '21.040814069055514' 'present']
 ['12' '32.370894478906166' 'present']
 ['12' '40.827514870508246' 'present']
 ['12' '64.82480775361185' 'present']
 ['12' '134.16990300398678' 'marauded']
 ['12' '144.974128824546' 'present']
 ['12' '159.57169243550572' 'marauded']
 ['12' '163.3786003103819' 'presentdestroyed']
 ['7' '163.65774296151307' 'destroyed']
 ['7' '168.04706237665954' 'present']
 ['12' '172.08005690977805' 'present']
 ['12' '184.6845489719755' 'present']
 ['12' '270.03383967613996' 'present']
 ['12' '276.1200233615471' 'present']
 ['12' '284.59891133458683' 'present']
 ['12' '313.8064226091293' 'present']
 ['12' '337.9222866742574' 'present']]","[['F194' '20.902335133037397' 'absent']
 ['F193' '31.932690204249706' 'mated']
 ['F3' '101.54787790005456' 'mated']
 ['F143' '118.27900450604794' 'absent']
 ['F12' '148.8038963759005' 'mated']
 ['F24' '149.8721574437438' 'absent']
 ['F68' '154.5241489632052' 'mated']
 ['F206' '192.670974646964' 'absent']
 ['F59' '198.50907305352274' 'mated']
 ['F96' '256.33157142333494' 'mated']
 ['F125' '297.42815700613215' 'mated']]",0.0,500.0,569.0,70.15499107651914,14.515186682821222,1638.0,277.5372280757118,59.66568166547435,73.0,12.33556930415908,2.7705651909222357,0.0,0.0,0.0,0.0,0.0,0.0
2,0.054,10,360.585487628718,"[['12' '35.51930290785028' 'present']
 ['12' '40.252807690617395' 'present']
 ['19' '51.1008082167654' 'present']
 ['12' '55.1825120687067' 'present']
 ['12' '67.84091750248605' 'present']
 ['12' '175.18848993292008' 'present']
 ['19' '200.81459917506874' 'present']
 ['12' '319.054977678614' 'present']
 ['5' '347.4679957735331' 'present']]","[['F194' '20.928215549443646' 'absent']
 ['F115' '38.99956565222341' 'mated']
 ['F16' '120.19063242212913' 'mated']
 ['F214' '160.1237060984583' 'mated']
 ['F64' '193.30804910736967' 'mated']
 ['F209' '208.04900348497952' 'mated']
 ['F83' '237.63712138872964' 'mated']
 ['F177' '270.72223521272633' 'mated']
 ['F154' '325.68929785308234' 'mated']
 ['F170' '334.10236831119016' 'mated']
 ['F135' '347.4003929522495' 'mated']]",0.0,1000.0,576.0,70.76939212610154,14.3989872350491,1718.0,284.5057176892924,60.29369938325675,0.0,0.0,0.0,16.0,1.6000000000000003,0.1600000000000001,97.0,3.218360037728815,0.1146690672153635
3,0.0,9,360.7245735004425,"[['2' '4.602542447178219' 'marauded']
 ['12' '11.69249109012036' 'presentdestroyed']
 ['12' '14.744707382548416' 'marauded']
 ['2' '18.689230878324313' 'presentdestroyed']
 ['12' '19.13827819935706' 'presentdestroyed']
 ['12' '20.40284669827885' 'presentdestroyed']
 ['2' '20.635749942152124' 'presentdestroyed']
 ['12' '21.53737353028618' 'presentdestroyed']
 ['2' '38.542561532294506' 'marauded']
 ['7' '56.84126001213198' 'present']
 ['12' '58.89977701428267' 'present']
 ['2' '63.11311261817883' 'present']
 ['12' '69.50536318871994' 'present']
 ['12' '69.94662979253566' 'present']
 ['12' '76.1197373557465' 'present']
 ['2' '80.65011026507948' 'present']
 ['12' '95.33207561701401' 'present']
 ['12' '104.1115100865674' 'present']
 ['2' '105.12581351769968' 'present']
 ['12' '114.14506958091766' 'present']
 ['2' '115.65704372892105' 'present']
 ['12' '138.76613244957602' 'present']
 ['2' '139.49585947624846' 'present']
 ['2' '140.45475271570703' 'present']
 ['12' '143.6328508373704' 'marauded']
 ['12' '147.80682966310425' 'presentdestroyed']
 ['7' '148.79746210551752' 'presentdestroyed']
 ['2' '148.9837006661485' 'presentdestroyed']
 ['12' '160.44797987566562' 'present']
 ['14' '174.0786377386282' 'present']
 ['12' '177.8159557527837' 'present']
 ['12' '178.01307282027892' 'marauded']
 ['2' '186.01916378968608' 'present']
 ['12' '186.77811444017078' 'present']
 ['12' '187.24919571604948' 'marauded']
 ['2' '214.97233208605402' 'marauded']
 ['12' '221.81307532665792' 'presentdestroyed']
 ['2' '228.79489161676332' 'present']
 ['2' '242.12034571406403' 'marauded']
 ['2' '251.83836401778794' 'present']
 ['2' '254.04432286682183' 'present']
 ['2' '255.09101643384466' 'present']
 ['2' '256.5322238973231' 'present']
 ['2' '256.6451744607975' 'present']
 ['12' '262.8066444778208' 'present']
 ['7' '266.839475752549' 'present']
 ['12' '271.2658420797546' 'present']
 ['2' '272.7818731538544' 'present']
 ['12' '283.9494946582083' 'present']
 ['7' '291.50090353442164' 'present']
 ['2' '293.78235696098375' 'present']
 ['2' '315.4822942967238' 'present']
 ['2' '325.61503888825126' 'present']
 ['2' '328.89205515213973' 'present']
 ['12' '337.2043653379237' 'present']]","[['F194' '20.93978962351772' 'destroyed']
 ['F49' '41.17714337129844' 'destroyed']
 ['F118' '61.7298203520471' 'mated']
 ['F60' '69.97686046145759' 'mated']
 ['F86' '81.99180219608947' 'mated']
 ['F85' '110.69853775842323' 'mated']
 ['F103' '128.97202823928603' 'mated']
 ['F204' '132.4586197800865' 'mated']
 ['F36' '142.93709597320307' 'absent']
 ['F24' '149.83942101868888' 'absentdestroyed']
 ['F110' '199.2622899557763' 'mated']
 ['F147' '226.7771671219193' 'absent']
 ['F56' '257.95043578788517' 'mated']
 ['F159' '295.84021725160824' 'mated']
 ['F142' '329.9628703045665' 'absent']
 ['F135' '347.3888188781754' 'absent']]",0.0,1500.0,564.0,70.29572042711537,14.590333173758077,1419.0,241.0534951692922,50.843922640824744,299.0,48.68333442991483,10.315770706238956,0.0,0.0,0.0,0.0,0.0,0.0
4,0.0,11,360.21904948868115,"[['2' '4.567820224955996' 'present']
 ['7' '28.00313437291342' 'present']
 ['7' '30.608117158938246' 'present']
 ['7' '35.02348058067583' 'marauded']
 ['14' '178.37898976978514' 'present']
 ['11' '211.7864280192433' 'present']
 ['19' '232.03564320740094' 'present']
 ['11' '237.25930651781914' 'present']
 ['5' '249.46811748445842' 'present']
 ['2' '256.49750167510086' 'present']
 ['2' '354.89241719664165' 'present']]","[['F194' '20.95136369759179' 'mated']
 ['F115' '38.976417504075265' 'destroyed']
 ['F49' '41.165569297224366' 'destroyed']
 ['F49' '41.18871744537252' 'destroyed']
 ['F26' '95.94435106561122' 'absent']
 ['F105' '96.91929161858235' 'mated']
 ['F85' '110.663815536201' 'absent']
 ['F85' '110.68696368434915' 'absent']
 ['F183' '111.48792355542665' 'mated']
 ['F76' '126.96239254517732' 'mated']
 ['F36' '142.94867004727715' 'mated']
 ['F122' '155.55541711636613' 'mated']
 ['F44' '173.67094933907705' 'absent']
 ['F19' '175.36356498451076' 'mated']
 ['F141' '205.86149352392084' 'mated']
 ['F147' '226.76559304784521' 'absent']
 ['F176' '237.505978749407' 'mated']
 ['F57' '242.40536596837416' 'mated']
 ['F142' '329.97444437864056' 'mated']]",500.0,0.0,565.0,69.34417926530448,14.533707883657371,1683.0,284.6954259245268,61.12696513817911,35.0,6.09969447357179,1.3370956643133902,0.0,0.0,0.0,0.0,0.0,0.0
5,0.054,8,359.96184171064135,"[['7' '0.7151380711613727' 'present']
 ['12' '2.625734415291892' 'present']
 ['7' '12.158482385374624' 'present']
 ['7' '36.17226841934092' 'present']
 ['7' '44.18670201722883' 'present']
 ['12' '52.504197560369896' 'present']
 ['12' '55.50983257366812' 'present']
 ['12' '60.6802445596955' 'present']
 ['7' '65.65799841623783' 'present']
 ['12' '72.34401144905966' 'marauded']
 ['12' '99.8070190918213' 'present']
 ['12' '104.69017109574985' 'present']
 ['12' '115.90814464123771' 'present']
 ['12' '121.51280754051467' 'present']
 ['7' '138.82923104774662' 'present']
 ['12' '146.40463974091475' 'present']
 ['12' '153.37510363201528' 'marauded']
 ['12' '156.9965473508166' 'presentdestroyed']
 ['12' '157.55099773557603' 'destroyed']
 ['12' '162.19476831418262' 'present']
 ['12' '163.64454671212744' 'present']
 ['12' '168.10158955528613' 'present']
 ['12' '201.07938584470713' 'present']
 ['7' '201.75111845899292' 'present']
 ['12' '211.42149175549295' 'present']
 ['12' '212.56007445174694' 'present']
 ['12' '213.14892685446085' 'present']
 ['12' '219.05570142699173' 'present']
 ['7' '219.63612371940522' 'marauded']
 ['7' '219.76886014446012' 'destroyed']
 ['2' '232.2069102398841' 'present']
 ['12' '264.6620645676384' 'present']
 ['7' '271.67467702892145' 'present']
 ['7' '283.7655920202199' 'present']
 ['7' '286.5717976846384' 'present']
 ['7' '287.39040140553305' 'present']
 ['12' '297.74754370260075' 'present']
 ['12' '300.3003801252143' 'present']
 ['7' '307.40329438403353' 'present']
 ['12' '316.0066812762334' 'present']
 ['12' '326.48003181218814' 'present']
 ['12' '331.66732760851045' 'present']
 ['7' '339.5270808218693' 'present']
 ['12' '347.0839446326585' 'present']]","[['F195' '116.3951960634488' 'mated']
 ['F158' '121.10352903774363' 'mated']
 ['F203' '123.47909244873027' 'mated']
 ['F168' '159.13358156719036' 'absentdestroyed']
 ['F5' '166.84274688911066' 'mated']
 ['F10' '190.95749817609203' 'mated']
 ['F81' '220.4334088977221' 'destroyed']
 ['F134' '238.37397646982626' 'mated']
 ['F2' '255.4971693877491' 'mated']
 ['F129' '271.12973448233816' 'absent']
 ['F198' '315.0832176791311' 'mated']]",500.0,500.0,570.0,69.13488928340286,13.976888205941913,1601.0,269.25215502709216,58.16010502916283,104.0,18.24226171571017,4.051379784380281,12.0,1.2,0.12000000000000005,85.0,2.3587625654211224,0.07019461591220845
6,0.0,9,359.8340962092155,"[['5' '21.22267794828613' 'present']
 ['5' '53.30430634595312' 'present']
 ['5' '86.05561645290791' 'present']
 ['5' '94.14820406706265' 'present']
 ['5' '101.62324235335268' 'marauded']
 ['5' '102.5994442700802' 'presentdestroyed']
 ['5' '122.69100171152728' 'present']
 ['14' '123.67640770785279' 'present']
 ['12' '139.7234592961314' 'present']
 ['5' '178.97178871745885' 'present']
 ['5' '186.54295882351954' 'present']
 ['12' '189.2396080713779' 'present']
 ['14' '195.4245013071328' 'present']
 ['5' '197.0604115090713' 'present']
 ['5' '230.32935511167517' 'present']
 ['12' '231.28062582742308' 'present']
 ['12' '236.8291950966384' 'marauded']
 ['12' '252.08448334091582' 'present']
 ['5' '259.2243580525589' 'present']
 ['12' '261.4131091808978' 'present']
 ['5' '283.9824233802822' 'marauded']
 ['2' '284.30464270244346' 'presentdestroyed']
 ['5' '297.2592685721189' 'present']
 ['12' '311.6428595882534' 'present']
 ['12' '313.57060572994675' 'present']
 ['5' '314.4415167944082' 'present']
 ['5' '314.72761011587846' 'present']
 ['14' '325.293495504826' 'present']
 ['5' '341.8599941340667' 'present']
 ['5' '351.5661286937081' 'present']]","[['F28' '83.3895250211652' 'mated']
 ['F9' '152.4406156272378' 'mated']
 ['F46' '162.46714220143835' 'mated']
 ['F81' '220.42183482364803' 'absent']
 ['F32' '221.5007072765714' 'mated']
 ['F75' '226.9665938584719' 'mated']
 ['F191' '229.73415816373537' 'mated']
 ['F149' '255.571163667024' 'mated']
 ['F129' '271.14130855641224' 'mated']
 ['F62' '323.43998960239526' 'mated']]",500.0,1000.0,557.0,71.76332811106552,15.80354826978902,1603.0,269.9762917814133,57.768798946723315,104.0,18.306112390770885,4.045079622781317,0.0,0.0,0.0,0.0,0.0,0.0
7,0.054,4,359.7846215701543,"[['19' '4.095880065080674' 'present']
 ['19' '15.796281229935802' 'marauded']
 ['19' '16.83459514873747' 'destroyed']
 ['19' '23.10148697384818' 'present']
 ['5' '29.338425780004307' 'present']
 ['19' '41.155630119130606' 'present']
 ['5' '67.54618919319532' 'marauded']
 ['19' '74.14381521431442' 'presentdestroyed']
 ['19' '79.93767192205189' 'marauded']
 ['19' '87.4362456420876' 'destroyed']
 ['19' '93.26180729146203' 'present']
 ['19' '125.31327621187431' 'present']
 ['5' '135.3562535564408' 'present']
 ['5' '140.06905745761733' 'marauded']
 ['19' '143.99571480405393' 'presentdestroyed']
 ['5' '150.45595194205154' 'present']
 ['5' '168.21517308387848' 'present']
 ['19' '175.9684752438924' 'present']
 ['19' '188.0607187973208' 'marauded']
 ['19' '221.65488538442412' 'present']
 ['19' '223.37379852016758' 'present']
 ['5' '233.89949494828963' 'marauded']
 ['5' '239.32546019474609' 'presentdestroyed']
 ['19' '253.44332933846198' 'marauded']
 ['5' '298.4211234898359' 'present']
 ['19' '316.54376961289023' 'present']
 ['19' '319.9553394524447' 'marauded']
 ['19' '329.8056823324963' 'present']
 ['19' '358.7163974107662' 'present']]","[['F188' '152.967414597228' 'mated']
 ['F78' '168.38257442886848' 'mated']
 ['F184' '192.52184380002524' 'absentdestroyed']
 ['F138' '256.73796683742125' 'destroyed']
 ['F109' '270.9528867597652' 'mated']
 ['F111' '302.10925490188214' 'mated']]",500.0,1500.0,566.0,72.34723560153083,15.473392285727574,1393.0,234.87960273481036,50.26483674769081,301.0,48.64659058748197,9.811729848219944,11.0,1.0999999999999999,0.11000000000000004,88.0,3.058576673153431,0.10931069958847717
8,0.0,13,360.4296233077725,"[['7' '13.832063942287162' 'marauded']
 ['7' '36.578746758176365' 'present']
 ['5' '37.3794214626585' 'marauded']
 ['5' '56.516966753571346' 'present']
 ['5' '86.03246830475976' 'present']
 ['7' '89.63978236314432' 'present']
 ['7' '95.95787713075327' 'present']
 ['5' '99.06210639518433' 'present']
 ['5' '104.41249978107446' 'marauded']
 ['7' '105.7677992657272' 'presentdestroyed']
 ['5' '146.6335511412475' 'present']
 ['5' '187.11518916776683' 'present']
 ['5' '189.896729647297' 'present']
 ['5' '196.5918537367821' 'present']
 ['5' '207.7854276714031' 'present']
 ['2' '224.03304867330536' 'present']
 ['7' '228.2672496322667' 'present']
 ['5' '231.91452980830346' 'marauded']
 ['5' '234.93734498964957' 'presentdestroyed']
 ['7' '265.49156798063206' 'present']
 ['7' '279.65984581640623' 'present']
 ['7' '280.96695377102634' 'present']
 ['5' '284.4294001192993' 'present']
 ['5' '285.70863195354593' 'present']
 ['7' '286.7057935831141' 'marauded']
 ['7' '312.18572813240775' 'present']
 ['5' '314.46466494255634' 'present']
 ['2' '327.23266025868674' 'present']
 ['7' '340.8869092141975' 'marauded']
 ['7' '357.58600554055454' 'present']
 ['7' '358.4813049105205' 'marauded']]","[['F6' '96.55225335285355' 'mated']
 ['F156' '122.02895765355665' 'mated']
 ['F185' '130.4508461252444' 'mated']
 ['F212' '130.98023262632307' 'mated']
 ['F21' '160.52601621132112' 'mated']
 ['F107' '180.36447824724317' 'mated']
 ['F182' '181.72066473700107' 'mated']
 ['F10' '190.94592410201795' 'absent']
 ['F206' '192.68254872103807' 'mated']
 ['F65' '207.43690521154858' 'mated']
 ['F124' '215.67704189688916' 'mated']
 ['F25' '228.16130159015356' 'mated']
 ['F179' '235.35964663502978' 'destroyed']
 ['F8' '252.62964124258195' 'mated']
 ['F138' '256.7215986248938' 'absent']
 ['F189' '357.09705384024977' 'mated']]",1000.0,0.0,557.0,73.02445568184382,16.189451395575226,1463.0,248.82491735067362,52.93898747094065,230.0,38.30018341338585,7.89870111883335,0.0,0.0,0.0,0.0,0.0,0.0
9,0.0,6,360.2849948956962,"[['11' '35.64388594556301' 'present']
 ['11' '37.88626627786455' 'present']
 ['2' '53.978271013424916' 'present']
 ['7' '54.12317957410243' 'present']
 ['11' '56.096083603381416' 'present']
 ['2' '70.43945121726283' 'present']
 ['2' '70.67361833168901' 'present']
 ['11' '117.15574312159244' 'present']
 ['2' '118.68261222495498' 'marauded']
 ['2' '130.0349717913537' 'present']
 ['2' '132.9591806777483' 'marauded']
 ['7' '162.31559626311278' 'marauded']
 ['7' '168.29295067169733' 'presentdestroyed']
 ['2' '169.48316932177772' 'presentdestroyed']
 ['2' '169.51590574683263' 'presentdestroyed']
 ['11' '186.72710131914226' 'present']
 ['2' '197.51582882794148' 'present']
 ['7' '198.00727223424613' 'present']
 ['7' '199.62731317101913' 'present']
 ['11' '202.17594795294497' 'present']
 ['19' '218.9228723468533' 'present']
 ['2' '223.11815438355694' 'marauded']
 ['7' '223.4589717540311' 'presentdestroyed']
 ['7' '230.86295597082452' 'present']
 ['7' '242.65583285794534' 'present']
 ['7' '250.0859260270243' 'present']
 ['11' '252.805218892024' 'present']
 ['2' '253.32222678016203' 'present']
 ['7' '287.0948907173292' 'marauded']
 ['2' '307.9520182546003' 'present']
 ['7' '317.2154563727568' 'present']
 ['2' '319.78031769945756' 'present']
 ['2' '351.64078891095625' 'marauded']]","[['F14' '66.0103946503283' 'mated']
 ['F113' '112.61661116427868' 'mated']
 ['F82' '140.58180811103594' 'mated']
 ['F151' '151.42569680410145' 'mated']
 ['F184' '192.5382120125527' 'mated']
 ['F37' '206.95754822376065' 'absent']
 ['F81' '220.41026074957395' 'absent']
 ['F138' '256.75433504994874' 'mated']
 ['F80' '328.7486827958592' 'absent']]",1000.0,500.0,564.0,69.76530654407817,14.350439357495203,1492.0,253.70075130494487,54.86074761689766,215.0,36.56545120071048,7.775911525701422,0.0,0.0,0.0,0.0,0.0,0.0
10,0.0,11,360.226223560074,"[['2' '0.1528257942863921' 'present']
 ['14' '1.4678186406726235' 'marauded']
 ['14' '9.044798134421164' 'present']
 ['2' '15.456891476354103' 'present']
 ['14' '27.78695590904777' 'present']
 ['14' '36.68371838710757' 'present']
 ['2' '38.41461924569296' 'marauded']
 ['11' '44.427233320807574' 'presentdestroyed']
 ['14' '54.5227158045601' 'present']
 ['2' '70.96479310332465' 'marauded']
 ['2' '78.72517682155696' 'present']
 ['14' '79.9713610045393' 'marauded']
 ['14' '98.20815715403411' 'marauded']
 ['14' '123.56120249517298' 'present']
 ['14' '127.64167719264911' 'present']
 ['11' '129.21517963023635' 'present']
 ['14' '130.18169396828364' 'marauded']
 ['14' '150.55775351178377' 'present']
 ['2' '193.5716041768927' 'present']
 ['11' '236.5198904459442' 'present']
 ['11' '241.2196687430244' 'marauded']
 ['14' '242.09178718939532' 'presentdestroyed']
 ['11' '242.91306866136344' 'presentdestroyed']
 ['14' '252.7086427342951' 'present']
 ['14' '267.1051282882825' 'present']
 ['11' '283.6950119319191' 'present']
 ['11' '294.5706299343177' 'present']
 ['2' '294.7774821231014' 'present']
 ['2' '305.0325250172404' 'present']
 ['14' '316.703653181534' 'present']
 ['14' '322.86607265691305' 'marauded']
 ['14' '327.5159092862973' 'destroyed']]","[['F20' '48.85889664200974' 'mated']
 ['F74' '50.32093108130337' 'mated']
 ['F0' '54.675385530613966' 'mated']
 ['F139' '90.295149777728' 'mated']
 ['F204' '132.40752934533683' 'destroyed']
 ['F72' '152.1701382624118' 'mated']
 ['F7' '160.45439980879317' 'absent']
 ['F30' '182.9557223912909' 'absent']
 ['F25' '228.14972751607948' 'absent']
 ['F179' '235.37122070910385' 'mated']
 ['F174' '237.8791433402039' 'mated']
 ['F54' '240.74408185114547' 'mated']
 ['F2' '255.44607895299941' 'absent']
 ['F197' '269.92896767874964' 'mated']
 ['F173' '279.86159691784036' 'mated']
 ['F117' '299.5511647193813' 'mated']
 ['F27' '301.7072686198925' 'absent']]",1000.0,1000.0,571.0,70.04566424482788,14.272154643548244,1407.0,240.8411633937474,51.66738775439626,300.0,49.14886830710207,10.284865344303043,0.0,0.0,0.0,0.0,0.0,0.0
11,0.054,10,360.18351993017245,"[['19' '1.1316690067956232' 'present']
 ['19' '1.1548171549437716' 'present']
 ['19' '8.439372315598188' 'present']
 ['5' '11.053160085089647' 'present']
 ['19' '40.652268544991934' 'present']
 ['19' '46.10333583224482' 'present']
 ['19' '46.32024701464311' 'present']
 ['19' '62.51110301743752' 'marauded']
 ['19' '66.38118704575774' 'presentdestroyed']
 ['19' '68.8708302670906' 'presentdestroyed']
 ['19' '87.40830335548605' 'present']
 ['12' '105.53542342742017' 'present']
 ['19' '108.75561075448236' 'present']
 ['19' '110.36507908498669' 'present']
 ['19' '113.83234934173116' 'present']
 ['19' '120.05356646309185' 'marauded']
 ['19' '129.96826627883917' 'present']
 ['14' '138.28508801227244' 'marauded']
 ['19' '144.3658031850404' 'destroyed']
 ['19' '146.1949053032012' 'present']
 ['19' '150.90646641815528' 'present']
 ['19' '155.09741109634285' 'present']
 ['19' '156.89000159794898' 'marauded']
 ['19' '215.541413304232' 'present']
 ['19' '234.25263515152832' 'present']
 ['19' '236.18181457410077' 'present']
 ['12' '240.12312616873953' 'present']
 ['19' '252.93365458337948' 'present']
 ['19' '259.7710654687707' 'present']
 ['19' '261.85614873188206' 'present']
 ['19' '264.6334022276104' 'present']
 ['19' '280.95239982057944' 'present']
 ['19' '281.56863202068666' 'present']
 ['19' '295.1013976021208' 'present']
 ['19' '324.56314154816926' 'present']
 ['19' '326.0152117810176' 'marauded']
 ['19' '333.40077302248625' 'present']
 ['19' '337.99022288741304' 'present']]","[['F161' '37.34423803401526' 'mated']
 ['F40' '88.63928775142939' 'mated']
 ['F11' '100.904238924574' 'mated']
 ['F160' '111.40959820169013' 'mated']
 ['F202' '165.76517464495603' 'mated']
 ['F126' '168.17977112413' 'mated']
 ['F38' '178.25633239570584' 'mated']
 ['F116' '185.18156333115914' 'mated']
 ['F61' '226.84109085147207' 'mated']
 ['F88' '243.9211606407847' 'mated']
 ['F51' '245.6814295513605' 'absent']
 ['F157' '278.9169277581752' 'absent']]",1000.0,1500.0,570.0,67.71546438086368,14.361242841050158,1513.0,256.846970594543,55.16905342088685,179.0,30.487791384107148,6.686466529730715,22.0,2.2000000000000006,0.22000000000000014,110.0,2.896127277134453,0.08037551440329219
12,0.054,3,360.29134784966817,"[['5' '9.458329138168676' 'present']
 ['5' '23.001652157287285' 'marauded']
 ['2' '42.57084188145984' 'marauded']
 ['2' '50.97547624086412' 'present']
 ['2' '52.33596575664754' 'present']
 ['2' '123.8062134153019' 'present']
 ['5' '174.36461430953673' 'present']
 ['5' '226.81888604150015' 'present']
 ['5' '237.42239018393258' 'present']
 ['2' '242.25506793628625' 'present']
 ['5' '286.30617986322557' 'present']
 ['5' '332.72564939877884' 'present']
 ['5' '338.0918914766488' 'present']]","[['F18' '112.10937483713535' 'mated']
 ['F24' '149.85578923121633' 'absent']
 ['F163' '176.5671793290082' 'mated']
 ['F147' '226.79353533444674' 'mated']]",1500.0,0.0,566.0,70.62506092045952,15.072872942951088,1599.0,272.6325135055067,58.94839458429535,81.0,12.223231410385786,2.400006495496276,11.0,1.0999999999999999,0.11000000000000004,94.0,3.419257414603271,0.1286008230452674
13,0.0,11,360.3153672281907,"[['19' '5.212767552603804' 'present']
 ['19' '83.0149349332856' 'present']
 ['11' '120.06305242774273' 'present']
 ['19' '129.87151836278463' 'present']
 ['19' '185.6392363608379' 'marauded']
 ['19' '199.93474427365194' 'present']
 ['11' '234.09871237633504' 'present']
 ['11' '236.4803740852686' 'present']]","[['F49' '41.15399522315029' 'absent']
 ['F49' '41.200291519446594' 'mated']
 ['F89' '58.26757962218406' 'mated']
 ['F85' '110.67538961027508' 'absent']
 ['F112' '176.0130903994641' 'mated']
 ['F95' '201.2954112045227' 'mated']
 ['F152' '202.8021883149097' 'mated']
 ['F119' '207.05515522209177' 'mated']
 ['F147' '226.75401897377114' 'absent']
 ['F162' '228.69942957236736' 'mated']
 ['F55' '229.808555257127' 'mated']
 ['F180' '240.62845691198228' 'mated']
 ['F34' '291.5054418121654' 'absent']
 ['F114' '311.5560440994992' 'mated']
 ['F90' '331.3275625220124' 'mated']]",1500.0,500.0,577.0,68.67819237026853,13.406677077100484,1666.0,285.3719209648946,61.77919519086361,39.0,6.041992681068912,1.1311160657094088,0.0,0.0,0.0,0.0,0.0,0.0
14,0.054,9,359.9250827913003,[],"[['F48' '116.54284639154888' 'absent']
 ['F35' '126.49044215877993' 'mated']
 ['F204' '132.4191034194109' 'absent']
 ['F145' '134.62455430733792' 'mated']
 ['F215' '140.8804293743171' 'mated']
 ['F87' '153.05398028443' 'mated']
 ['F47' '155.46360308241563' 'mated']
 ['F46' '162.42084590514204' 'absent']
 ['F46' '162.4439940532902' 'absent']
 ['F22' '172.62353906931435' 'mated']
 ['F136' '189.2870036545933' 'mated']
 ['F155' '201.28292796153409' 'mated']
 ['F2' '255.46922710114757' 'absent']
 ['F181' '284.19593535751903' 'mated']]",1500.0,1000.0,575.0,68.32553609645196,13.697854242651266,1704.0,286.24949217486534,61.66313567945711,0.0,0.0,0.0,24.0,2.400000000000001,0.24000000000000016,129.0,3.258627292470968,0.08948473936899871
15,0.0,15,360.7250456681806,"[['19' '4.809116557624939' 'present']
 ['14' '8.749252964440773' 'marauded']
 ['2' '16.377669110398593' 'present']
 ['19' '16.509596094159285' 'present']
 ['2' '60.729474912270646' 'present']
 ['2' '77.64027983575168' 'present']
 ['2' '82.08727832451272' 'present']
 ['2' '85.7274496142232' 'present']
 ['2' '85.76018603927814' 'present']
 ['19' '128.58233355024984' 'present']
 ['2' '129.91732947206128' 'present']
 ['19' '136.47698930080745' 'present']
 ['2' '143.20304258826934' 'present']
 ['11' '151.00253295175338' 'present']
 ['2' '156.89652986377666' 'present']
 ['19' '227.07466013389921' 'present']
 ['19' '245.09814216259744' 'present']
 ['2' '257.0974768452761' 'present']
 ['2' '263.7426244798387' 'present']
 ['2' '278.900926593569' 'present']
 ['2' '292.2483886797602' 'present']
 ['2' '338.05322377240316' 'present']
 ['2' '359.58422034740397' 'present']]","[['F70' '26.036893465751998' 'mated']
 ['F77' '113.38586530831975' 'mated']
 ['F211' '120.20254299712987' 'mated']
 ['F31' '126.80702025688737' 'mated']
 ['F91' '140.0493925718314' 'mated']
 ['F201' '140.29819561830743' 'mated']
 ['F7' '160.46597388286725' 'absent']
 ['F33' '179.32734314713528' 'mated']
 ['F196' '182.57396432663418' 'mated']
 ['F15' '186.1545626959626' 'mated']
 ['F97' '191.0607174316556' 'mated']
 ['F190' '246.50655363868054' 'mated']
 ['F1' '249.00926566832834' 'mated']
 ['F34' '291.5428963026457' 'mated']
 ['F137' '295.5093152447916' 'mated']
 ['F93' '299.5848806925798' 'mated']]",1500.0,1500.0,573.0,72.76760029258193,15.575163532445913,1667.0,281.11847275293877,59.6368935155841,35.0,6.130246265246437,1.4385526473669816,0.0,0.0,0.0,0.0,0.0,0.0
16,0.0,11,359.9787154999614,"[['11' '23.70056975250982' 'present']
 ['11' '97.39980843724818' 'marauded']
 ['11' '98.30380826533533' 'presentdestroyed']
 ['11' '103.67471259460774' 'presentdestroyed']
 ['11' '166.04495812008153' 'present']
 ['7' '182.56611982551303' 'present']
 ['7' '184.49515155298408' 'present']
 ['11' '196.68605474172182' 'present']
 ['11' '207.89734926870645' 'marauded']
 ['7' '225.91015444543595' 'present']
 ['11' '243.19109463972669' 'present']
 ['11' '260.5166501463775' 'present']
 ['7' '267.6580661420002' 'present']
 ['11' '274.3762851501136' 'present']
 ['11' '277.6765776893971' 'marauded']
 ['11' '285.53585345009503' 'marauded']
 ['11' '296.5366884523893' 'present']
 ['11' '313.40334061401336' 'present']
 ['7' '314.5698310077965' 'marauded']
 ['7' '327.8225749032264' 'present']
 ['7' '351.8232264926407' 'present']
 ['7' '355.6437227734267' 'present']
 ['7' '355.67645919848167' 'present']]","[['F200' '11.143204093147018' 'mated']
 ['F102' '55.15983099494038' 'mated']
 ['F3' '101.53630382598048' 'destroyed']
 ['F166' '105.90130107036616' 'mated']
 ['F213' '140.93911389552608' 'mated']
 ['F24' '149.88373151781786' 'mated']
 ['F42' '174.93730834884872' 'mated']
 ['F71' '232.28310825840646' 'mated']
 ['F63' '248.7327489556334' 'mated']
 ['F125' '297.4165829320581' 'absent']
 ['F199' '300.94238252090184' 'mated']
 ['F111' '302.09288668935466' 'absent']
 ['F41' '303.143185012109' 'mated']
 ['F17' '343.9257319380581' 'mated']]",2000.0,0.0,578.0,66.49966560284895,13.02524314945024,1566.0,263.2876718812042,56.34411099037601,191.0,30.411325881334374,6.0602050477722,0.0,0.0,0.0,0.0,0.0,0.0
17,0.0,7,360.4619630051321,"[['14' '2.408750177981153' 'present']
 ['11' '3.0982190459253443' 'present']
 ['11' '4.179619890468423' 'present']
 ['11' '26.440022078910655' 'present']
 ['5' '58.714937722875625' 'present']
 ['11' '83.55108764445254' 'present']
 ['12' '83.73976902695576' 'present']
 ['11' '114.51018184144759' 'marauded']
 ['12' '127.44433646439845' 'present']
 ['11' '135.05354735125488' 'present']
 ['11' '150.68212447796694' 'marauded']
 ['11' '202.33663188391205' 'present']
 ['11' '212.51646676763022' 'marauded']
 ['11' '218.16431663485713' 'presentdestroyed']
 ['11' '250.62373427231378' 'present']
 ['11' '255.50169165769805' 'present']
 ['11' '263.7211546986725' 'present']
 ['11' '266.608985102306' 'present']
 ['11' '302.79925176284024' 'marauded']
 ['11' '308.95139146154474' 'destroyed']
 ['12' '319.44514477719554' 'marauded']
 ['11' '356.13691726490936' 'present']]","[['F48' '116.51969824340073' 'destroyed']
 ['F210' '144.92760342507373' 'mated']
 ['F84' '147.44404089927323' 'mated']
 ['F151' '151.41412273002737' 'absentdestroyed']
 ['F202' '165.75360057088196' 'absent']
 ['F192' '171.16370533452874' 'mated']
 ['F37' '206.96912229783473' 'mated']
 ['F186' '208.60326391451173' 'mated']
 ['F99' '301.8995228818751' 'mated']
 ['F80' '328.7602568699333' 'mated']]",2000.0,500.0,560.0,72.86750381573312,15.421984979751981,1516.0,256.40627698083244,55.01308658323854,175.0,30.824622462323475,6.646505142189964,0.0,0.0,0.0,0.0,0.0,0.0
18,0.0,10,360.25322120975227,"[['2' '0.01636821252746638' 'present']
 ['14' '1.901186387276928' 'present']
 ['2' '4.730484733779759' 'marauded']
 ['11' '25.05599555686219' 'present']
 ['14' '31.49193987046783' 'present']
 ['11' '48.8818720309302' 'marauded']
 ['2' '57.28592037118078' 'marauded']
 ['14' '58.07729204169804' 'destroyed']
 ['2' '60.69673848721571' 'presentdestroyed']
 ['2' '67.97717565135261' 'present']
 ['2' '68.6510621779752' 'present']
 ['2' '85.79292246433307' 'present']
 ['14' '94.13767102506168' 'marauded']
 ['14' '101.99557715423424' 'present']
 ['14' '109.83130319137808' 'marauded']
 ['2' '115.45096275310331' 'presentdestroyed']
 ['11' '133.89785026035491' 'present']
 ['2' '143.17030616321443' 'present']
 ['2' '146.0474519829982' 'present']
 ['2' '169.3354776747293' 'marauded']
 ['14' '170.5238144199919' 'presentdestroyed']
 ['11' '180.6219687928821' 'present']
 ['2' '186.48905838151893' 'present']
 ['14' '190.17334157385005' 'present']
 ['2' '199.45047135960033' 'marauded']
 ['14' '211.90010196551566' 'present']
 ['14' '212.17215807286297' 'present']
 ['2' '216.54392968677988' 'present']
 ['14' '218.98167874538058' 'present']
 ['11' '224.99453036849522' 'present']
 ['2' '232.24642660055972' 'present']
 ['2' '234.68798283151682' 'present']
 ['14' '236.2850693034285' 'present']
 ['14' '247.119020208501' 'present']
 ['2' '256.3579853144252' 'marauded']
 ['2' '258.1109877670237' 'presentdestroyed']
 ['14' '261.97711100924573' 'presentdestroyed']
 ['11' '283.2420826834725' 'present']
 ['14' '284.7449153592993' 'present']
 ['11' '285.40791116349345' 'marauded']
 ['14' '291.5294524558515' 'presentdestroyed']
 ['14' '294.94852704310244' 'present']
 ['14' '305.7599723662115' 'present']
 ['14' '309.20268773864626' 'marauded']
 ['14' '316.37476030534674' 'destroyed']
 ['2' '319.7475812744026' 'present']
 ['14' '332.55812381284784' 'present']
 ['14' '341.11593765200814' 'present']
 ['14' '344.4037622235421' 'marauded']
 ['14' '346.25524752695213' 'destroyed']
 ['14' '348.0958087567484' 'presentdestroyed']
 ['14' '357.9490225379734' 'present']
 ['11' '359.4311923803374' 'present']]","[['F132' '109.48565878026827' 'mated']
 ['F160' '111.39322998916266' 'absentdestroyed']
 ['F48' '116.5312723174748' 'destroyed']
 ['F187' '118.82384426508958' 'mated']
 ['F165' '142.80918843605482' 'mated']
 ['F140' '156.15881393221525' 'mated']
 ['F7' '160.47754795694132' 'mated']
 ['F33' '179.3157690730612' 'absent']
 ['F175' '184.09166257838478' 'mated']
 ['F136' '189.27542958051922' 'absent']
 ['F169' '210.6959024279295' 'mated']
 ['F171' '229.85189246120106' 'mated']
 ['F148' '246.9478434138349' 'mated']
 ['F153' '267.96698263773976' 'mated']
 ['F27' '301.6956945458184' 'absent']]",2000.0,1000.0,578.0,71.79769595901158,15.60559028305859,1317.0,220.80437000620515,46.6893584310984,398.0,67.4099972479364,14.492940199028853,0.0,0.0,0.0,0.0,0.0,0.0
19,0.054,7,360.259245007472,"[['7' '0.7478744962163054' 'present']
 ['11' '16.094908054276424' 'present']
 ['11' '16.260356641402385' 'present']
 ['11' '28.164989615617586' 'present']
 ['11' '51.74295007212256' 'present']
 ['11' '59.759638600886724' 'present']
 ['11' '78.88342786322038' 'present']
 ['11' '103.69786074275589' 'present']
 ['11' '104.96806224869381' 'present']
 ['12' '124.30410498280521' 'present']
 ['7' '139.1447724921235' 'present']
 ['7' '161.61009211304807' 'marauded']
 ['7' '162.641928850768' 'presentdestroyed']
 ['7' '163.61822660083746' 'presentdestroyed']
 ['7' '165.68663794906965' 'presentdestroyed']
 ['12' '168.05934092635243' 'presentdestroyed']
 ['7' '169.91830593863543' 'present']
 ['11' '175.10819385142534' 'present']
 ['7' '178.32329459321718' 'present']
 ['11' '190.32260046061364' 'marauded']
 ['11' '198.01913672349545' 'present']
 ['7' '205.37672294982386' 'marauded']
 ['7' '228.2999860573216' 'present']
 ['11' '234.06399015411282' 'present']
 ['12' '237.55202861753168' 'marauded']
 ['2' '240.01164383468773' 'presentdestroyed']
 ['7' '250.90192693418456' 'present']
 ['11' '266.0213292929863' 'present']
 ['11' '267.52857900050526' 'marauded']
 ['2' '276.9503066549909' 'present']
 ['11' '277.4796683511669' 'present']
 ['2' '281.74176426560456' 'present']
 ['11' '296.0530269738778' 'present']
 ['7' '307.8827914105199' 'present']
 ['7' '313.61390073382967' 'present']
 ['11' '321.2283564185715' 'present']
 ['11' '338.24856338895773' 'marauded']
 ['7' '338.6093392240566' 'presentdestroyed']
 ['11' '341.0373428908408' 'destroyed']
 ['7' '342.4358175405375' 'presentdestroyed']
 ['11' '350.3273934792532' 'marauded']]","[['F26' '95.96749921375937' 'mated']
 ['F66' '136.0030907253143' 'mated']
 ['F44' '173.6940974872252' 'mated']
 ['F184' '192.50547558749778' 'destroyed']
 ['F29' '193.99681645017986' 'absentdestroyed']
 ['F164' '225.49301693404212' 'mated']
 ['F101' '226.13619493712716' 'mated']
 ['F108' '229.87457026555413' 'mated']
 ['F51' '245.66985547728643' 'absent']
 ['F51' '245.69300362543459' 'absent']
 ['F51' '257.7257400504895' 'mated']]",2000.0,1500.0,567.0,69.0799767111602,14.228258607885861,1444.0,242.77368254684416,51.766151636513506,258.0,42.607281693406854,8.976913177602007,20.0,2.0000000000000004,0.20000000000000012,111.0,3.5412454617332854,0.12002743484224959
20,0.0,3,360.25331089408536,"[['19' '14.981366716017522' 'present']
 ['19' '37.78851400726953' 'marauded']
 ['19' '44.586593741136745' 'destroyed']
 ['19' '45.33027922916055' 'marauded']
 ['19' '56.60208798958911' 'marauded']
 ['19' '59.045113418914966' 'destroyed']
 ['19' '60.5547728522909' 'presentdestroyed']
 ['19' '61.559044069680745' 'presentdestroyed']
 ['19' '69.88458688864513' 'marauded']
 ['19' '76.1164293042798' 'presentdestroyed']
 ['19' '80.29430974239781' 'present']
 ['19' '83.43903727334298' 'marauded']
 ['19' '130.59936942285793' 'present']
 ['19' '133.66125914720982' 'marauded']
 ['19' '136.89677172884862' 'presentdestroyed']
 ['19' '149.56104745415533' 'present']
 ['19' '158.83696695258467' 'present']
 ['19' '198.306150401197' 'present']
 ['19' '198.8939082875737' 'marauded']
 ['19' '199.3888662569284' 'presentdestroyed']
 ['19' '263.6516813163868' 'marauded']]","[['F143' '118.29057858012202' 'mated']
 ['F207' '217.24188856950755' 'mated']
 ['F162' '228.6878554982933' 'absent']
 ['F205' '259.18831233650366' 'mated']
 ['F117' '299.525284302975' 'absent']]",2500.0,0.0,559.0,69.37008245470305,13.741054760801426,1423.0,242.05382592563421,51.70769419712737,287.0,48.680507086759896,10.603014042969644,0.0,0.0,0.0,0.0,0.0,0.0
21,0.0,8,360.0242822414536,"[['14' '20.92918684418666' 'marauded']
 ['14' '123.88570457812578' 'present']]","[['F67' '102.76863289661554' 'mated']
 ['F69' '119.77324291290667' 'mated']
 ['F4' '163.0506188160045' 'mated']
 ['F106' '165.90645233992558' 'mated']
 ['F146' '213.80719217593995' 'mated']
 ['F23' '237.2243060049015' 'mated']
 ['F127' '247.97868101980728' 'mated']
 ['F128' '324.3045672824914' 'mated']]",2500.0,500.0,557.0,71.33259692837447,14.541652494984575,1645.0,282.54976721575065,60.454596587882335,37.0,6.128946646852804,1.4333913465292365,0.0,0.0,0.0,0.0,0.0,0.0
22,0.0,8,360.5304597409863,"[['11' '2.5460426802778815' 'present']
 ['5' '16.85798812037388' 'marauded']
 ['5' '22.09969352151192' 'presentdestroyed']
 ['11' '46.788934484378224' 'present']
 ['5' '66.73052336898266' 'present']
 ['5' '67.51824690659377' 'present']
 ['14' '69.33242173144795' 'present']
 ['5' '69.66384010922965' 'present']
 ['14' '76.45432094991989' 'present']
 ['14' '77.52836619292378' 'present']
 ['11' '77.60884099845345' 'present']
 ['11' '85.36615927054497' 'present']
 ['11' '85.41361694858922' 'present']
 ['14' '90.97676628095051' 'present']
 ['5' '92.96307817688073' 'marauded']
 ['11' '106.57035316631101' 'marauded']
 ['11' '106.70265312935588' 'presentdestroyed']
 ['14' '125.64652005628733' 'marauded']
 ['5' '126.9490430481521' 'presentdestroyed']
 ['5' '130.0220381589535' 'presentdestroyed']
 ['14' '136.36075474879723' 'present']
 ['7' '136.60800444898206' 'present']
 ['5' '165.21678258439712' 'present']
 ['5' '169.42482769899576' 'present']
 ['14' '170.06866987843281' 'present']
 ['14' '170.54696256814006' 'marauded']
 ['5' '198.83507859908497' 'present']
 ['11' '199.92044906716583' 'marauded']
 ['5' '203.43854328194826' 'destroyed']
 ['5' '205.90901981349242' 'destroyed']
 ['11' '209.06704997642157' 'present']
 ['5' '211.28544700057643' 'present']
 ['5' '212.32796440160507' 'present']
 ['11' '217.25984046367526' 'present']
 ['11' '225.80023447066253' 'marauded']
 ['14' '230.9479222399866' 'presentdestroyed']
 ['11' '241.5944147904673' 'present']
 ['11' '243.11450571457254' 'present']
 ['11' '243.21424278787484' 'present']
 ['14' '245.6821454540793' 'present']
 ['11' '253.0346491889745' 'present']
 ['14' '256.31615064572185' 'present']
 ['11' '279.0094313237912' 'present']
 ['14' '282.586771299257' 'present']
 ['5' '287.54855836189535' 'present']
 ['11' '291.7419184464129' 'marauded']
 ['14' '302.8095607453422' 'present']
 ['5' '304.12207986183955' 'present']
 ['11' '318.7030440270231' 'marauded']
 ['14' '319.08527476350827' 'presentdestroyed']
 ['14' '321.67798806144685' 'destroyed']
 ['5' '325.29593159682105' 'presentdestroyed']
 ['14' '331.78173682377934' 'present']
 ['11' '333.56339086457365' 'marauded']
 ['5' '337.1563886666538' 'destroyed']
 ['14' '350.84706109668605' 'present']
 ['11' '356.4596179606059' 'present']
 ['5' '357.6760430940674' 'present']]","[['F58' '74.85946932994135' 'mated']
 ['F48' '116.55442046562295' 'mated']
 ['F50' '124.5290919000106' 'mated']
 ['F35' '126.47886808470585' 'destroyed']
 ['F31' '126.7954461828133' 'destroyed']
 ['F204' '132.43067749348498' 'destroyed']
 ['F131' '146.06840959209575' 'mated']
 ['F104' '156.11431460663422' 'mated']
 ['F168' '159.14515564126444' 'mated']
 ['F46' '162.43241997921612' 'absent']
 ['F94' '216.34550616121382' 'mated']
 ['F81' '220.44498297179618' 'mated']]",2500.0,1000.0,575.0,67.14390706283852,12.8479327795897,1393.0,231.3197171315812,48.17761726690214,378.0,61.594278262515466,12.83700605733492,0.0,0.0,0.0,0.0,0.0,0.0
23,0.0,19,360.2152123322228,"[['11' '8.0534162449343' 'present']
 ['14' '15.097698797398566' 'present']
 ['19' '18.23076376132521' 'present']
 ['14' '29.98484374746772' 'present']
 ['19' '31.50002273224164' 'present']
 ['5' '36.98243108550673' 'present']
 ['11' '42.87462117384819' 'present']
 ['19' '56.37773569789225' 'present']
 ['19' '62.874536639253584' 'present']
 ['14' '80.8480626377027' 'present']
 ['14' '90.04229263346717' 'marauded']
 ['11' '91.16719025874707' 'destroyed']
 ['11' '91.49303847876253' 'presentdestroyed']
 ['11' '96.12196000592616' 'destroyed']
 ['5' '101.59530006675114' 'present']
 ['14' '104.85123436779844' 'marauded']
 ['14' '112.39797850923917' 'present']
 ['11' '113.07450454156228' 'present']
 ['14' '141.82813332988107' 'present']
 ['14' '150.97105762028573' 'present']
 ['14' '153.59992551697073' 'marauded']
 ['14' '162.032954559655' 'marauded']
 ['11' '166.7458426002335' 'presentdestroyed']
 ['5' '169.63685710658797' 'destroyed']
 ['14' '172.0254702979639' 'present']
 ['11' '172.79271326983607' 'marauded']
 ['14' '174.58336056933913' 'presentdestroyed']
 ['14' '184.6719956065522' 'marauded']
 ['14' '186.9194945676618' 'presentdestroyed']
 ['19' '198.46219974675287' 'marauded']
 ['11' '204.07190414792126' 'destroyed']
 ['7' '205.32563251507418' 'presentdestroyed']
 ['5' '205.75881188927636' 'presentdestroyed']
 ['14' '206.2896218470418' 'presentdestroyed']
 ['14' '214.7865494461024' 'marauded']
 ['14' '218.65709290640888' 'presentdestroyed']
 ['14' '226.75703541961374' 'present']
 ['19' '230.0795171650116' 'marauded']
 ['5' '234.3917685077587' 'presentdestroyed']
 ['11' '237.56064522805812' 'presentdestroyed']
 ['14' '238.9430832236771' 'marauded']
 ['14' '240.22143741469904' 'presentdestroyed']
 ['19' '246.1146020613432' 'present']
 ['14' '247.746218193375' 'marauded']
 ['11' '252.83316117862552' 'presentdestroyed']
 ['19' '254.18217266663004' 'presentdestroyed']
 ['14' '278.9425887207939' 'present']
 ['14' '284.698619063003' 'present']
 ['5' '302.9014838894822' 'present']
 ['2' '307.5032294027133' 'present']
 ['14' '311.1879688367468' 'present']
 ['5' '317.39032920269506' 'present']
 ['14' '319.6143090966764' 'present']
 ['14' '337.1429125478306' 'present']
 ['14' '343.0955802124463' 'marauded']
 ['14' '358.37904264082584' 'present']]","[['F167' '49.419247422744235' 'mated']
 ['F133' '61.472289474855586' 'mated']
 ['F73' '101.1267303729671' 'mated']
 ['F45' '120.75094122027558' 'mated']
 ['F172' '123.1886560619063' 'mated']
 ['F150' '125.3783706692028' 'mated']
 ['F31' '126.78387210873922' 'absent']
 ['F204' '132.44225156755905' 'absent']
 ['F98' '135.4052009712757' 'mated']
 ['F100' '142.315972466559' 'mated']
 ['F46' '162.40927183106797' 'destroyed']
 ['F30' '182.96729646536497' 'mated']
 ['F116' '185.16998925708506' 'destroyed']
 ['F29' '194.01318466270732' 'mated']
 ['F52' '194.17465190868742' 'mated']
 ['F155' '201.27135388746' 'destroyed']
 ['F130' '206.98588722660074' 'mated']
 ['F94' '216.33393208713974' 'absentdestroyed']
 ['F13' '226.79782358858176' 'mated']
 ['F57' '242.37948555196792' 'destroyed']
 ['F88' '243.90958656671063' 'destroyed']
 ['F51' '245.65348726475898' 'destroyed']
 ['F2' '255.4576530270735' '']
 ['F178' '257.1163626167934' 'mated']
 ['F144' '261.32173122187817' 'mated']
 ['F43' '267.34812580707455' 'mated']
 ['F157' '278.92850183224925' 'mated']
 ['F27' '301.71884269396656' 'mated']
 ['F92' '321.3656561470645' 'mated']]",2500.0,1500.0,561.0,70.41605749818008,14.149097916621695,1257.0,216.22381934933276,46.862503173874806,430.0,73.52226699425975,15.724010140345515,0.0,0.0,0.0,0.0,0.0,0.0
