id,probability_maraud,successful_mating,next_foraging_time,mar_attempts,mate_attempts,x_pos,y_pos,foraging_events,foraging_hrs,foraging_sqhrs,staying_events,staying_hrs,staying_sqhrs,repairing_events,repairing_hrs,repairing_sqhrs,marauding_events,marauding_hrs,marauding_sqhrs,traveling_events,traveling_hrs,traveling_sqhrs
0,0.0,12,360.2133297807963,"[['20' '2.820501008766345' 'marauded']
 ['1' '5.047583439065447' 'destroyed']
 ['4' '10.881046700227063' 'present']
 ['4' '15.380628379105614' 'marauded']
 ['1' '16.312534536888833' 'presentdestroyed']
 ['1' '29.50534486067336' 'present']
 ['4' '29.941993539407356' 'present']
 ['20' '31.94735785821572' 'present']
 ['1' '34.1807284709128' 'present']
 ['4' '66.74166864218725' 'present']
 ['4' '73.15493664705683' 'present']
 ['1' '78.94661715008866' 'present']
 ['20' '91.07435553847053' 'present']
 ['1' '94.06516574942718' 'present']
 ['20' '98.04228874625944' 'present']
 ['20' '109.21002839765528' 'present']
 ['1' '111.55470302691403' 'present']
 ['1' '112.54836666624469' 'present']
 ['4' '116.28401814954726' 'present']
 ['4' '120.90430280183959' 'present']
 ['4' '147.15436205983244' 'present']
 ['4' '166.13554290876826' 'present']
 ['1' '179.79813301460047' 'present']
 ['4' '183.9968750624157' 'present']
 ['4' '185.52842457245856' 'present']
 ['4' '190.72310268977995' 'present']
 ['20' '192.91620270810046' 'present']
 ['20' '205.54892227616432' 'present']
 ['20' '208.18457657379483' 'present']
 ['4' '216.6078012695908' 'present']
 ['20' '236.81468107101782' 'present']
 ['1' '242.45701239531152' 'marauded']
 ['4' '244.4321925219039' 'presentdestroyed']
 ['20' '245.35553008986207' 'presentdestroyed']
 ['4' '250.9399221880639' 'present']
 ['20' '251.28733057802114' 'present']
 ['1' '257.2225609259741' 'present']
 ['1' '273.90928726126543' 'present']
 ['1' '286.9369368495467' 'present']
 ['1' '291.2121732898449' 'present']
 ['1' '292.85147059773846' 'present']
 ['20' '299.40189167436995' 'present']
 ['4' '316.9933668640278' 'present']
 ['1' '317.8714025394716' 'present']
 ['4' '318.91569692778586' 'present']
 ['20' '330.90392269761486' 'present']
 ['4' '336.8377638995643' 'marauded']
 ['1' '347.6024741856811' 'present']
 ['1' '357.20887455518755' 'present']]","[['F26' '77.21375209019678' 'mated']
 ['F149' '113.24122776373598' 'mated']
 ['F169' '126.09018947536131' 'absent']
 ['F127' '151.65191305461093' 'mated']
 ['F58' '152.57706679921316' 'mated']
 ['F56' '169.909999542855' 'mated']
 ['F98' '170.3883796618811' 'mated']
 ['F95' '184.74874412257057' 'mated']
 ['F148' '239.06824388292313' 'mated']
 ['F156' '276.1352731784572' 'mated']
 ['F42' '284.1951040904133' 'mated']
 ['F40' '289.5036027976521' 'mated']
 ['F153' '332.2703868325342' 'mated']]",0.0,0.0,566.0,67.37184394828571,13.454186414004354,1555.0,268.44340839485733,59.00412087868263,147.0,24.467281548985493,5.031015423591908,0.0,0.0,0.0,0.0,0.0,0.0
1,0.054,11,360.3167588246618,"[['5' '18.995670844138065' 'present']
 ['5' '63.4193121602359' 'present']
 ['5' '63.46560845653219' 'present']
 ['5' '67.74352147671296' 'marauded']
 ['5' '72.58395393755232' 'presentdestroyed']
 ['5' '83.84433686247442' 'present']
 ['5' '110.16806362795658' 'present']
 ['5' '111.60263249918619' 'present']
 ['5' '144.9994242275587' 'marauded']
 ['5' '161.89689818347549' 'marauded']
 ['5' '179.04192974565052' 'present']
 ['5' '179.85337249880268' 'present']
 ['5' '184.70903669841445' 'marauded']
 ['20' '184.91601739888262' 'presentdestroyed']
 ['5' '192.96820401540154' 'marauded']
 ['5' '233.82972568811786' 'present']
 ['5' '268.4730224264403' 'present']
 ['20' '296.2473201652669' 'marauded']
 ['5' '297.00186646011673' 'presentdestroyed']
 ['5' '301.0985666634431' 'presentdestroyed']
 ['20' '323.76223764686466' 'present']
 ['5' '352.9710200423438' 'present']]","[['F22' '11.457432571879249' 'mated']
 ['F155' '104.01714725510833' 'mated']
 ['F37' '153.71698711945433' 'mated']
 ['F174' '158.96487456181222' 'mated']
 ['F180' '161.97971546242047' 'destroyed']
 ['F159' '167.55494359448576' 'destroyed']
 ['F44' '181.49738014562539' 'mated']
 ['F99' '201.79233286609107' 'mated']
 ['F62' '214.63882749869714' 'mated']
 ['F34' '216.71108642055003' 'mated']
 ['F112' '234.11225418265894' 'mated']
 ['F76' '236.0285273107114' 'mated']
 ['F121' '243.69905234658728' 'mated']]",0.0,1000.0,560.0,70.11856561964547,14.49490117777431,1489.0,247.9898325702824,52.79327559489603,214.0,36.84284127364166,7.831396443267162,12.0,1.2,0.12000000000000005,86.0,4.039011142922188,0.1907578875171465
2,0.0,5,359.8689232941459,"[['1' '0.023148148148148147' 'present']
 ['1' '13.334231842602527' 'marauded']
 ['22' '16.489684923457315' 'presentdestroyed']
 ['1' '25.998682883908625' 'present']
 ['1' '38.16800973891996' 'present']
 ['1' '41.76112265362478' 'present']
 ['1' '42.66022696272865' 'present']
 ['1' '43.58339425366638' 'marauded']
 ['1' '55.63629263898435' 'marauded']
 ['1' '63.96396287465601' 'present']
 ['22' '72.55138005743545' 'present']
 ['1' '90.46772493751858' 'marauded']
 ['22' '103.65653752962757' 'present']
 ['22' '103.9382155643054' 'marauded']
 ['22' '121.06539106360535' 'present']
 ['1' '127.44217060235005' 'present']
 ['22' '131.01382594332384' 'present']
 ['1' '137.37333510550712' 'present']
 ['5' '142.49439774844808' 'marauded']
 ['22' '182.77170576339913' 'present']
 ['22' '187.51409695089967' 'present']
 ['1' '203.76236907766443' 'present']
 ['1' '213.20730300236974' 'present']
 ['22' '222.36255202554725' 'present']
 ['22' '235.85643675241934' 'present']
 ['1' '239.15870817244368' 'present']
 ['1' '246.61304813725252' 'present']
 ['22' '250.89818456710094' 'present']
 ['1' '251.98255343782597' 'present']
 ['22' '259.6858652807786' 'marauded']
 ['22' '288.50508634713793' 'present']
 ['22' '290.67648662124077' 'present']
 ['22' '299.5751431262237' 'present']
 ['22' '307.89200243465206' 'present']
 ['5' '315.4360230455366' 'present']
 ['22' '316.3327542591085' 'present']
 ['1' '319.7454962272246' 'present']
 ['1' '341.13091828320785' 'present']
 ['1' '342.8687415303199' 'present']]","[['F183' '65.82149075592342' 'mated']
 ['F129' '133.21252313353511' 'mated']
 ['F180' '162.00286361056862' 'mated']
 ['F147' '168.20130530265047' 'mated']
 ['F8' '197.51694326815218' 'mated']
 ['F112' '234.0891060345108' 'absent']]",0.0,2000.0,573.0,67.6968850609264,13.598360412825045,1479.0,249.32796873003176,53.50263665332389,255.0,43.018674760097014,9.360685174316414,0.0,0.0,0.0,0.0,0.0,0.0
3,0.0,6,360.23076963277646,"[['23' '12.40912484946181' 'marauded']
 ['23' '15.589556342659014' 'presentdestroyed']
 ['23' '17.28553540066656' 'destroyed']
 ['4' '21.580588696812367' 'present']
 ['23' '40.541506902705734' 'present']
 ['23' '77.92735541039094' 'present']
 ['23' '86.00722001837002' 'present']
 ['4' '117.87694875699063' 'present']
 ['23' '143.79680202251262' 'marauded']
 ['23' '156.3752214151898' 'present']
 ['23' '169.03491907821567' 'marauded']
 ['23' '178.50790854924193' 'present']
 ['23' '198.32546969735984' 'present']
 ['23' '199.21336116405234' 'present']
 ['23' '199.53099615130196' 'marauded']
 ['23' '200.78456256353283' 'destroyed']
 ['22' '261.57673540414385' 'present']
 ['23' '284.68385493859046' 'marauded']
 ['23' '289.77844049864467' 'presentdestroyed']
 ['4' '324.94742789131294' 'present']
 ['23' '332.64961502086913' 'present']
 ['23' '354.0540579726511' 'present']
 ['23' '359.2012187851747' 'present']]","[['F169' '126.11333762350947' 'mated']
 ['F127' '151.62876490646278' '']
 ['F56' '169.88685139470684' 'destroyed']
 ['F20' '170.1630176517379' 'absentdestroyed']
 ['F204' '172.4110987894575' 'destroyed']
 ['F204' '172.4573950857538' 'destroyed']
 ['F103' '177.85972944376383' 'mated']
 ['F173' '180.96111093591261' 'mated']
 ['F48' '183.54855305058288' 'mated']
 ['F3' '198.01035027249605' 'absent']
 ['F141' '233.7868502389705' 'mated']
 ['F12' '296.78806121073546' 'mated']
 ['F153' '332.24723868438605' 'absent']]",0.0,3000.0,563.0,69.55617166322656,14.559940002192123,1538.0,259.9638947995001,55.676952475453255,186.0,30.573328001826567,6.532255999799249,0.0,0.0,0.0,0.0,0.0,0.0
4,0.054,8,360.48671313417964,"[['8' '7.458709413578586' 'present']
 ['8' '12.357648436133347' 'present']
 ['8' '33.106142360721506' 'marauded']
 ['9' '38.098627378875236' 'presentdestroyed']
 ['8' '38.224418909629485' 'destroyed']
 ['5' '44.23921187178334' 'present']
 ['8' '47.922168428092306' 'marauded']
 ['5' '49.476311512357924' 'presentdestroyed']
 ['8' '56.52629909352495' 'present']
 ['5' '61.94783954835526' 'present']
 ['8' '75.4661188584818' 'present']
 ['5' '77.17398058622868' 'present']
 ['5' '78.61874757030891' 'present']
 ['8' '79.92955868140396' 'present']
 ['5' '82.24286082585077' 'present']
 ['5' '86.5949251446949' 'marauded']
 ['5' '99.58161332129951' 'present']
 ['8' '100.42127520554244' 'marauded']
 ['8' '101.24182954386609' 'presentdestroyed']
 ['8' '101.99179559402252' 'presentdestroyed']
 ['5' '106.96415233195933' 'presentdestroyed']
 ['5' '107.01044862825563' 'presentdestroyed']
 ['8' '130.5984053601328' 'present']
 ['5' '141.29412008758743' 'present']
 ['5' '149.48921063335288' 'present']
 ['8' '156.14816747425087' 'present']
 ['5' '209.2612014402228' 'present']
 ['8' '211.86929399658035' 'present']
 ['5' '223.1803394196126' 'present']
 ['5' '260.8371887931876' 'present']
 ['8' '261.032074464762' 'present']
 ['5' '267.7200743167927' 'present']
 ['5' '268.11949951157965' 'present']
 ['8' '268.54702431535935' 'present']
 ['5' '303.3581401103007' 'present']
 ['8' '304.9932214421971' 'present']
 ['5' '327.6857550061411' 'present']
 ['5' '327.9231407948413' 'present']
 ['5' '328.53593364091915' 'present']
 ['5' '331.90750547325496' 'present']
 ['5' '333.48016238811596' 'present']
 ['8' '333.51853915488925' 'present']
 ['5' '339.5693960042196' 'present']
 ['8' '342.7381541384418' 'present']
 ['8' '343.33821721437954' 'present']
 ['5' '349.43849195563894' 'present']]","[['F81' '98.20066881822015' 'mated']
 ['F170' '138.8389258163718' 'mated']
 ['F118' '161.49650996828777' 'mated']
 ['F68' '169.30339954849254' 'absent']
 ['F55' '223.4427937579494' 'mated']
 ['F185' '228.33358593410404' 'mated']
 ['F107' '234.07488504196124' 'absent']
 ['F165' '241.05813269594944' 'mated']
 ['F166' '279.16896954296425' 'mated']
 ['F93' '281.06559071310244' 'mated']]",1000.0,0.0,573.0,74.06534371872287,15.13851356437571,1501.0,256.4975098634042,55.40283945563553,146.0,24.41119774386505,5.046264422953636,13.0,1.3,0.13000000000000006,83.0,3.9384753616604375,0.18861454046639206
5,0.054,6,360.14344179289117,"[['4' '4.525477307856813' 'marauded']
 ['9' '9.295158098507656' 'destroyed']
 ['9' '21.2757212140199' 'marauded']
 ['1' '28.823126789988972' 'marauded']
 ['1' '49.884653117665856' 'present']
 ['1' '58.411414562492055' 'present']
 ['4' '61.47510399716141' 'present']
 ['1' '61.500595175487014' 'present']
 ['4' '63.34981669470448' 'present']
 ['9' '69.05198991539869' 'present']
 ['9' '76.06961635355992' 'present']
 ['1' '87.12897002261965' 'present']
 ['1' '93.40631793118239' 'present']
 ['1' '94.89050753737396' 'present']
 ['9' '105.161419388014' 'present']
 ['4' '112.57640408728426' 'marauded']
 ['1' '124.3725347347151' 'marauded']
 ['9' '127.8935868183099' 'presentdestroyed']
 ['4' '129.37412547977328' 'presentdestroyed']
 ['1' '138.2620346090562' 'present']
 ['9' '140.87709054553468' 'present']
 ['4' '141.36474640829118' 'present']
 ['4' '145.12895778131224' 'present']
 ['4' '148.14963472257642' 'present']
 ['9' '150.92120072080058' 'present']
 ['1' '154.301450551972' 'marauded']
 ['4' '168.43933371565188' 'present']
 ['9' '174.81996715836976' 'present']
 ['1' '180.43730625115074' 'present']
 ['4' '200.73884882425915' 'present']
 ['4' '202.51965274041203' 'present']
 ['9' '213.86419958313286' 'present']
 ['4' '215.0490658468957' 'present']
 ['1' '228.07287872897504' 'present']
 ['1' '231.75394209095256' 'present']
 ['9' '242.53168205199097' 'marauded']
 ['1' '246.30617084105126' 'destroyed']
 ['4' '248.23317070732656' 'destroyed']
 ['1' '251.6257040264269' 'present']
 ['4' '251.95328760308848' 'present']
 ['9' '271.40333418122344' 'present']
 ['9' '274.2786200098009' 'present']
 ['4' '278.89394718411546' 'marauded']
 ['4' '286.0575396280164' 'destroyed']
 ['1' '309.5915556127522' 'present']
 ['1' '310.17059235528075' 'present']
 ['1' '330.4853357470615' 'present']
 ['4' '333.5573389533913' 'present']
 ['1' '339.48880793044583' 'present']
 ['9' '341.41511993087545' 'marauded']
 ['1' '341.7331223086458' 'presentdestroyed']
 ['9' '343.52074491928386' 'presentdestroyed']
 ['1' '344.9579599038936' 'presentdestroyed']
 ['9' '355.6679082294383' 'present']
 ['4' '357.92402065298023' 'present']
 ['4' '359.4716030224087' 'present']]","[['F202' '109.42760262018268' 'mated']
 ['F186' '145.12758425713602' 'mated']
 ['F159' '167.5317954463376' 'absent']
 ['F159' '167.57809174263392' 'absent']
 ['F184' '169.02890925214632' 'mated']
 ['F44' '181.47423199747723' 'absent']
 ['F75' '199.36383013003913' 'absent']
 ['F53' '237.05686813686387' 'mated']
 ['F77' '250.07305603159247' 'destroyed']
 ['F84' '265.20315113339734' 'mated']
 ['F214' '265.47164411580343' 'mated']]",1000.0,1000.0,566.0,69.26950473675916,14.606196521568727,1356.0,230.5063490679621,48.92951755959904,325.0,55.072350944892165,11.941779307635594,15.0,1.5000000000000002,0.15000000000000008,80.0,3.76123336514441,0.17789780521261986
6,0.0,9,360.01161176685486,"[['5' '63.16238076872355' 'marauded']
 ['5' '132.3210243141443' 'present']
 ['5' '134.52267440566436' 'present']
 ['5' '141.801101189862' 'present']
 ['5' '142.79954904328062' 'marauded']
 ['5' '146.5577654244366' 'destroyed']
 ['5' '154.2887256265806' 'present']
 ['5' '184.9222783248155' 'present']
 ['5' '191.64459994026717' 'present']
 ['1' '215.17893394582853' 'present']
 ['5' '219.47670259352807' 'present']
 ['5' '237.52722742095514' 'present']
 ['5' '270.5449961689325' 'present']
 ['5' '291.5151298428736' 'marauded']
 ['5' '294.7278076789524' 'presentdestroyed']
 ['5' '338.47027344211693' 'present']]","[['F125' '75.07950753670923' 'absent']
 ['F197' '135.73930403401388' 'mated']
 ['F186' '145.10443610898787' 'destroyed']
 ['F159' '167.60123989078207' 'mated']
 ['F147' '168.17815715450232' 'absent']
 ['F3' '198.05664656879236' 'mated']
 ['F75' '199.38697827818729' 'mated']
 ['F168' '208.61774738430324' 'mated']
 ['F200' '244.07237585774345' 'mated']
 ['F212' '244.37550227171755' 'mated']
 ['F131' '286.79439378723544' 'mated']
 ['F63' '312.2470653517745' 'mated']]",1000.0,2000.0,562.0,73.2176805230122,16.273725059222254,1621.0,268.6081965686882,56.79799108681432,115.0,18.247927394523263,3.77054215512373,0.0,0.0,0.0,0.0,0.0,0.0
7,0.0,5,359.8234351325812,"[['4' '32.21657376211005' 'present']
 ['4' '64.71765279001254' 'present']
 ['4' '65.65307606456955' 'present']
 ['8' '66.32192837950244' 'present']
 ['4' '82.96528464906804' 'present']
 ['4' '98.44996691519582' 'marauded']
 ['4' '116.23772185325096' 'present']
 ['4' '193.36449287552796' 'present']
 ['4' '196.54415383366634' 'marauded']
 ['4' '204.57123969170738' 'present']
 ['4' '216.6540975658871' 'present']
 ['4' '224.51168963123175' 'present']
 ['4' '249.6066322719214' 'present']
 ['4' '261.4817336540309' 'present']
 ['4' '280.6398579557784' 'present']
 ['4' '290.289739052302' 'present']
 ['4' '293.1747915606276' 'present']
 ['4' '305.36526365557376' 'marauded']
 ['8' '312.13907978032313' 'presentdestroyed']
 ['4' '320.71889413479573' 'marauded']
 ['4' '328.2195907599024' 'present']
 ['4' '334.8896149645754' 'marauded']
 ['4' '343.80551103575584' 'present']]","[['F125' '75.10265568485738' 'absent']
 ['F151' '83.45483441424714' 'mated']
 ['F20' '170.13986950358975' 'absent']
 ['F20' '170.18616579988606' 'mated']
 ['F204' '172.48054323390195' 'mated']
 ['F3' '197.9872021243479' 'destroyed']
 ['F3' '198.0334984206442' 'destroyed']
 ['F107' '234.0980331901094' 'mated']
 ['F138' '254.90632048146148' 'mated']
 ['F12' '296.7649130625873' 'absent']]",1000.0,3000.0,546.0,75.12494263854035,16.27147230602228,1523.0,254.3084792723756,53.90376850876425,171.0,30.578617110838817,6.71508733650468,0.0,0.0,0.0,0.0,0.0,0.0
8,0.054,8,360.2913730961873,"[['4' '2.9799416101045533' 'present']
 ['4' '20.017021940028606' 'present']
 ['9' '22.39893217513278' 'present']
 ['9' '34.79085188666811' 'present']
 ['4' '47.217389080498855' 'present']
 ['4' '66.69537234589095' 'present']
 ['9' '71.07573049614355' 'present']
 ['9' '84.00662198012809' 'marauded']
 ['4' '84.34995568457524' 'presentdestroyed']
 ['4' '99.42211616351597' 'present']
 ['9' '109.89200021297036' 'present']
 ['4' '121.14565762628172' 'present']
 ['4' '135.71261064436877' 'present']
 ['9' '136.6000306317842' 'present']
 ['4' '175.36940267841177' 'present']
 ['4' '181.85926191674886' 'present']
 ['4' '183.25448543458242' 'present']
 ['9' '200.57679701418255' 'present']
 ['4' '200.78514512055546' 'present']
 ['4' '206.02499068288745' 'present']
 ['9' '209.83212657748334' 'present']
 ['9' '216.59401969676856' 'present']
 ['4' '217.37612644831378' 'present']
 ['4' '218.78220648034596' 'marauded']
 ['13' '237.65142115567326' 'marauded']
 ['9' '245.52571479258546' 'marauded']
 ['4' '248.07990692347812' 'presentdestroyed']
 ['4' '250.70997946641867' 'presentdestroyed']
 ['9' '250.7657372806099' 'presentdestroyed']
 ['9' '251.24618494155195' 'presentdestroyed']
 ['4' '286.177135953325' 'present']
 ['15' '344.3484601306996' 'present']
 ['4' '348.1010788427977' 'marauded']
 ['5' '352.16433009886856' 'destroyed']
 ['4' '358.55307906598085' 'present']]","[['F125' '75.14895198115369' 'absent']
 ['F47' '81.7846341713301' 'mated']
 ['F79' '156.3577145258551' 'mated']
 ['F68' '169.3265476966407' 'mated']
 ['F123' '172.0783917601944' 'mated']
 ['F14' '173.393970882731' 'mated']
 ['F96' '175.85271554042828' 'mated']
 ['F60' '182.1526822333569' 'mated']
 ['F28' '199.32830145124748' 'absent']
 ['F28' '199.3745977475438' 'absent']
 ['F55' '223.41964560980125' 'destroyed']
 ['F74' '243.7693409376567' 'destroyed']
 ['F67' '246.28701909240652' 'destroyed']
 ['F166' '279.1458213948161' 'absent']
 ['F5' '341.9059974697663' 'mated']]",2000.0,0.0,570.0,71.17439799305048,15.34148962671423,1491.0,252.3480498794258,54.04655344266493,194.0,30.80826337193634,6.423642359208194,14.0,1.4000000000000001,0.14000000000000007,91.0,4.30884573203081,0.20576131687242769
9,0.054,8,360.31638558106323,"[['13' '1.0908656239407963' 'marauded']
 ['8' '2.595077523972055' 'presentdestroyed']
 ['13' '3.765858182638432' 'presentdestroyed']
 ['8' '11.73554922171245' 'marauded']
 ['8' '13.096744434613667' 'presentdestroyed']
 ['5' '21.07945444543968' 'present']
 ['13' '22.76595412888019' 'marauded']
 ['8' '25.669768018670243' 'presentdestroyed']
 ['8' '27.593753439105935' 'presentdestroyed']
 ['13' '30.890461766381872' 'present']
 ['13' '38.85812025233172' 'present']
 ['8' '50.78317844374591' 'present']
 ['8' '76.34546473140685' 'marauded']
 ['5' '84.7105773690558' 'present']
 ['13' '85.7636470916822' 'marauded']
 ['5' '88.38782552967903' 'presentdestroyed']
 ['13' '93.24030692542058' 'destroyed']
 ['5' '95.154668529768' 'present']
 ['8' '95.91446996900373' 'present']
 ['13' '97.92571441738323' 'present']
 ['8' '99.23567962301242' 'present']
 ['8' '117.77451788896538' 'present']
 ['8' '134.5457149262146' 'present']
 ['13' '135.54344149195688' 'present']
 ['8' '139.9314692255338' 'present']
 ['13' '141.7887523292847' 'present']
 ['8' '150.5852084569721' 'present']
 ['13' '150.60619064832022' 'present']
 ['13' '152.1555985789887' 'present']
 ['4' '153.97994121569312' 'marauded']
 ['13' '158.17781997521968' 'destroyed']
 ['13' '163.6836222260464' 'marauded']
 ['13' '170.05513315624478' 'destroyed']
 ['8' '170.87449262567685' 'presentdestroyed']
 ['5' '170.99975561406166' 'presentdestroyed']
 ['5' '175.5589330240459' 'marauded']
 ['5' '177.52431096631298' 'presentdestroyed']
 ['8' '184.35831003632512' 'present']
 ['5' '192.82190771910524' 'marauded']
 ['13' '212.4655744884044' 'present']
 ['5' '214.21885616539342' 'present']
 ['13' '216.57224724028708' 'marauded']
 ['8' '228.97082014874388' 'present']
 ['13' '230.3400724159231' 'present']
 ['8' '231.9266829621097' 'present']
 ['8' '235.30126793806602' 'present']
 ['5' '238.6275834634354' 'present']
 ['5' '252.6681392454674' 'present']
 ['8' '256.4079240756016' 'present']
 ['5' '259.0279354357563' 'marauded']
 ['13' '261.7466216474836' 'presentdestroyed']
 ['5' '276.9285553482839' 'marauded']
 ['13' '283.5658964742572' 'destroyed']
 ['8' '294.2789557266309' 'present']
 ['5' '294.6815113826561' 'present']
 ['5' '300.2505042165993' 'present']
 ['5' '323.1602615036678' 'marauded']
 ['14' '325.0337542781173' 'presentdestroyed']
 ['13' '330.0599652361878' 'presentdestroyed']
 ['5' '330.5455276026624' 'destroyed']
 ['13' '331.58754980924033' 'marauded']
 ['5' '332.4513972269369' 'presentdestroyed']
 ['8' '333.56483545118556' 'presentdestroyed']
 ['13' '334.985050836062' 'destroyed']
 ['8' '339.31685513312783' 'present']
 ['13' '345.850255923746' 'present']
 ['13' '346.04949664272993' 'present']]","[['F125' '75.17210012930184' 'mated']
 ['F18' '91.86715509746735' 'absentdestroyed']
 ['F92' '100.79596469216102' 'mated']
 ['F202' '109.40445447203453' 'absent']
 ['F184' '169.00576110399817' 'absentdestroyed']
 ['F44' '181.45108384932908' 'absentdestroyed']
 ['F28' '199.30515330309933' 'destroyed']
 ['F28' '199.35144959939564' 'destroyed']
 ['F49' '201.94645990351398' 'mated']
 ['F46' '211.47981298828256' 'mated']
 ['F55' '223.3964974616531' 'destroyed']
 ['F97' '226.5908338684426' 'mated']
 ['F10' '237.45383880828885' 'mated']
 ['F52' '241.82117129041188' 'mated']
 ['F67' '246.31016724055468' 'mated']
 ['F77' '250.04990788344432' 'absent']
 ['F77' '250.09620417974062' 'absent']]",2000.0,1000.0,566.0,72.51115280732247,15.857462098216569,1168.0,196.98464278090066,42.29006406850814,492.0,86.04811211107024,19.040583989818398,13.0,1.3,0.13000000000000006,68.0,3.1673247019617166,0.14789094650205756
10,0.0,9,359.89525708276176,"[['14' '4.489803325842947' 'present']
 ['9' '42.698332332066634' 'present']
 ['9' '44.43108277276982' 'marauded']
 ['14' '94.08678614552119' 'present']
 ['9' '107.09025377111337' 'present']
 ['9' '108.5635130165783' 'present']
 ['9' '109.46527910336351' 'present']
 ['14' '113.43418153659995' 'present']
 ['9' '126.34368348763468' 'present']
 ['9' '137.23482273091284' 'present']
 ['14' '142.49896339909108' 'present']
 ['9' '143.7089677200708' 'present']
 ['14' '169.30489632255203' 'present']
 ['9' '200.62309331047885' 'marauded']
 ['14' '202.69251561800198' 'destroyed']
 ['9' '215.44612729142875' 'present']
 ['9' '228.48133877938383' 'present']
 ['9' '230.4032164264057' 'present']
 ['14' '235.4760112908323' 'present']
 ['9' '237.64566199972865' 'marauded']
 ['14' '239.8867477398364' 'presentdestroyed']
 ['14' '241.3274538206791' 'presentdestroyed']
 ['9' '245.47941849628916' 'present']
 ['9' '247.83991151884706' 'present']
 ['9' '289.88045311431307' 'marauded']
 ['9' '293.9085185313172' 'presentdestroyed']
 ['14' '295.2257607725964' 'presentdestroyed']
 ['14' '301.27370926231936' 'present']
 ['14' '304.78716369561005' 'marauded']
 ['14' '315.4728123364672' 'present']
 ['9' '318.3241073578356' 'present']
 ['9' '341.20882429978485' 'present']
 ['14' '349.4957522223544' 'present']
 ['9' '350.6577193556011' 'present']
 ['14' '351.1083123895558' 'present']]","[['F18' '91.8903032456155' 'mated']
 ['F2' '97.88954940098427' 'absent']
 ['F89' '117.34285950337969' 'mated']
 ['F142' '119.18569366475978' 'mated']
 ['F132' '192.20917172070756' 'mated']
 ['F13' '197.30021271633603' 'mated']
 ['F27' '200.1647376959493' 'mated']
 ['F187' '210.35692336877443' 'mated']
 ['F83' '210.793172553562' 'mated']
 ['F206' '270.7991903221469' 'mated']]",2000.0,2000.0,553.0,69.24555647314219,14.617338522840976,1522.0,259.95452724363184,56.08955061260705,181.0,30.801713864831324,6.423510065730482,0.0,0.0,0.0,0.0,0.0,0.0
11,0.0,10,359.91821401572037,"[['8' '5.356593291556003' 'present']
 ['8' '12.655387329681295' 'present']
 ['8' '12.701683625977592' 'present']
 ['8' '20.116470066244496' 'present']
 ['15' '58.26476757031818' 'present']
 ['15' '72.08052558474401' 'present']
 ['15' '81.86062820067191' 'present']
 ['8' '98.13088192590595' 'present']
 ['8' '101.2881258401624' 'marauded']
 ['8' '105.73034317532404' 'presentdestroyed']
 ['8' '112.31994830395918' 'marauded']
 ['15' '118.48365994061193' 'presentdestroyed']
 ['8' '119.52465708377632' 'present']
 ['8' '140.97946798614242' 'present']
 ['15' '147.1319175472183' 'marauded']
 ['8' '150.24155340654767' 'presentdestroyed']
 ['8' '150.5389121606758' 'presentdestroyed']
 ['15' '160.4995797925999' 'present']
 ['8' '160.9922269257582' 'present']
 ['15' '175.41841641683575' 'present']
 ['15' '187.4984829426789' 'present']
 ['15' '190.73329164672606' 'present']
 ['15' '190.77958794302236' 'present']
 ['15' '197.66082224304373' 'present']
 ['4' '204.31688007467682' 'present']
 ['15' '212.08128500415293' 'present']
 ['8' '236.29260894375216' 'present']
 ['8' '236.48031422231645' 'present']
 ['15' '245.0191383483274' 'present']
 ['8' '245.51743233815864' 'present']
 ['15' '249.365978905467' 'present']
 ['15' '250.9014927174181' 'marauded']
 ['15' '257.7630763937995' 'destroyed']
 ['8' '258.73029428124715' 'destroyed']
 ['8' '302.7532066863284' 'present']
 ['15' '309.64532197036783' 'present']
 ['8' '339.8217650164188' 'present']
 ['8' '359.93462975797394' 'present']]","[['F194' '68.00307439605419' 'mated']
 ['F125' '75.12580383300553' 'absent']
 ['F50' '117.44266714242161' 'destroyed']
 ['F19' '121.21830750183108' 'mated']
 ['F59' '124.94199295602063' 'mated']
 ['F146' '125.12727709487967' 'mated']
 ['F45' '127.01141401917747' 'mated']
 ['F196' '137.7913459037221' 'mated']
 ['F35' '193.0066039025534' 'mated']
 ['F185' '228.3008495090491' 'absent']
 ['F191' '267.69190695899147' 'mated']
 ['F104' '273.4021042561545' 'mated']
 ['F143' '359.070551383306' 'mated']]",2000.0,3000.0,560.0,70.90759278755485,14.86173262145271,1564.0,264.701856340648,57.25684255989113,129.0,24.41295359701368,5.6795896114360795,0.0,0.0,0.0,0.0,0.0,0.0
12,0.0,11,359.98633667885576,"[['15' '2.9598640830997867' 'present']
 ['8' '8.050531126661227' 'present']
 ['8' '9.260745810873766' 'present']
 ['8' '13.559423427997874' 'marauded']
 ['15' '18.12022311152629' 'presentdestroyed']
 ['8' '18.13792447086401' 'destroyed']
 ['15' '18.182805385323654' 'destroyed']
 ['13' '22.194504629035784' 'marauded']
 ['13' '23.55132265138845' 'presentdestroyed']
 ['15' '24.51488568860554' 'destroyed']
 ['8' '26.39133756507187' 'destroyed']
 ['8' '27.803838005190315' 'presentdestroyed']
 ['8' '39.23398245329573' 'present']
 ['15' '41.46383056141486' 'present']
 ['15' '53.270070535603786' 'present']
 ['8' '59.8645018602076' 'present']
 ['15' '64.09497556978275' 'present']
 ['8' '98.83702559726095' 'present']
 ['8' '107.96812312100312' 'marauded']
 ['8' '125.0097008968488' 'present']
 ['8' '127.43546489248045' 'present']
 ['13' '141.0060567109515' 'present']
 ['8' '161.63957633476562' 'marauded']
 ['15' '166.556774276468' 'presentdestroyed']
 ['15' '170.2920074516111' 'present']
 ['15' '175.5743961987197' 'present']
 ['13' '179.7693181092457' 'present']
 ['15' '181.14160213392336' 'present']
 ['15' '187.29006291916812' 'present']
 ['15' '187.5447792389752' 'marauded']
 ['8' '189.27199620480735' 'destroyed']
 ['8' '196.539111189726' 'present']
 ['15' '201.92487482939634' 'present']
 ['15' '201.97117112569265' 'present']
 ['13' '211.04635650330388' 'present']
 ['15' '223.72222262966235' 'present']
 ['13' '226.00245023312414' 'present']
 ['15' '226.29117594246412' 'marauded']
 ['13' '229.84188910098666' 'presentdestroyed']
 ['15' '234.9783044160435' 'marauded']
 ['15' '237.59170681569935' 'destroyed']
 ['13' '257.58239135442096' 'present']
 ['13' '262.1437928223845' 'present']
 ['13' '262.24963246376666' 'present']
 ['8' '270.5311240075961' 'present']
 ['8' '275.41164917624167' 'marauded']
 ['8' '293.4606843685886' 'marauded']
 ['15' '294.25927717896747' 'presentdestroyed']
 ['13' '298.15792248325187' 'presentdestroyed']
 ['8' '299.4201008236971' 'presentdestroyed']
 ['15' '304.00785323870696' 'present']
 ['8' '306.7845158318863' 'present']
 ['8' '322.67521685269924' 'present']
 ['8' '327.7498198431386' 'marauded']
 ['13' '338.6574424733042' 'present']
 ['13' '339.618051200407' 'marauded']
 ['8' '339.8680613127151' 'presentdestroyed']
 ['15' '345.7063339566815' 'destroyed']
 ['8' '359.5187860909583' 'marauded']]","[['F33' '54.16743243283572' 'mated']
 ['F100' '102.38949369321405' 'mated']
 ['F117' '142.5335988390542' 'mated']
 ['F90' '147.43897032213872' 'mated']
 ['F133' '177.14402903814903' 'mated']
 ['F11' '191.94243150415298' 'destroyed']
 ['F11' '191.98872780044928' 'destroyed']
 ['F28' '199.39774589569194' 'absent']
 ['F210' '212.66257345253229' 'mated']
 ['F34' '216.6320536991988' 'absent']
 ['F157' '218.47114167982932' 'mated']
 ['F205' '230.99480700274626' 'destroyed']
 ['F198' '243.53361461403676' 'mated']
 ['F74' '243.79248908580485' 'mated']
 ['F175' '244.9333621767495' 'mated']
 ['F119' '292.45102026599227' 'mated']
 ['F176' '333.6643799573247' 'destroyed']]",3000.0,0.0,570.0,72.82923445423322,14.767453892106117,1271.0,219.5217394710319,47.53001713066422,404.0,67.71423049602998,14.572454565509776,0.0,0.0,0.0,0.0,0.0,0.0
13,0.054,8,360.2070705018651,"[['14' '6.769108626514729' 'marauded']
 ['14' '19.154333500564025' 'present']
 ['14' '44.35087087735687' 'present']
 ['17' '57.12638570855001' 'marauded']
 ['14' '61.93317055930528' 'presentdestroyed']
 ['14' '65.48774236767441' 'marauded']
 ['14' '65.63403866397071' 'destroyed']
 ['9' '71.61030488243982' 'presentdestroyed']
 ['14' '98.04149638629093' 'present']
 ['14' '98.1613662775859' 'marauded']
 ['9' '103.22472127102857' 'presentdestroyed']
 ['14' '106.01960059722852' 'present']
 ['9' '108.86794875654147' 'present']
 ['17' '110.43186134676601' 'present']
 ['9' '113.45180767016858' 'present']
 ['17' '116.03304765566627' 'present']
 ['9' '116.35488125951296' 'marauded']
 ['17' '125.44266320126046' 'marauded']
 ['9' '132.24871999603096' 'destroyed']
 ['9' '141.22214094131004' 'present']
 ['14' '144.1811496517703' 'present']
 ['9' '145.2540673082265' 'present']
 ['14' '158.73378761955996' 'present']
 ['17' '160.5089592423977' 'present']
 ['14' '170.25727981583313' 'present']
 ['14' '172.13443939630594' 'marauded']
 ['14' '179.73937503093788' 'present']
 ['17' '187.74695545214965' 'marauded']
 ['17' '188.7967058481868' 'destroyed']
 ['17' '203.02265335460677' 'present']
 ['8' '209.18825449097022' 'present']
 ['14' '209.57267863552386' 'present']
 ['9' '213.91049587942916' 'present']
 ['9' '230.449512722702' 'marauded']
 ['14' '245.35664503834025' 'marauded']
 ['9' '246.6961461921475' 'presentdestroyed']
 ['14' '248.8863896765711' 'presentdestroyed']
 ['14' '257.2296520927364' 'present']
 ['17' '258.20986386914143' 'present']
 ['14' '259.7948594952976' 'present']
 ['14' '262.54427749558386' 'present']
 ['17' '268.1521875008424' 'present']
 ['9' '274.0064791915946' 'marauded']
 ['14' '275.19777337862735' 'destroyed']
 ['9' '285.0734683961997' 'present']
 ['9' '288.0757324999609' 'marauded']
 ['9' '293.9548148276135' 'presentdestroyed']
 ['17' '294.46687682436277' 'presentdestroyed']
 ['9' '300.796213327217' 'present']
 ['14' '301.8130863766313' 'present']
 ['9' '302.575729164611' 'present']
 ['8' '304.7294397592156' 'present']
 ['17' '313.6577072863353' 'marauded']
 ['14' '314.05463666226484' 'presentdestroyed']
 ['17' '317.54130200174893' 'presentdestroyed']
 ['17' '320.5152452531509' 'presentdestroyed']
 ['14' '321.12107628087335' 'presentdestroyed']
 ['17' '346.15143214249906' 'present']
 ['9' '347.5960632796926' 'present']
 ['14' '351.45654010193357' 'present']
 ['9' '353.3343294859496' 'present']
 ['17' '359.5869518937227' 'present']]","[['F82' '93.0947507469904' 'mated']
 ['F50' '117.4985517156247' 'destroyed']
 ['F108' '123.60861251787256' 'destroyed']
 ['F154' '131.1185006389694' 'destroyed']
 ['F116' '157.6324783429918' 'absent']
 ['F54' '163.64979425327383' 'absent']
 ['F161' '164.17138851357998' 'mated']
 ['F44' '181.42793570118093' 'absent']
 ['F71' '185.58142605874616' 'mated']
 ['F11' '191.91928335600483' 'destroyed']
 ['F11' '191.96557965230113' 'destroyed']
 ['F11' '192.01187594859744' 'destroyed']
 ['F28' '211.4208940438401' 'mated']
 ['F205' '230.9716588545981' 'destroyed']
 ['F124' '241.3021653929429' 'mated']
 ['F77' '250.11935232788878' 'absentdestroyed']
 ['F207' '260.303321202055' 'mated']
 ['F87' '277.8735799775933' 'absentdestroyed']
 ['F51' '332.67655324437044' 'mated']
 ['F176' '333.68752810547284' 'mated']]",3000.0,1000.0,562.0,74.05649029770916,17.104984981928823,1228.0,201.7763050786468,42.42266352615472,473.0,79.15771152844071,16.937511629430798,17.0,1.7000000000000004,0.1700000000000001,77.0,3.603167922441952,0.16932441700960202
14,0.054,11,360.2279107339235,"[['15' '21.695090407883686' 'marauded']
 ['13' '36.244672319252096' 'marauded']
 ['13' '41.055930887414526' 'presentdestroyed']
 ['15' '43.74797651372817' 'destroyed']
 ['15' '45.05562046911858' 'present']
 ['13' '48.25455603246757' 'marauded']
 ['15' '49.77293436654433' 'destroyed']
 ['15' '58.31106386661447' 'present']
 ['13' '64.17430237229999' 'present']
 ['15' '82.50587317079449' 'present']
 ['13' '91.52987362174278' 'present']
 ['15' '114.63917303317544' 'marauded']
 ['13' '124.69685751146693' 'present']
 ['15' '126.04967554381255' 'present']
 ['15' '133.63818644410296' 'marauded']
 ['13' '161.0312147025562' 'present']
 ['13' '167.97978185290083' 'present']
 ['15' '168.71355069803744' 'present']
 ['13' '170.31383335403595' 'present']
 ['13' '180.3825591185954' 'present']
 ['15' '181.80173757610436' 'present']
 ['13' '187.52378646812892' 'present']
 ['13' '187.7093582349215' 'marauded']
 ['15' '202.01746742198895' 'present']
 ['13' '206.3361124599793' 'present']
 ['13' '212.4192781921081' 'present']
 ['13' '215.8801357514382' 'present']
 ['15' '221.80111738265688' 'present']
 ['15' '222.9062871030355' 'present']
 ['15' '224.32827936094532' 'present']
 ['15' '224.76184092065972' 'present']
 ['13' '227.0278967485668' 'present']
 ['15' '246.83922862969223' 'present']
 ['13' '257.62868765071727' 'present']
 ['13' '262.20333616747035' 'present']
 ['15' '303.54518548473686' 'present']
 ['13' '309.66773884615156' 'present']
 ['15' '325.5215047996889' 'marauded']
 ['13' '340.26373591967655' 'marauded']
 ['13' '341.2000946374738' 'presentdestroyed']
 ['15' '347.19511563354723' 'destroyed']
 ['15' '353.54592707653813' 'present']
 ['13' '355.81516547813726' 'marauded']]","[['F64' '38.48244207623022' 'destroyed']
 ['F158' '47.360283594395774' 'absent']
 ['F9' '64.52411744293356' 'mated']
 ['F2' '97.91269754913242' 'mated']
 ['F134' '106.36672409265782' 'mated']
 ['F140' '112.87253636636235' 'mated']
 ['F50' '117.47540356747655' 'destroyed']
 ['F108' '123.63176066602071' 'mated']
 ['F17' '125.27258106658513' 'mated']
 ['F94' '153.38173435373488' 'absent']
 ['F164' '153.38602482026295' 'absent']
 ['F116' '157.65562649113994' 'mated']
 ['F70' '166.11444650597753' 'mated']
 ['F179' '170.82822752414535' 'absent']
 ['F128' '177.75186743704234' 'mated']
 ['F11' '204.0350240967456' 'mated']
 ['F205' '231.04110329904256' 'absent']
 ['F209' '245.06065582576016' 'mated']
 ['F51' '332.6534050962223' 'destroyed']]",3000.0,2000.0,563.0,72.82602658059027,15.977432249912713,1329.0,230.57658825287726,49.929130149139354,301.0,52.05296448666742,11.117894822713591,11.0,1.0999999999999999,0.11000000000000004,80.0,3.742056811330841,0.17575445816186538
15,0.054,15,360.4160825621724,"[['14' '31.03906350733365' 'present']
 ['14' '75.8182443993053' 'present']
 ['14' '87.72237812975573' 'present']
 ['14' '101.90300692892407' 'marauded']
 ['14' '155.88636666080754' 'present']
 ['14' '186.29449725591596' 'present']
 ['14' '210.00569908786227' 'present']
 ['8' '229.7686250540235' 'present']
 ['14' '257.3095789614959' 'present']
 ['14' '287.595987077829' 'present']
 ['14' '290.8066073663305' 'present']
 ['14' '333.85616077218486' 'present']
 ['14' '334.1383390178292' 'marauded']
 ['14' '348.4222192089404' 'present']]","[['F126' '36.99851162225144' 'mated']
 ['F201' '44.988440675456665' 'mated']
 ['F158' '47.38343174254392' 'mated']
 ['F66' '64.64915208107207' 'mated']
 ['F114' '135.41439809247206' 'mated']
 ['F94' '153.40488250188304' 'mated']
 ['F164' '153.4091729684111' 'mated']
 ['F199' '188.69466452007873' 'mated']
 ['F189' '221.8710333351933' 'mated']
 ['F21' '226.8595632274924' 'mated']
 ['F205' '231.0179551508944' 'absent']
 ['F209' '245.037507677612' 'absent']
 ['F137' '248.91624378049693' 'mated']
 ['F31' '250.7590252011443' 'mated']
 ['F190' '277.4856846034857' 'mated']
 ['F61' '287.19795894235494' 'mated']
 ['F102' '299.013824083194' 'mated']]",3000.0,3000.0,571.0,71.82777777343065,14.929172535717385,1647.0,270.7371510107034,56.78305026640677,71.0,12.2102105116786,2.719693738053646,13.0,1.3,0.13000000000000006,84.0,3.946418550329595,0.18647119341563761
16,0.0,5,360.26708753600366,"[['17' '17.11375011121769' 'present']
 ['17' '17.492475917151936' 'present']
 ['17' '20.324256425029116' 'marauded']
 ['17' '45.64990976026567' 'present']
 ['17' '50.91827166859075' 'present']
 ['17' '66.09548451091766' 'present']
 ['17' '87.06144613421029' 'marauded']
 ['20' '89.08777319774853' 'presentdestroyed']
 ['17' '93.64229491856032' 'presentdestroyed']
 ['17' '94.32770831150461' 'presentdestroyed']
 ['20' '107.1657350408572' 'present']
 ['20' '109.51905408515094' 'present']
 ['20' '114.79741087664381' 'present']
 ['17' '116.7850755618224' 'marauded']
 ['17' '144.87215167735533' 'present']
 ['17' '179.14474197857808' 'present']
 ['20' '179.54613093430925' 'present']
 ['20' '182.13321513995263' 'present']
 ['20' '194.507245737891' 'marauded']
 ['17' '194.8916028824729' 'presentdestroyed']
 ['20' '196.45041768447297' 'presentdestroyed']
 ['15' '197.60493766984064' 'presentdestroyed']
 ['20' '200.24063923490678' 'destroyed']
 ['20' '205.0005660672036' 'present']
 ['20' '205.59521857246062' 'present']
 ['17' '216.43966020354017' 'marauded']
 ['20' '217.26579731903234' 'presentdestroyed']
 ['20' '223.16030503094487' 'destroyed']
 ['17' '228.92016671202583' 'marauded']
 ['20' '233.8392725831499' 'destroyed']
 ['17' '236.69022723016533' 'present']
 ['20' '239.62588426950288' 'marauded']
 ['17' '259.7922571513406' 'present']
 ['17' '266.9961301102507' 'present']
 ['20' '271.58742881455254' 'present']
 ['20' '279.46052790267225' 'present']
 ['17' '280.33021964488967' 'present']
 ['17' '289.149652328175' 'present']
 ['17' '291.1035882254895' 'present']
 ['17' '293.1183954049554' 'present']
 ['20' '323.8181222200677' 'marauded']
 ['17' '325.1995810645887' 'presentdestroyed']
 ['20' '340.08164372587083' 'present']
 ['17' '340.91760039163705' 'marauded']
 ['17' '349.915369107069' 'present']
 ['20' '353.0057498722809' 'present']]","[['F122' '35.05113989260396' 'absent']
 ['F72' '49.254079995840584' 'mated']
 ['F162' '53.00219527135205' 'mated']
 ['F33' '54.14428428468757' 'absent']
 ['F65' '154.14536901030408' 'mated']
 ['F69' '154.33287885092312' 'mated']
 ['F120' '209.61864177045283' 'absent']
 ['F34' '216.60890555105064' 'destroyed']
 ['F34' '216.65520184734694' 'destroyed']
 ['F144' '221.28941393023686' 'absentdestroyed']
 ['F73' '227.75511498456007' 'mated']
 ['F215' '230.03432966108437' 'destroyed']
 ['F23' '234.37456901179505' 'destroyed']
 ['F29' '242.42514479622838' 'destroyed']
 ['F178' '260.46973232155347' 'absent']]",4000.0,0.0,559.0,69.802978889253,14.60433569018653,1406.0,235.03314746685334,49.80493432640834,320.0,55.34740409228525,12.050822176917258,0.0,0.0,0.0,0.0,0.0,0.0
17,0.054,13,360.64468730104954,"[['13' '3.6195618863421353' 'marauded']
 ['20' '32.6045556807197' 'marauded']
 ['13' '37.025407741070836' 'presentdestroyed']
 ['13' '80.58884754258399' 'present']
 ['13' '81.3391995825746' 'present']
 ['13' '92.94495810101807' 'present']
 ['13' '112.19149524704817' 'present']
 ['22' '122.0027933234055' 'present']
 ['13' '138.67326205060772' 'present']
 ['13' '148.5928841196264' 'marauded']
 ['13' '156.0755543218941' 'presentdestroyed']
 ['13' '159.1591815622365' 'present']
 ['13' '240.66452160243213' 'marauded']
 ['13' '255.60849154939874' 'present']
 ['13' '259.48545776712444' 'present']
 ['13' '261.85915715079557' 'present']
 ['20' '268.30946552038466' 'present']
 ['22' '326.5873132436026' 'present']
 ['13' '354.92381801895516' 'present']]","[['F136' '66.14065500806896' 'mated']
 ['F50' '117.52169986377285' 'mated']
 ['F154' '131.14164878711756' 'mated']
 ['F7' '132.17330861412518' 'mated']
 ['F36' '148.5894095820495' 'absent']
 ['F54' '163.67294240142198' 'mated']
 ['F160' '192.76758079953092' 'mated']
 ['F144' '221.312562078385' 'mated']
 ['F30' '229.89727919281984' 'mated']
 ['F205' '231.0738397240975' 'mated']
 ['F39' '238.78484461256446' 'mated']
 ['F124' '241.27901724479474' 'destroyed']
 ['F77' '250.14250047603693' 'mated']
 ['F87' '277.89672812574145' 'mated']
 ['F85' '308.18458527957756' 'mated']]",4000.0,1000.0,554.0,71.61331085433282,14.742501255792254,1554.0,258.2996528125191,54.676960241657206,142.0,24.37603212174031,5.425173356069425,17.0,1.7000000000000004,0.1700000000000001,91.0,4.251316070590103,0.19933127572016426
18,0.0,15,360.07339540083876,"[['22' '1.598184302719689' 'marauded']
 ['17' '2.2937341808886464' 'presentdestroyed']
 ['14' '3.4964122020092363' 'presentdestroyed']
 ['14' '12.656993729617419' 'present']
 ['17' '13.767272731378904' 'present']
 ['17' '28.646598388873336' 'present']
 ['17' '32.17963746122738' 'present']
 ['22' '41.54584509339991' 'marauded']
 ['17' '52.663867458911774' 'present']
 ['14' '57.9061108431055' 'present']
 ['17' '66.04918821462135' 'present']
 ['15' '73.92447417829722' 'marauded']
 ['14' '75.771948103009' 'presentdestroyed']
 ['17' '93.59599862226402' 'present']
 ['14' '101.4100461223762' 'present']
 ['22' '108.35298918954784' 'present']
 ['14' '109.46705871788187' 'marauded']
 ['13' '113.62850560167092' 'presentdestroyed']
 ['17' '125.71355173030497' 'present']
 ['14' '128.15830313774424' 'present']
 ['17' '128.72151576815193' 'marauded']
 ['22' '140.43347062105434' 'present']
 ['14' '158.78008391585627' 'present']
 ['22' '161.65190282615313' 'present']
 ['17' '175.93696384444084' 'present']
 ['22' '178.89209561838067' 'present']
 ['14' '179.15874243527935' 'present']
 ['17' '182.1958288762861' 'present']
 ['17' '187.32888989530258' 'present']
 ['22' '193.737257298213' 'present']
 ['14' '196.17184173092994' 'present']
 ['17' '200.13673267353337' 'present']
 ['22' '200.1772003603106' 'present']
 ['17' '201.4111016983777' 'present']
 ['14' '206.27625845202687' 'present']
 ['22' '217.02252985582814' 'present']
 ['17' '218.18305124595534' 'present']
 ['14' '219.75894323497397' 'marauded']
 ['22' '227.0884723345377' 'presentdestroyed']
 ['17' '239.00699724556836' 'present']
 ['22' '249.9914895288012' 'present']
 ['17' '251.14706010494245' 'present']
 ['22' '257.7695389397632' 'present']
 ['14' '261.2255950730858' 'present']
 ['17' '263.1486261970809' 'present']
 ['14' '263.4516661174609' 'present']
 ['14' '265.90505056793126' 'present']
 ['14' '270.6554897859362' 'present']
 ['17' '272.8161270777024' 'present']
 ['14' '273.55750120123184' 'present']
 ['14' '276.970843045811' 'present']
 ['17' '281.334320519146' 'present']
 ['14' '281.73926299361904' 'present']
 ['17' '285.0691160137641' 'marauded']
 ['22' '292.4039895978696' 'presentdestroyed']
 ['14' '295.6817294425126' 'present']
 ['14' '300.80691644261674' 'present']
 ['14' '302.1174235274114' 'present']
 ['14' '302.76554297239124' 'present']
 ['17' '313.97168120104953' 'present']
 ['17' '318.46814118454625' 'present']
 ['14' '320.36394847392927' 'marauded']
 ['22' '321.200042289614' 'destroyed']
 ['17' '325.695131958461' 'presentdestroyed']
 ['22' '335.1442519879816' 'present']
 ['14' '349.2852664957547' 'present']]","[['F64' '38.505590224378366' 'mated']
 ['F158' '47.33713544624763' 'absentdestroyed']
 ['F106' '66.48926835863726' 'mated']
 ['F86' '73.99030350746835' 'absentdestroyed']
 ['F17' '125.24943291843698' 'absent']
 ['F7' '132.15016046597702' 'destroyed']
 ['F36' '148.56626143390136' 'absent']
 ['F36' '148.61255773019766' 'mated']
 ['F192' '161.8640943964978' 'absent']
 ['F25' '164.25175894564399' 'mated']
 ['F171' '168.2188538012686' 'mated']
 ['F15' '170.77786140712456' 'absent']
 ['F15' '170.82415770342087' 'mated']
 ['F179' '170.8513756722935' 'mated']
 ['F4' '171.8500794981075' 'mated']
 ['F188' '175.6695301376373' 'mated']
 ['F88' '181.5698883048079' 'mated']
 ['F211' '214.48070970703554' 'mated']
 ['F0' '224.6120166501609' 'destroyed']
 ['F208' '249.94584720928935' 'mated']
 ['F91' '255.24109181986043' 'mated']
 ['F16' '303.91183662541636' 'mated']
 ['F1' '304.12000066079037' 'mated']]",4000.0,2000.0,569.0,71.62314220742829,14.610632358413525,1417.0,239.36635723018878,50.76577274408638,300.0,49.01217831104892,9.869866416104387,0.0,0.0,0.0,0.0,0.0,0.0
19,0.0,11,359.968389910612,"[['15' '4.926702851080465' 'present']
 ['15' '6.395506617589905' 'present']
 ['23' '8.389925100046774' 'present']
 ['23' '13.313534920501011' 'present']
 ['15' '17.893907224687606' 'present']
 ['15' '23.589725016276642' 'present']
 ['15' '28.082189361719756' 'present']
 ['15' '43.70168021743188' 'present']
 ['23' '51.79882899189557' 'marauded']
 ['23' '84.22781446631437' 'present']
 ['23' '84.27411076261068' 'present']
 ['23' '90.07284466142167' 'present']
 ['23' '93.44840185272982' 'present']
 ['23' '120.8554089161552' 'present']
 ['14' '122.8499498747656' 'present']
 ['15' '124.66951383765782' 'present']
 ['23' '128.24586160164716' 'marauded']
 ['23' '137.93595987610584' 'present']
 ['23' '142.31671487374848' 'present']
 ['15' '149.27692844787208' 'marauded']
 ['15' '154.80085707263078' 'presentdestroyed']
 ['15' '159.32833876431113' 'present']
 ['23' '171.90366419490192' 'present']
 ['15' '173.92896980969755' 'present']
 ['22' '184.87320877563002' 'present']
 ['15' '187.33635921546443' 'present']
 ['15' '190.47620138109' 'marauded']
 ['15' '197.30001070820904' 'presentdestroyed']
 ['23' '200.83085885982914' 'present']
 ['23' '218.05029603391418' 'marauded']
 ['23' '221.47110576552228' 'presentdestroyed']
 ['15' '224.5338305209407' 'presentdestroyed']
 ['23' '227.31558926313275' 'present']
 ['15' '232.71682129822563' 'present']
 ['23' '244.1047023996782' 'marauded']
 ['15' '251.2811163730032' 'present']
 ['15' '270.04550606095904' 'present']
 ['23' '271.3804644315539' 'present']
 ['23' '274.94476129472827' 'marauded']
 ['15' '291.03118576593727' 'marauded']
 ['23' '293.4831181973813' 'presentdestroyed']
 ['23' '304.84955290878946' 'present']
 ['15' '308.3056979711875' 'present']
 ['23' '318.63332445140287' 'marauded']
 ['15' '326.84385941753527' 'present']
 ['23' '330.51210477606816' 'present']
 ['23' '330.7143863842069' 'present']
 ['23' '339.6222143868917' 'present']]","[['F101' '8.416451558555988' 'mated']
 ['F122' '35.07428804075211' 'mated']
 ['F162' '52.979047123203905' 'destroyed']
 ['F150' '76.90281792095382' 'mated']
 ['F110' '114.20464749057726' 'mated']
 ['F41' '117.27472106931287' 'mated']
 ['F6' '123.87821959716743' 'mated']
 ['F114' '135.3912499443239' 'destroyed']
 ['F111' '136.34551771308244' 'mated']
 ['F127' '151.58246861016647' 'destroyed']
 ['F195' '158.22634700430828' 'mated']
 ['F192' '161.88724254464594' 'absent']
 ['F152' '197.4313034333578' 'destroyed']
 ['F120' '209.64178991860098' 'mated']
 ['F115' '211.85000155323812' 'mated']
 ['F211' '214.4575615588874' 'absent']
 ['F0' '224.63516479830906' 'destroyed']
 ['F23' '234.3514208636469' 'absent']
 ['F137' '248.89309563234877' 'destroyed']
 ['F57' '354.48245589270596' 'mated']]",4000.0,3000.0,560.0,69.8045702122184,14.18058051229797,1355.0,234.7453182085889,50.90565536158547,326.0,55.5236794934243,11.768921332091729,0.0,0.0,0.0,0.0,0.0,0.0
20,0.054,12,360.2250746459052,"[['23' '21.049726924315586' 'present']
 ['23' '27.797508862055153' 'present']
 ['23' '34.15485779781491' 'present']
 ['23' '41.62180903929365' 'marauded']
 ['23' '48.39922762644401' 'presentdestroyed']
 ['23' '49.8234426363506' 'marauded']
 ['23' '57.717003625539505' 'present']
 ['23' '58.70973459346032' 'present']
 ['23' '73.89879790120496' 'present']
 ['23' '90.11914095771797' 'present']
 ['23' '92.46781889253432' 'present']
 ['23' '132.13369055797784' 'marauded']
 ['23' '132.53198238857746' 'presentdestroyed']
 ['23' '157.39142359296048' 'present']
 ['23' '158.1387893674236' 'present']
 ['23' '164.43408432283633' 'present']
 ['23' '166.89388672982787' 'present']
 ['23' '172.53448598205478' 'present']
 ['23' '223.81983500779342' 'present']
 ['23' '263.0588170914851' 'present']
 ['23' '283.4393927241936' 'present']
 ['23' '287.56554488092297' 'marauded']
 ['23' '289.04549555294415' 'presentdestroyed']
 ['23' '317.77340958271697' 'present']
 ['23' '335.1860648919543' 'present']
 ['23' '337.0218923170723' 'present']]","[['F130' '30.98659605884011' 'mated']
 ['F139' '36.44779038084902' 'mated']
 ['F72' '49.18463555139615' 'destroyed']
 ['F72' '49.23093184769244' 'destroyed']
 ['F33' '54.12113613653943' 'destroyed']
 ['F105' '89.74461957394196' 'mated']
 ['F192' '161.91997896970088' 'mated']
 ['F152' '197.47759972965412' 'mated']
 ['F38' '198.83014480676889' 'mated']
 ['F163' '204.80872413614918' 'mated']
 ['F172' '205.81826068382247' 'mated']
 ['F24' '219.02760680962842' 'absent']
 ['F215' '230.05747780923252' 'mated']
 ['F23' '234.3977171599432' 'mated']
 ['F124' '241.23272094849844' 'absent']
 ['F29' '242.44829294437653' 'mated']
 ['F178' '260.4928804697016' 'mated']]",5000.0,0.0,556.0,73.05910315361012,16.651217364335213,1533.0,256.94603412376625,55.097298220513,140.0,24.63736366815342,5.40050692865291,17.0,1.7000000000000004,0.1700000000000001,79.0,3.753290176475252,0.18004115226337433
21,0.0,2,360.1936626722941,"[['20' '2.08758184682165' 'present']
 ['22' '3.0777520661153868' 'present']
 ['22' '5.127809437194941' 'present']
 ['17' '13.371836251338458' 'present']
 ['20' '14.672937547897632' 'present']
 ['17' '20.555162884376497' 'present']
 ['17' '21.850186035280526' 'marauded']
 ['20' '26.66687881407654' 'destroyed']
 ['1' '27.82618191223053' 'presentdestroyed']
 ['1' '34.4531426003306' 'marauded']
 ['22' '36.742494532238766' 'presentdestroyed']
 ['1' '40.67842274078893' 'presentdestroyed']
 ['17' '48.363028021172944' 'present']
 ['1' '59.934694290660616' 'present']
 ['20' '68.105873064698' 'present']
 ['17' '75.5195928039929' 'marauded']
 ['22' '77.59543722781322' 'presentdestroyed']
 ['20' '84.49737835959357' 'present']
 ['17' '85.38846232895592' 'marauded']
 ['1' '86.24887806988525' 'presentdestroyed']
 ['20' '92.240953983107' 'presentdestroyed']
 ['17' '92.27516205566796' 'presentdestroyed']
 ['20' '97.01304705111065' 'marauded']
 ['1' '98.36024272324165' 'presentdestroyed']
 ['20' '99.36853226183348' 'presentdestroyed']
 ['17' '99.48440688432068' 'presentdestroyed']
 ['17' '102.6125866786219' 'presentdestroyed']
 ['17' '104.55490196917988' 'presentdestroyed']
 ['1' '105.46037959748517' 'present']
 ['22' '112.97855036445632' 'present']
 ['20' '116.08878767598209' 'present']
 ['17' '118.4226039969463' 'present']
 ['17' '125.75984802660128' 'present']
 ['22' '135.25332721302877' 'present']
 ['1' '139.34570634987674' 'present']
 ['1' '140.2637424033478' 'present']
 ['22' '141.91323299625796' 'present']
 ['17' '147.50958040990872' 'marauded']
 ['22' '149.8408342534166' 'presentdestroyed']
 ['20' '156.71330455663005' 'present']
 ['22' '171.1213219892905' 'present']
 ['20' '171.71905685992047' 'present']
 ['17' '172.7877461649466' 'present']
 ['20' '173.40862970021342' 'present']
 ['1' '175.40236933834134' 'present']
 ['17' '178.6052082458148' 'present']
 ['17' '178.6515045421111' 'present']
 ['17' '179.60442430922186' 'present']
 ['1' '182.13374085039646' 'present']
 ['1' '183.05055142326174' 'marauded']
 ['22' '183.34091751695317' 'presentdestroyed']
 ['1' '184.14481441048875' 'presentdestroyed']
 ['20' '186.03104386365663' 'presentdestroyed']
 ['17' '188.69095365211183' 'presentdestroyed']
 ['20' '188.97777101180083' 'presentdestroyed']
 ['22' '189.07343291046362' 'destroyed']
 ['20' '192.1391251381012' 'present']
 ['20' '201.7337222920224' 'marauded']
 ['20' '216.03813390552583' 'present']
 ['1' '217.43274601180863' 'present']
 ['20' '218.08739791667668' 'marauded']
 ['20' '223.62178332351465' 'presentdestroyed']
 ['1' '224.6199126657219' 'presentdestroyed']
 ['1' '224.84041269143242' 'presentdestroyed']
 ['20' '225.78740783028763' 'marauded']
 ['20' '226.0682322645106' 'presentdestroyed']
 ['20' '228.1848942235958' 'presentdestroyed']
 ['22' '230.5085365889561' 'presentdestroyed']
 ['22' '231.9400062165456' 'presentdestroyed']
 ['22' '232.15817840002555' 'destroyed']
 ['22' '232.7765585178829' 'destroyed']
 ['22' '232.98993122827986' 'present']
 ['20' '233.22157530608115' 'present']
 ['17' '233.56606079225654' 'marauded']
 ['22' '242.65070023889822' 'present']
 ['1' '254.8424170757133' 'present']
 ['20' '257.00798562496817' 'present']
 ['1' '265.700544172226' 'present']
 ['22' '270.683714605546' 'present']
 ['1' '276.11574328827464' 'present']
 ['17' '276.5147922391794' 'present']
 ['17' '284.5296659297014' 'present']
 ['22' '289.6350425420445' 'present']
 ['17' '304.5382166902009' 'present']
 ['1' '313.5776452675336' 'marauded']
 ['22' '315.8876007614092' 'presentdestroyed']
 ['17' '319.48351772483954' 'presentdestroyed']
 ['1' '320.1594160301916' 'presentdestroyed']
 ['22' '321.2463385859103' 'marauded']
 ['22' '323.55425791381623' 'presentdestroyed']
 ['22' '325.8038786966213' 'presentdestroyed']
 ['22' '325.85017499291763' 'presentdestroyed']
 ['20' '334.31496922659323' 'present']
 ['22' '335.6052126785805' 'marauded']
 ['17' '338.344055225498' 'presentdestroyed']
 ['1' '340.8134322304222' 'presentdestroyed']
 ['1' '344.22938193097855' 'marauded']
 ['20' '348.90836226031604' 'presentdestroyed']
 ['1' '356.0294576342089' 'present']
 ['22' '359.11203796239977' 'present']
 ['20' '359.18507055590266' 'present']]","[['F72' '49.207783699544294' 'absent']
 ['F105' '89.72147142579381' 'destroyed']
 ['F155' '103.99399910696017' 'destroyed']
 ['F177' '148.67415983133293' 'destroyed']
 ['F174' '158.94172641366407' 'absent']
 ['F163' '204.78557598800103' 'absentdestroyed']
 ['F34' '216.68793827240188' 'absent']
 ['F24' '219.00445866148027' 'destroyed']
 ['F124' '241.2558690966466' 'absent']
 ['F167' '262.10510999879597' 'mated']
 ['F213' '281.4469759811911' 'mated']]",5000.0,1000.0,552.0,72.25554561679004,16.05914041854452,1159.0,196.48249802501766,42.061663650673246,546.0,91.34872203111462,19.19787444929827,0.0,0.0,0.0,0.0,0.0,0.0
22,0.054,9,360.2029129243928,"[['23' '3.865550805355974' 'present']
 ['23' '17.71039884223523' 'present']
 ['23' '26.243236786538716' 'present']
 ['23' '27.275476571260548' 'present']
 ['23' '47.088323061162534' 'present']
 ['23' '57.670707329243214' 'present']
 ['17' '77.7324305097397' 'present']
 ['23' '77.88105911409464' 'present']
 ['23' '82.55848588577915' 'present']
 ['23' '94.57671651717361' 'present']
 ['23' '104.52482044238549' 'present']
 ['1' '114.19152932394803' 'present']
 ['23' '122.9800400424124' 'present']
 ['17' '141.5497611665703' 'present']
 ['23' '156.66318766432994' 'present']
 ['23' '205.27046485973003' 'present']
 ['23' '228.9085171262681' 'present']
 ['23' '270.86035331177055' 'present']
 ['23' '292.18520749464045' 'present']
 ['1' '307.26170672728256' 'present']
 ['23' '325.5985302986577' 'present']
 ['23' '336.4129319476092' 'present']]","[['F130' '30.940299762543813' 'absent']
 ['F113' '71.91968093670329' 'mated']
 ['F86' '74.0134516556165' 'mated']
 ['F32' '110.20187601648145' 'mated']
 ['F36' '148.5431132857532' 'absent']
 ['F177' '148.69730797948108' 'mated']
 ['F203' '152.02746754779992' 'mated']
 ['F171' '168.19570565312046' 'absent']
 ['F43' '169.93762480629712' 'absent']
 ['F15' '170.8010095552727' 'absent']
 ['F182' '192.06348840113012' 'mated']
 ['F80' '219.2211120593108' 'mated']
 ['F193' '225.75523344786544' 'mated']
 ['F135' '276.3880919834863' 'mated']
 ['F78' '339.74528882466745' 'absent']]",5000.0,2000.0,569.0,68.49001744779396,14.254151175117793,1699.0,286.75287743828426,62.14741176526582,0.0,0.0,0.0,8.0,0.7999999999999999,0.08000000000000002,84.0,3.9655951041431647,0.1886145404663921
23,0.054,7,360.41072158680885,"[['22' '8.90084715986202' 'present']
 ['20' '15.337136080071172' 'present']
 ['22' '47.744053215206044' 'present']
 ['22' '54.1222158075963' 'present']
 ['22' '62.28517244654892' 'marauded']
 ['20' '68.97356864870432' 'destroyed']
 ['22' '72.9998028471222' 'present']
 ['20' '84.45108206329726' 'present']
 ['20' '92.77947026546269' 'present']
 ['22' '96.09084341168378' 'marauded']
 ['22' '99.87918809434663' 'presentdestroyed']
 ['22' '101.14132745429669' 'destroyed']
 ['22' '105.37787827418053' 'present']
 ['22' '106.92716340698591' 'present']
 ['20' '111.38648634877008' 'marauded']
 ['22' '117.59798335923963' 'destroyed']
 ['20' '145.60472046773555' 'marauded']
 ['22' '151.66423406507377' 'presentdestroyed']
 ['20' '155.755400110926' 'present']
 ['22' '157.62853888414529' 'present']
 ['20' '181.2256546620892' 'marauded']
 ['22' '197.87868907562918' 'present']
 ['22' '211.14139922343102' 'present']
 ['22' '217.57427360502442' 'present']
 ['20' '236.2716353665574' 'marauded']
 ['22' '246.9583500846067' 'present']
 ['20' '251.14103428172484' 'marauded']
 ['22' '277.42215506212233' 'present']
 ['22' '283.0146086417256' 'present']
 ['22' '293.91954654587516' 'present']
 ['20' '296.61747483066426' 'marauded']
 ['22' '302.2652485721578' 'presentdestroyed']
 ['20' '322.5950057327393' 'present']
 ['20' '339.870583821888' 'present']
 ['22' '340.8703529822729' 'present']
 ['20' '344.9671058875902' 'marauded']]","[['F130' '30.96344791069196' 'absent']
 ['F181' '120.97893446748563' 'mated']
 ['F127' '151.55932046201832' 'absentdestroyed']
 ['F127' '151.60561675831462' 'destroyed']
 ['F145' '154.91330015986273' 'mated']
 ['F43' '169.96077295444528' 'mated']
 ['F204' '172.38795064130935' 'absent']
 ['F204' '172.43424693760565' 'absent']
 ['F103' '177.83658129561567' 'absent']
 ['F109' '189.9615329567684' 'mated']
 ['F182' '192.04034025298196' 'absent']
 ['F152' '197.40815528520966' 'absent']
 ['F152' '197.45445158150596' 'absent']
 ['F24' '219.05075495777658' 'mated']
 ['F0' '224.65831294645722' 'mated']
 ['F124' '241.2095728003503' 'destroyed']
 ['F78' '339.7684369728156' 'mated']]",5000.0,3000.0,574.0,71.79315097973449,14.95562355866963,1383.0,227.7927501205679,47.63574176890236,325.0,55.06423373336374,12.135895544094373,15.0,1.5000000000000002,0.15000000000000008,88.0,4.0740740740740735,0.18861454046639203
