id,probability_maraud,successful_mating,next_foraging_time,mar_attempts,mate_attempts,x_pos,y_pos,foraging_events,foraging_hrs,foraging_sqhrs,staying_events,staying_hrs,staying_sqhrs,repairing_events,repairing_hrs,repairing_sqhrs,marauding_events,marauding_hrs,marauding_sqhrs,traveling_events,traveling_hrs,traveling_sqhrs
0,0.0,8,360.31849106767476,"[['3' '0.6563164688902182' 'marauded']
 ['1' '1.8047301110397442' 'presentdestroyed']
 ['1' '3.564397151835022' 'presentdestroyed']
 ['3' '5.543838280494219' 'presentdestroyed']
 ['20' '6.296662082762191' 'presentdestroyed']
 ['1' '6.6739772486887405' 'presentdestroyed']
 ['1' '20.697316214541424' 'present']
 ['20' '22.267197100016492' 'present']
 ['20' '22.62072912838528' 'present']
 ['21' '22.903748989213874' 'marauded']
 ['20' '28.608443664470872' 'presentdestroyed']
 ['20' '29.004013797038724' 'destroyed']
 ['20' '35.922157110509154' 'present']
 ['1' '47.85962002673406' 'present']
 ['1' '47.905916323030354' 'present']
 ['21' '61.66891287668401' 'present']
 ['1' '62.423359272767975' 'marauded']
 ['3' '69.67110890944545' 'presentdestroyed']
 ['3' '71.66091731552186' 'present']
 ['1' '83.04837965532566' 'present']
 ['20' '88.27572835010866' 'present']
 ['20' '88.70493746699162' 'present']
 ['1' '92.25658603709478' 'present']
 ['1' '94.49404199409933' 'present']
 ['1' '97.31392717001998' 'present']
 ['3' '100.84649206829341' 'present']
 ['1' '106.62413963974498' 'present']
 ['1' '107.96914620594018' 'present']
 ['3' '110.87357618722625' 'present']
 ['1' '112.66239046969481' 'present']
 ['3' '117.39781209358027' 'present']
 ['1' '122.37861321677991' 'present']
 ['20' '128.32291503092372' 'present']
 ['20' '136.63390568228357' 'present']
 ['20' '157.25927657105308' 'present']
 ['20' '158.5006121362557' 'present']
 ['1' '160.00067423417488' 'present']
 ['20' '167.15193908253212' 'present']
 ['3' '168.73861310966825' 'present']
 ['1' '172.28388057775845' 'present']
 ['20' '172.60645905577854' 'present']
 ['3' '173.72165968863655' 'present']
 ['20' '175.58187612609836' 'present']
 ['3' '179.31405814310557' 'marauded']
 ['20' '194.73211168633765' 'marauded']
 ['1' '195.1238511746667' 'presentdestroyed']
 ['20' '203.1383454237047' 'present']
 ['1' '209.39062636139997' 'present']
 ['1' '215.69307374626067' 'present']
 ['1' '224.82633028968226' 'present']
 ['3' '227.08366411418461' 'present']
 ['20' '233.43407648248717' 'present']
 ['20' '236.03518205747702' 'marauded']
 ['20' '241.5577967829276' 'presentdestroyed']
 ['3' '260.37068606975976' 'present']
 ['3' '264.39729671277416' 'present']
 ['3' '266.0931746912068' 'present']
 ['1' '273.3837115132622' 'present']
 ['3' '274.66366875026563' 'present']
 ['1' '275.9903512606767' 'present']
 ['1' '277.8644196296877' 'present']
 ['1' '287.99228214985607' 'present']
 ['3' '319.1614706406888' 'present']
 ['20' '322.24332416486453' 'present']
 ['1' '326.9887308694695' 'marauded']
 ['3' '331.3612116883388' 'presentdestroyed']
 ['3' '341.45813968790605' 'present']
 ['1' '354.9325990937529' 'present']
 ['1' '357.6345548176961' 'present']]","[['F13' '128.2903534373762' 'mated']
 ['F41' '137.3206170386564' 'mated']
 ['F58' '147.32525397851037' 'mated']
 ['F211' '152.96180441423286' 'mated']
 ['F16' '153.59956120367417' 'mated']
 ['F214' '163.59430403328113' 'mated']
 ['F119' '179.01037521390464' 'mated']
 ['F20' '197.4106826412499' 'destroyed']
 ['F133' '198.7352375808818' 'destroyed']
 ['F125' '199.8805520809245' 'destroyed']
 ['F34' '220.16754666297987' 'mated']
 ['F153' '347.4432279927918' 'absent']]",0.0,0.0,566.0,67.86295423113341,13.604427603607036,1466.0,249.583389994089,53.94861211006772,265.0,42.647762785135924,8.673967205349404,0.0,0.0,0.0,0.0,0.0,0.0
1,0.054,8,359.8105653571743,"[['21' '6.775706646902029' 'present']
 ['21' '7.781597390583891' 'marauded']
 ['21' '11.314656631079911' 'presentdestroyed']
 ['21' '11.360952927376209' 'presentdestroyed']
 ['21' '33.37309899873121' 'present']
 ['21' '72.67051063345967' 'present']
 ['21' '86.26506447691676' 'present']
 ['21' '97.8111662023568' 'present']
 ['21' '117.10204879862954' 'present']
 ['21' '174.78364392833205' 'marauded']
 ['21' '178.74649070322437' 'presentdestroyed']
 ['21' '249.73409604304993' 'present']
 ['21' '250.8515193307668' 'present']
 ['21' '289.6020528576996' 'present']
 ['21' '291.32093562830397' 'present']
 ['21' '305.5647633558463' 'present']
 ['21' '329.9669331509865' 'present']
 ['21' '337.46789776722716' 'present']
 ['21' '353.646564261094' 'present']]","[['F183' '29.864771935628532' 'mated']
 ['F94' '124.78732723399173' 'mated']
 ['F62' '127.85776395474879' 'mated']
 ['F16' '153.57641305552602' 'absent']
 ['F20' '197.38753449310175' 'absent']
 ['F158' '207.8461059751095' 'mated']
 ['F34' '220.14439851483172' 'absent']
 ['F165' '223.037805875584' 'mated']
 ['F106' '240.50766016503533' 'mated']
 ['F93' '271.8145317297041' 'mated']
 ['F153' '347.46637614093993' 'mated']]",0.0,1000.0,580.0,72.01938766952256,15.64687972320405,1614.0,269.9407404544984,56.63558499758842,76.0,12.164546372623027,2.4811405330193153,18.0,1.8000000000000005,0.1800000000000001,85.0,4.088597615693739,0.19933127572016435
2,0.0,8,359.9825651157599,"[['3' '3.725864863666287' 'present']
 ['1' '6.053323178974635' 'marauded']
 ['3' '11.7191883502369' 'presentdestroyed']
 ['3' '17.893857710919054' 'present']
 ['3' '28.26437493698421' 'present']
 ['3' '32.12435509148352' 'present']
 ['1' '37.183990723048375' 'marauded']
 ['1' '37.70149383733066' 'destroyed']
 ['1' '42.71232050478169' 'presentdestroyed']
 ['3' '49.6979388482032' 'marauded']
 ['1' '57.82065898696807' 'present']
 ['1' '62.91643889564084' 'marauded']
 ['3' '65.12612295461473' 'presentdestroyed']
 ['1' '79.01653605668766' 'present']
 ['1' '96.99191932660953' 'present']
 ['3' '97.39253826924023' 'present']
 ['3' '103.92315084460158' 'present']
 ['3' '125.38889078545266' 'marauded']
 ['3' '136.45686591523966' 'present']
 ['3' '140.72404613251936' 'present']
 ['3' '146.6407065822686' 'marauded']
 ['3' '150.8968113623682' 'presentdestroyed']
 ['3' '151.7222022622511' 'presentdestroyed']
 ['1' '158.66967486911875' 'present']
 ['3' '165.8969450905632' 'present']
 ['3' '187.66460454945866' 'present']
 ['1' '192.33828598986273' 'present']
 ['1' '200.75424237491114' 'present']
 ['3' '215.65902546990634' 'present']
 ['1' '225.8520679020492' 'present']
 ['1' '229.9065860732392' 'present']
 ['1' '235.82561919229914' 'present']
 ['1' '243.21698930196357' 'present']
 ['3' '244.0836279939738' 'present']
 ['3' '244.24574342709263' 'marauded']
 ['3' '269.8928318240868' 'present']
 ['3' '276.7132395327331' 'present']
 ['1' '280.1539451208052' 'present']
 ['3' '281.89563047162073' 'marauded']
 ['1' '297.1781518020909' 'marauded']
 ['3' '298.954545520586' 'presentdestroyed']
 ['1' '312.18728757558364' 'marauded']
 ['3' '314.06919074251886' 'presentdestroyed']
 ['1' '320.94091539708853' 'present']
 ['1' '342.7347367030106' 'present']
 ['1' '346.5166959651676' 'present']
 ['3' '348.4218369048912' 'present']]","[['F166' '117.6495654240918' 'mated']
 ['F79' '128.41816764327683' 'destroyed']
 ['F89' '177.36660692396492' 'mated']
 ['F32' '184.2861505800374' 'mated']
 ['F100' '188.62224507645692' 'mated']
 ['F99' '190.6669859991357' 'mated']
 ['F184' '192.5931592224067' 'mated']
 ['F12' '251.5665282807874' 'absentdestroyed']
 ['F107' '254.28687444869286' 'mated']
 ['F204' '304.8735463088782' 'mated']]",0.0,2000.0,571.0,69.6264763235292,14.871046665596309,1341.0,229.2995845306114,49.27112136868351,362.0,61.10339050709513,13.090342434025784,0.0,0.0,0.0,0.0,0.0,0.0
3,0.054,15,360.0632583601502,"[['20' '30.129570543572495' 'present']
 ['20' '185.54861648448392' 'present']]","[['F160' '105.23185735264931' 'mated']
 ['F35' '125.81713630796433' 'absent']
 ['F79' '128.44131579142498' 'mated']
 ['F210' '136.73767207605144' 'mated']
 ['F58' '147.30210583036222' 'absent']
 ['F137' '158.3332419279743' 'mated']
 ['F9' '190.75341679502196' 'mated']
 ['F42' '190.9916797006121' 'mated']
 ['F133' '198.75838572902995' 'mated']
 ['F10' '199.17196037709064' 'absent']
 ['F125' '199.90370022907265' 'mated']
 ['F190' '239.43776359252792' 'mated']
 ['F82' '253.64345106823757' 'mated']
 ['F31' '269.0667316617323' 'mated']
 ['F8' '287.5723914099507' 'mated']
 ['F163' '306.4056810855033' 'mated']
 ['F191' '332.95190103758347' 'mated']
 ['F103' '333.91907984633605' 'mated']]",0.0,3000.0,564.0,70.06477451455049,14.725464385130548,1651.0,284.2864518302934,62.24147994332783,0.0,0.0,0.0,16.0,1.6000000000000003,0.1600000000000001,88.0,4.18913339695549,0.20147462277091877
4,0.0,15,360.0818404764326,"[['8' '9.46930742925854' 'present']
 ['8' '50.991328144047834' 'present']
 ['8' '89.24001285636014' 'present']
 ['8' '112.2650953890583' 'present']
 ['1' '114.39471875337668' 'marauded']
 ['3' '131.0899374773977' 'marauded']
 ['1' '141.87542330569286' 'marauded']
 ['8' '163.52166176208073' 'marauded']
 ['3' '173.66577511543346' 'present']
 ['8' '229.69327029606708' 'present']
 ['8' '232.897671928107' 'present']
 ['8' '233.93680805185497' 'marauded']
 ['8' '256.73941651740574' 'present']
 ['8' '257.56521845577663' 'present']
 ['8' '283.81371034018684' 'present']
 ['8' '328.59939512441457' 'present']
 ['9' '336.17541996427144' 'present']
 ['8' '358.362487322409' 'present']]","[['F155' '28.66802056471573' 'mated']
 ['F69' '48.6959540762904' 'mated']
 ['F80' '74.23916016903055' 'mated']
 ['F28' '106.99372506141438' 'mated']
 ['F129' '111.47571356871337' 'mated']
 ['F126' '122.13335795057243' 'mated']
 ['F127' '122.7745214598119' 'mated']
 ['F57' '137.2540641345778' 'destroyed']
 ['F112' '153.27493670272582' 'mated']
 ['F7' '168.81416988009153' 'destroyed']
 ['F24' '177.52063969529297' 'mated']
 ['F81' '181.4785029582685' 'mated']
 ['F20' '197.43383078939806' 'mated']
 ['F192' '198.04778974062552' 'mated']
 ['F141' '266.4245977698006' 'mated']
 ['F147' '294.2319815161095' 'mated']
 ['F139' '321.22035935180094' 'mated']]",1000.0,0.0,564.0,74.10423832014835,16.325579833133915,1511.0,255.61750256689064,54.588842072825045,182.0,30.28638076239846,6.4598681815924355,0.0,0.0,0.0,0.0,0.0,0.0
5,0.0,13,360.1766230919009,"[['8' '9.153114393656793' 'present']
 ['9' '46.88511549254647' 'marauded']
 ['1' '49.065532945412336' 'presentdestroyed']
 ['9' '63.387701795142284' 'present']
 ['9' '64.04670398389278' 'present']
 ['9' '66.85825243235924' 'present']
 ['1' '78.16461561287792' 'present']
 ['1' '84.99237836701012' 'present']
 ['9' '88.23583579813155' 'present']
 ['1' '97.52314419129021' 'marauded']
 ['9' '102.54026329195132' 'presentdestroyed']
 ['1' '104.30311945578691' 'destroyed']
 ['9' '106.09009538140324' 'present']
 ['1' '131.66486062239264' 'present']
 ['8' '137.81171201889117' 'present']
 ['8' '148.34048071854292' 'present']
 ['1' '160.49347588042204' 'marauded']
 ['9' '186.36127458239105' 'present']
 ['1' '189.13478650030774' 'present']
 ['1' '216.47134355204108' 'present']
 ['1' '270.5620052033972' 'marauded']
 ['1' '285.274249857567' 'present']
 ['1' '295.7484774732775' 'present']
 ['9' '304.810561211465' 'present']
 ['9' '318.23581882607766' 'present']
 ['1' '328.27332332449527' 'present']
 ['1' '330.2747787810733' 'present']
 ['9' '332.1075751438339' 'present']
 ['1' '333.4179753593529' 'marauded']
 ['9' '343.49747688137745' 'present']]","[['F132' '10.354278904336748' 'mated']
 ['F183' '29.841623787480383' 'absent']
 ['F161' '116.24118374524004' 'mated']
 ['F94' '124.76417908584358' 'absent']
 ['F39' '130.82721651825852' 'mated']
 ['F57' '137.27721228272594' 'mated']
 ['F70' '146.41565048571474' 'mated']
 ['F7' '168.79102173194337' 'absent']
 ['F7' '168.83731802823968' 'absent']
 ['F71' '186.37104546297343' 'mated']
 ['F114' '194.55027232699786' 'mated']
 ['F83' '195.60384334385913' 'mated']
 ['F61' '205.28269668656327' 'mated']
 ['F215' '207.56082561914226' 'mated']
 ['F34' '220.12125036668357' 'absent']
 ['F209' '251.46532952881319' 'mated']
 ['F134' '270.30122877804166' 'mated']
 ['F46' '284.6953249336322' 'mated']
 ['F169' '335.6654230715943' 'destroyed']]",1000.0,1000.0,558.0,69.26957932195722,14.164111669008715,1532.0,260.3317214067461,55.495982243646345,175.0,30.4684397643661,6.705006801207942,0.0,0.0,0.0,0.0,0.0,0.0
6,0.0,4,360.51963629717955,"[['9' '115.59504939328691' 'present']
 ['1' '146.77135004282908' 'present']
 ['11' '296.93428665651345' 'present']]","[['F123' '86.39661779794443' 'absent']
 ['F79' '128.39501949512868' 'absent']
 ['F156' '163.10098602429903' 'mated']
 ['F207' '180.5867122104936' 'mated']
 ['F75' '183.98645451437312' 'absent']
 ['F12' '251.58967642893555' 'mated']
 ['F111' '280.93578937527474' 'absent']
 ['F143' '286.96478970231794' 'mated']
 ['F204' '304.85039816073004' 'absent']
 ['F169' '335.68857121974247' 'absent']]",1000.0,2000.0,567.0,72.217947071557,15.451532216697085,1727.0,287.91375815451636,61.5489182377886,0.0,0.0,0.0,0.0,0.0,0.0,0.0,0.0,0.0
7,0.0,7,359.98564562636386,"[['3' '11.672892053940602' 'present']
 ['8' '18.439490198116836' 'present']
 ['11' '64.31945943241273' 'present']
 ['11' '70.51240894528434' 'present']
 ['11' '71.43947038192192' 'present']
 ['3' '92.46776195863093' 'marauded']
 ['3' '95.81837654759944' 'destroyed']
 ['3' '98.83195866141949' 'destroyed']
 ['3' '105.43946308549124' 'present']
 ['11' '111.34827202480604' 'present']
 ['11' '149.01997140065404' 'present']
 ['11' '149.63146809018392' 'present']
 ['11' '161.56007222921085' 'present']
 ['3' '168.39386065027867' 'marauded']
 ['3' '175.46932526354865' 'presentdestroyed']
 ['11' '176.69244613551732' 'marauded']
 ['11' '181.48228914148262' 'presentdestroyed']
 ['3' '181.6686325442701' 'destroyed']
 ['11' '184.62666214119903' 'present']
 ['3' '190.04891031612328' 'present']
 ['3' '192.1163456328166' 'present']
 ['11' '194.74548926807176' 'present']
 ['11' '194.79178556436807' 'present']
 ['3' '208.6908258409626' 'present']
 ['3' '212.8893495230383' 'marauded']
 ['11' '219.48107594923547' 'presentdestroyed']
 ['3' '223.66996014907195' 'marauded']
 ['11' '227.62193036585973' 'presentdestroyed']
 ['3' '235.48889803749242' 'present']
 ['11' '241.34702211143787' 'present']
 ['3' '247.66122814658527' 'present']
 ['3' '247.70752444288158' 'present']
 ['3' '262.7141622755097' 'present']
 ['11' '284.36379481940423' 'present']
 ['3' '304.5757688426173' 'marauded']
 ['11' '308.2940466192226' 'presentdestroyed']
 ['11' '309.50561987359606' 'presentdestroyed']
 ['3' '325.6901714939633' 'marauded']
 ['11' '326.2546798381969' 'presentdestroyed']
 ['11' '332.2361495212607' 'presentdestroyed']
 ['11' '347.34930592126835' 'present']
 ['3' '349.66103457408013' 'present']]","[['F202' '138.6374650347822' 'mated']
 ['F110' '146.530857893607' 'mated']
 ['F68' '157.38010194951624' 'mated']
 ['F37' '159.93914087139072' 'mated']
 ['F65' '185.47090493574004' 'mated']
 ['F10' '199.1951085252388' 'mated']
 ['F82' '253.62030292008942' 'absent']
 ['F45' '304.2373275826542' 'mated']
 ['F163' '306.38253293735517' 'destroyed']]",1000.0,3000.0,553.0,74.20970529917916,16.728031266049825,1429.0,243.09612291849353,52.22740371686427,250.0,42.859044662907614,9.14602511097019,0.0,0.0,0.0,0.0,0.0,0.0
8,0.054,7,360.44521060813867,"[['11' '6.898294396428618' 'present']
 ['9' '19.43850869545203' 'present']
 ['11' '21.142684677044308' 'present']
 ['13' '21.687019172795218' 'present']
 ['9' '27.856581042604304' 'marauded']
 ['9' '32.79659594156898' 'presentdestroyed']
 ['11' '33.783065461969166' 'presentdestroyed']
 ['9' '34.36450391338879' 'presentdestroyed']
 ['11' '37.961993971715714' 'present']
 ['9' '38.37525451432629' 'present']
 ['11' '38.624651599759986' 'present']
 ['11' '41.75397570684564' 'present']
 ['11' '61.76397928259708' 'marauded']
 ['11' '69.64931963584037' 'present']
 ['11' '71.39317408562562' 'present']
 ['13' '72.28005913368729' 'present']
 ['11' '79.22361399013397' 'present']
 ['9' '88.00522302011248' 'present']
 ['11' '142.08892981729807' 'present']
 ['11' '154.7524621351574' 'present']
 ['11' '159.91655248510173' 'present']
 ['11' '164.58058289425162' 'present']
 ['11' '164.62687919054792' 'present']
 ['11' '174.10415371089454' 'present']
 ['9' '174.3048581428643' 'marauded']
 ['9' '179.01536379458875' 'presentdestroyed']
 ['11' '181.72875921466706' 'marauded']
 ['9' '188.17795700099296' 'destroyed']
 ['9' '192.91024313730358' 'marauded']
 ['11' '199.25322694462494' 'presentdestroyed']
 ['11' '207.8022808664283' 'marauded']
 ['11' '219.3677628437753' 'present']
 ['9' '237.97200055687793' 'present']
 ['11' '242.90288870687547' 'present']
 ['9' '256.46123208335626' 'present']
 ['9' '258.60626218975165' 'marauded']
 ['11' '268.74466278843903' 'present']
 ['11' '269.4524133692667' 'present']
 ['9' '278.93574404577345' 'present']
 ['11' '281.61903993713275' 'present']
 ['11' '313.54272506258854' 'present']
 ['9' '314.92647454239085' 'present']
 ['11' '316.1406653378183' 'present']
 ['9' '316.8285092446575' 'present']
 ['11' '331.3864277132069' 'present']
 ['11' '332.6879337230411' 'present']
 ['9' '334.3351031517912' 'present']
 ['11' '335.5260988174674' 'present']
 ['11' '345.4379532636868' 'present']
 ['11' '356.1356284092943' 'present']]","[['F72' '88.8965482111944' 'mated']
 ['F4' '90.85829327577582' 'mated']
 ['F197' '125.46096666057323' 'mated']
 ['F208' '151.29469923973522' 'mated']
 ['F37' '159.89284457509441' 'absent']
 ['F15' '163.221611547872' 'absent']
 ['F24' '177.49749154714482' 'absentdestroyed']
 ['F192' '198.02464159247737' 'destroyed']
 ['F77' '212.63179495707158' 'absentdestroyed']
 ['F21' '223.9180722010264' 'absent']
 ['F78' '226.35146026597113' 'mated']
 ['F101' '243.7166369915798' 'mated']
 ['F38' '294.3118605991187' 'mated']
 ['F44' '355.6898805757303' 'absent']]",2000.0,0.0,571.0,68.51999510495195,14.241868124485464,1456.0,243.74119779233482,51.99931704416761,253.0,42.903414519192026,9.086390194387237,8.0,0.7999999999999999,0.08000000000000002,87.0,4.104483993032055,0.19504458161865537
9,0.054,13,360.4303170344153,"[['8' '2.0077651351123005' 'present']
 ['13' '6.721299195868649' 'present']
 ['8' '7.549072133382513' 'present']
 ['8' '16.34252666283347' 'present']
 ['13' '17.73595599022197' 'present']
 ['13' '24.37452741076507' 'present']
 ['8' '43.73842926131399' 'present']
 ['8' '53.14831388348866' 'marauded']
 ['8' '90.1367104166089' 'present']
 ['8' '91.85667785905795' 'present']
 ['13' '117.139240640639' 'present']
 ['13' '137.3412241356689' 'present']
 ['14' '138.50143973773245' 'present']
 ['8' '139.23743915816132' 'present']
 ['13' '140.67680316460718' 'marauded']
 ['8' '142.93946167096254' 'presentdestroyed']
 ['8' '149.67505776230934' 'marauded']
 ['8' '149.83783489723402' 'presentdestroyed']
 ['13' '153.08668008779316' 'destroyed']
 ['13' '194.86951787912452' 'present']
 ['13' '195.0510527981545' 'present']
 ['13' '200.71281293863512' 'marauded']
 ['13' '210.74756372602178' 'present']
 ['13' '212.95516996335635' 'marauded']
 ['13' '243.84022700462125' 'present']
 ['13' '246.45306344344965' 'present']
 ['8' '247.41485722427086' 'present']
 ['8' '249.46473333399055' 'present']
 ['13' '257.9079779420392' 'present']
 ['8' '302.5354117006401' 'present']
 ['13' '307.42180331691003' 'present']
 ['13' '316.6601994431879' 'present']
 ['8' '325.0801043692309' 'present']]","[['F98' '42.03403590389183' 'mated']
 ['F18' '78.25470189733755' 'mated']
 ['F149' '99.40617055987025' 'mated']
 ['F109' '148.30734604866709' 'destroyed']
 ['F15' '163.24475969602014' 'mated']
 ['F193' '163.8723170155447' 'mated']
 ['F88' '164.14238049388723' 'mated']
 ['F140' '167.00668825459022' 'absent']
 ['F7' '168.86046617638783' 'mated']
 ['F83' '195.58069519571097' 'absent']
 ['F172' '199.8107444553455' 'mated']
 ['F215' '207.5376774709941' 'absentdestroyed']
 ['F200' '209.38143520314202' 'absent']
 ['F77' '212.65494310521973' 'mated']
 ['F104' '240.74226826717847' 'mated']
 ['F194' '247.43356232011877' 'mated']
 ['F171' '304.0995677090833' 'mated']
 ['F44' '355.71302872387844' 'mated']]",2000.0,1000.0,571.0,72.87605454941311,15.588900297034966,1497.0,251.47418892624705,52.88396855356042,188.0,30.615174314667048,6.320518308040082,16.0,1.6000000000000003,0.1600000000000001,74.0,3.5026321411802015,0.16718106995884763
10,0.0,12,360.67137511825734,"[['11' '8.247386737853514' 'present']
 ['9' '13.062725522934697' 'present']
 ['14' '25.181139620108716' 'present']
 ['9' '32.75029964527269' 'present']
 ['14' '32.95535701129792' 'present']
 ['9' '42.34124101715957' 'present']
 ['9' '43.60298557195741' 'present']
 ['11' '46.43823089118386' 'present']
 ['9' '47.217749844792245' 'present']
 ['14' '61.8981562848121' 'present']
 ['9' '70.46668355916414' 'present']
 ['9' '77.38401442373403' 'present']
 ['11' '77.5516553860502' 'present']
 ['14' '86.62448216815467' 'present']
 ['9' '87.15362303416' 'present']
 ['9' '91.20653325240839' 'present']
 ['14' '123.95114680012111' 'present']
 ['11' '132.06232491537938' 'present']
 ['11' '132.73049131246492' 'present']
 ['9' '158.08807250081037' 'present']
 ['14' '161.22504551253235' 'present']
 ['14' '163.37393362760426' 'present']
 ['11' '169.27440323623486' 'marauded']
 ['14' '169.60016274274605' 'presentdestroyed']
 ['11' '172.50434270894976' 'presentdestroyed']
 ['9' '175.93261717026562' 'presentdestroyed']
 ['9' '192.43190307029474' 'present']
 ['14' '192.93505391497175' 'present']
 ['14' '196.85294073032009' 'present']
 ['14' '214.56846997885657' 'present']
 ['11' '218.1733421478236' 'present']
 ['11' '224.66492482258118' 'present']
 ['9' '236.66210890542158' 'present']
 ['14' '237.16494647520614' 'present']
 ['11' '245.53174335896605' 'present']
 ['9' '250.30751219461163' 'marauded']
 ['14' '252.29537556882175' 'presentdestroyed']
 ['9' '252.4255697719799' 'presentdestroyed']
 ['9' '261.78692392159763' 'marauded']
 ['14' '263.49301596028914' 'presentdestroyed']
 ['11' '264.6273761172307' 'presentdestroyed']
 ['9' '273.8932821244345' 'present']
 ['9' '283.7380831750476' 'marauded']
 ['11' '287.70021437822663' 'presentdestroyed']
 ['11' '288.80019426489656' 'presentdestroyed']
 ['11' '289.19348112382374' 'presentdestroyed']
 ['11' '291.54206549455813' 'marauded']
 ['14' '296.8562216204677' 'presentdestroyed']
 ['14' '325.9062399260901' 'present']
 ['14' '330.48561541342366' 'present']
 ['14' '333.1537785439788' 'present']
 ['14' '334.4681560365353' 'present']
 ['14' '336.55765281024196' 'present']
 ['9' '339.72813024498396' 'present']
 ['11' '343.27430247012774' 'present']
 ['11' '348.7532570365286' 'present']
 ['14' '350.9234617492641' 'present']
 ['9' '353.95271718615106' 'present']
 ['9' '358.56899897798957' 'marauded']]","[['F29' '24.356420336186797' 'mated']
 ['F123' '86.41976594609258' 'mated']
 ['F53' '106.26537596281202' 'mated']
 ['F64' '127.93400992533958' 'mated']
 ['F109' '148.28419790051893' 'absent']
 ['F150' '151.94993449555102' 'mated']
 ['F159' '159.74020371538896' 'mated']
 ['F109' '160.40952691816648' 'mated']
 ['F156' '163.07783787615088' 'absent']
 ['F140' '167.02983640273837' 'mated']
 ['F75' '184.00960266252127' 'mated']
 ['F215' '207.51452932284596' 'absent']
 ['F21' '223.9643684973227' 'mated']
 ['F111' '280.9589375234229' 'mated']
 ['F143' '286.9416415541698' 'destroyed']
 ['F169' '335.7117193678906' 'mated']]",2000.0,2000.0,566.0,68.00837317311186,13.85798031502956,1531.0,260.8696454856344,56.56546611999979,188.0,31.20155927834144,6.693381288784828,0.0,0.0,0.0,0.0,0.0,0.0
11,0.054,7,360.327741923269,"[['8' '0.6426030054022884' 'present']
 ['8' '7.595368429678809' 'present']
 ['8' '20.670499252078056' 'present']
 ['8' '21.99980739184325' 'present']
 ['8' '24.971042481426494' 'present']
 ['8' '45.295229553090884' 'present']
 ['8' '51.68691887658724' 'marauded']
 ['8' '52.303254756514676' 'destroyed']
 ['8' '97.86706675007991' 'present']
 ['8' '107.39943001536302' 'present']
 ['8' '113.99393834707644' 'present']
 ['8' '138.40003493511682' 'present']
 ['8' '156.74327269381914' 'present']
 ['8' '157.5621801998718' 'present']
 ['8' '192.84906077083843' 'present']
 ['8' '246.64413840675982' 'present']
 ['8' '254.37347771591922' 'marauded']
 ['8' '272.75053988311436' 'present']
 ['8' '280.57152932718407' 'present']
 ['8' '287.92319561252094' 'present']
 ['8' '289.34362444557615' 'present']
 ['8' '300.8151236630635' 'present']
 ['8' '302.93843761720154' 'present']
 ['8' '304.25530184322344' 'present']
 ['8' '313.9568796014419' 'present']
 ['8' '319.34282135804466' 'present']
 ['8' '326.7240561740575' 'present']
 ['8' '359.2298940733685' 'present']]","[['F135' '81.71045922232345' 'mated']
 ['F162' '96.35126871091158' 'mated']
 ['F64' '127.91086177719143' 'absent']
 ['F63' '136.53984586304685' 'mated']
 ['F37' '159.91599272324257' 'absent']
 ['F185' '160.52965312903274' 'mated']
 ['F15' '163.19846339972383' 'absent']
 ['F195' '199.71048749747686' 'mated']
 ['F67' '216.3894481666293' 'mated']
 ['F21' '223.94122034917456' 'absent']
 ['F176' '227.10891182640768' 'absent']
 ['F177' '229.379981482203' 'absent']
 ['F1' '244.46602843467377' 'mated']]",2000.0,3000.0,583.0,70.9166339389522,14.339245341036214,1619.0,271.9158659699901,57.296335564650775,65.0,12.145540743348059,2.8623888559329216,9.0,0.8999999999999999,0.09000000000000002,87.0,4.123660546845623,0.19718792866940987
12,0.0,9,360.487131988799,"[['8' '0.5963067091059921' 'present']
 ['8' '6.252076590874994' 'marauded']
 ['13' '8.907098925313003' 'presentdestroyed']
 ['13' '54.0437963495373' 'present']
 ['9' '64.23292640512705' 'marauded']
 ['13' '67.79992284583837' 'presentdestroyed']
 ['13' '70.13533258496494' 'presentdestroyed']
 ['13' '72.85521095475185' 'present']
 ['8' '76.42892053900363' 'present']
 ['8' '77.76081899164875' 'present']
 ['13' '85.69207793735244' 'present']
 ['13' '86.36104155089154' 'present']
 ['8' '97.3486377047853' 'marauded']
 ['19' '99.0227867982231' 'presentdestroyed']
 ['13' '111.85042196220702' 'present']
 ['13' '113.08740601878027' 'present']
 ['8' '113.17220156469251' 'present']
 ['13' '114.17456581972988' 'present']
 ['8' '119.70290975666309' 'present']
 ['13' '120.77897657836982' 'marauded']
 ['13' '149.59740173556895' 'present']
 ['8' '155.07773005148363' 'present']
 ['8' '158.3626345546449' 'present']
 ['8' '160.9566071432018' 'present']
 ['13' '164.28055795910996' 'present']
 ['13' '166.45895320274713' 'marauded']
 ['13' '167.87172365446153' 'presentdestroyed']
 ['8' '201.73878523971092' 'present']
 ['8' '203.15958553682836' 'present']
 ['8' '205.07920898033387' 'present']
 ['8' '215.83811463260943' 'present']
 ['13' '228.91266676853644' 'marauded']
 ['8' '228.9519341648262' 'presentdestroyed']
 ['8' '228.99823046112252' 'presentdestroyed']
 ['8' '251.21141382084508' 'present']
 ['8' '267.3813447462577' 'present']
 ['8' '278.43171999656215' 'present']
 ['8' '281.7594294149744' 'present']
 ['13' '285.6699353932514' 'marauded']
 ['8' '289.8269980812928' 'presentdestroyed']
 ['13' '294.4763353819968' 'present']
 ['8' '294.70639466529343' 'present']
 ['9' '296.0257995152053' 'present']
 ['13' '296.2964617982209' 'marauded']
 ['8' '305.3635798169479' 'present']
 ['8' '310.59072176861656' 'present']
 ['8' '311.15327220156036' 'present']
 ['8' '314.6240342601317' 'present']
 ['13' '335.1963605561167' 'present']
 ['13' '336.1926314736668' 'present']
 ['8' '347.3171426418626' 'present']]","[['F135' '81.67772279726852' 'absent']
 ['F206' '113.50623671023162' 'mated']
 ['F154' '131.57805121082328' 'absent']
 ['F188' '138.8354096372255' 'mated']
 ['F122' '155.13473314344645' 'mated']
 ['F25' '161.99435071597492' 'mated']
 ['F11' '165.68090306793437' 'mated']
 ['F84' '201.39254695416497' 'mated']
 ['F157' '240.0039717592762' 'mated']
 ['F201' '255.672704981704' 'mated']
 ['F182' '316.9419339314558' 'mated']]",3000.0,0.0,570.0,67.7487738724229,13.260855104839045,1439.0,243.6309139770937,52.281427780987734,281.0,48.7725607882493,10.660953052255515,0.0,0.0,0.0,0.0,0.0,0.0
13,0.054,12,360.14770140520125,"[['14' '3.997739610199138' 'present']
 ['14' '4.170399877444207' 'present']
 ['14' '8.2782446826178' 'present']
 ['9' '11.571916902255861' 'present']
 ['14' '13.672086017697168' 'present']
 ['9' '26.539501329290438' 'present']
 ['9' '29.93503209234688' 'present']
 ['14' '33.00165330759421' 'marauded']
 ['9' '41.275352333359606' 'present']
 ['17' '43.36634428933293' 'present']
 ['17' '47.5141356068657' 'present']
 ['9' '66.66814271371489' 'present']
 ['14' '67.18502029485943' 'present']
 ['9' '72.53493478838261' 'present']
 ['14' '72.63653437488512' 'present']
 ['9' '74.51740625871294' 'marauded']
 ['17' '75.76266731377706' 'destroyed']
 ['17' '79.47291319714999' 'presentdestroyed']
 ['9' '80.24488838566766' 'presentdestroyed']
 ['17' '91.09946795957072' 'present']
 ['17' '95.6702504072749' 'present']
 ['17' '95.71654670357121' 'present']
 ['17' '103.08410832342787' 'marauded']
 ['14' '127.35018895824226' 'marauded']
 ['9' '133.73374151479524' 'presentdestroyed']
 ['9' '139.20052970006302' 'present']
 ['17' '144.41129280611338' 'present']
 ['17' '154.84434018418207' 'marauded']
 ['17' '155.86946317524328' 'presentdestroyed']
 ['14' '156.4288168767334' 'presentdestroyed']
 ['17' '156.72750270773616' 'destroyed']
 ['14' '164.45392238077014' 'present']
 ['9' '169.5806927790029' 'marauded']
 ['9' '172.8437353971112' 'presentdestroyed']
 ['14' '174.5632732214211' 'destroyed']
 ['14' '179.12419217179604' 'present']
 ['9' '184.05127878850715' 'present']
 ['9' '185.59487950630032' 'marauded']
 ['14' '218.63817338222378' 'marauded']
 ['9' '235.11546669837' 'marauded']
 ['9' '242.16951548234914' 'destroyed']
 ['17' '257.17715679797806' 'present']
 ['17' '265.59193262160596' 'present']
 ['9' '270.44404412789817' 'marauded']
 ['9' '297.2366098924892' 'marauded']
 ['9' '303.45422441925547' 'presentdestroyed']
 ['14' '310.2860148051072' 'present']
 ['14' '318.69541005564685' 'marauded']
 ['14' '339.43817084020634' 'present']
 ['14' '340.5290225033685' 'marauded']
 ['17' '340.55558094458917' 'presentdestroyed']
 ['14' '351.10882674863217' 'marauded']
 ['9' '352.52559683884397' 'presentdestroyed']
 ['14' '357.7149250748907' 'presentdestroyed']]","[['F47' '7.347735331918723' 'mated']
 ['F108' '125.95768370839275' 'mated']
 ['F128' '127.12062135837641' 'mated']
 ['F154' '131.55490306267512' 'destroyed']
 ['F5' '139.2747040580988' 'mated']
 ['F30' '142.53251201770146' 'mated']
 ['F109' '148.36323062187017' 'absent']
 ['F168' '154.00789399819215' 'mated']
 ['F59' '163.24963064883858' 'mated']
 ['F102' '166.63119718321147' 'mated']
 ['F140' '166.98354010644206' 'absent']
 ['F66' '198.47331227482013' 'mated']
 ['F200' '209.40458335129017' 'mated']
 ['F177' '229.43586605540608' 'mated']
 ['F54' '232.82082076510372' 'mated']
 ['F157' '239.98082361112805' 'absentdestroyed']]",3000.0,1000.0,572.0,71.7143238154732,14.582996153653927,1176.0,197.72193433601552,42.34743499324472,509.0,85.54312988286907,18.2799221679623,17.0,1.7000000000000004,0.1700000000000001,71.0,3.3253901446641745,0.15646433470507534
14,0.054,10,360.4735630994086,"[['13' '4.467300897111668' 'present']
 ['11' '5.527105608360488' 'present']
 ['18' '15.371412666870503' 'present']
 ['13' '18.85999250224329' 'present']
 ['13' '30.487003260831816' 'present']
 ['18' '35.016641187873525' 'marauded']
 ['18' '50.67869823315157' 'present']
 ['18' '52.31483443445641' 'present']
 ['11' '62.289889513850724' 'present']
 ['18' '65.69602557494433' 'present']
 ['19' '73.68169423958231' 'marauded']
 ['13' '88.72515070968115' 'present']
 ['13' '90.25931797002319' 'present']
 ['19' '110.14014135581651' 'present']
 ['18' '111.98452268140561' 'present']
 ['18' '136.6369075539435' 'present']
 ['13' '142.60035582444004' 'marauded']
 ['13' '142.989631227887' 'presentdestroyed']
 ['18' '150.28045526305476' 'present']
 ['18' '151.9108699536712' 'present']
 ['18' '168.96768393129682' 'present']
 ['13' '182.35668902384916' 'present']
 ['13' '185.61552298537197' 'present']
 ['13' '197.29253181982918' 'marauded']
 ['11' '206.61665316248235' 'present']
 ['18' '212.1317241004502' 'present']
 ['18' '227.75095536199237' 'marauded']
 ['18' '229.83483036959677' 'presentdestroyed']
 ['13' '245.7767463837415' 'present']
 ['11' '250.5675198756756' 'present']
 ['18' '273.817323893274' 'present']
 ['13' '283.7509015995303' 'present']
 ['13' '284.5999284943707' 'marauded']
 ['13' '288.5725292352671' 'presentdestroyed']
 ['18' '291.71061423645307' 'presentdestroyed']
 ['17' '295.04877952495735' 'present']
 ['13' '317.3993537008282' 'present']
 ['18' '320.0847925190126' 'present']
 ['18' '320.1310888153089' 'present']
 ['18' '339.24820326938874' 'present']
 ['18' '346.7740419261868' 'present']
 ['17' '346.7752173039896' 'present']
 ['18' '349.6930090293366' 'present']
 ['18' '358.2074841516203' 'present']]","[['F145' '37.99265465339038' 'destroyed']
 ['F181' '101.80689085642528' 'mated']
 ['F146' '104.69723879350431' 'mated']
 ['F142' '116.78428663037434' 'mated']
 ['F76' '124.46385772117844' 'mated']
 ['F186' '134.31644838735627' 'mated']
 ['F109' '148.34008247372202' 'destroyed']
 ['F109' '148.38637877001833' 'destroyed']
 ['F49' '178.38789617856793' 'mated']
 ['F177' '229.41271790725793' 'absentdestroyed']
 ['F2' '245.9568762435976' 'mated']
 ['F36' '260.04539853274133' 'mated']
 ['F105' '316.0026037940348' 'mated']
 ['F124' '329.5375271612868' 'mated']]",3000.0,2000.0,561.0,72.0356264538645,15.094048954287345,1440.0,246.55871114337126,53.26254258202343,210.0,36.69007262345653,8.06176433241584,11.0,1.0999999999999999,0.11000000000000004,79.0,3.714937068848114,0.17575445816186536
15,0.0,3,360.20492471696156,"[['14' '0.023148148148148147' 'present']
 ['14' '20.179282664142246' 'present']
 ['19' '23.696863605447486' 'present']
 ['19' '44.914643720182006' 'present']
 ['11' '46.484527187480154' 'marauded']
 ['19' '47.293786347727846' 'presentdestroyed']
 ['11' '65.7729607308497' 'present']
 ['11' '69.69561593213668' 'present']
 ['19' '78.14292700905209' 'present']
 ['19' '78.37355234437206' 'marauded']
 ['19' '80.45289282892057' 'presentdestroyed']
 ['19' '81.19621553808726' 'presentdestroyed']
 ['19' '81.69757687682787' 'destroyed']
 ['19' '98.34978377729367' 'present']
 ['11' '99.47182842036385' 'present']
 ['14' '108.82595289168647' 'present']
 ['14' '116.3740592206147' 'present']
 ['11' '117.92525280309445' 'present']
 ['19' '120.86109370879876' 'present']
 ['19' '120.90739000509507' 'present']
 ['14' '123.14300440107397' 'present']
 ['19' '132.479303624388' 'marauded']
 ['11' '133.66162506141166' 'presentdestroyed']
 ['19' '158.1993832621169' 'marauded']
 ['11' '170.9256155533206' 'present']
 ['14' '176.47200673368155' 'present']
 ['19' '186.0324562189544' 'present']
 ['14' '186.44336083733157' 'present']
 ['19' '190.9217812066509' 'present']
 ['11' '197.3674035943223' 'marauded']
 ['11' '200.25929356250322' 'presentdestroyed']
 ['14' '206.95171956047898' 'present']
 ['14' '207.15725087736453' 'marauded']
 ['14' '217.62426026132425' 'present']
 ['14' '219.23212029282192' 'present']
 ['11' '227.0514086955965' 'present']
 ['19' '230.08200747595805' 'present']
 ['19' '233.24907491178038' 'present']
 ['14' '235.2268580906253' 'marauded']
 ['14' '241.2021858115937' 'presentdestroyed']
 ['11' '250.6234044488787' 'present']
 ['19' '258.40973774426516' 'present']
 ['19' '260.7322837007986' 'present']
 ['19' '282.65250982945224' 'present']
 ['18' '286.8930829994583' 'marauded']
 ['19' '293.8984701743852' 'destroyed']
 ['14' '295.24897852871163' 'present']
 ['11' '295.9700071746785' 'present']
 ['19' '296.8320484180171' 'present']
 ['19' '323.85333335234753' 'present']
 ['14' '326.4078924226217' 'present']
 ['11' '332.7342300193374' 'marauded']
 ['14' '345.8046070482438' 'marauded']
 ['19' '349.1339151785606' 'presentdestroyed']]","[['F135' '81.65457464912036' 'destroyed']
 ['F206' '113.48308856208347' 'absent']
 ['F121' '127.74298625878913' 'mated']
 ['F154' '131.60119935897143' 'mated']
 ['F188' '138.7795250640224' 'destroyed']
 ['F120' '165.070962320723' 'absentdestroyed']
 ['F49' '178.36474803041978' 'absent']
 ['F176' '227.13205997455583' 'mated']]",3000.0,3000.0,559.0,76.63502582733268,18.146326173855016,1314.0,222.4787299128773,47.337411391774225,364.0,61.07954347029911,13.034796302107665,0.0,0.0,0.0,0.0,0.0,0.0
16,0.0,3,360.36417131957995,"[['20' '17.15246468791708' 'present']
 ['19' '22.351682557900578' 'marauded']
 ['19' '25.306410793822497' 'presentdestroyed']
 ['17' '32.90124818971463' 'present']
 ['19' '33.36548186504722' 'present']
 ['19' '36.054302654573966' 'marauded']
 ['19' '39.848400275519325' 'destroyed']
 ['19' '41.4925263923237' 'destroyed']
 ['19' '49.64110196828803' 'present']
 ['17' '86.28658298959095' 'present']
 ['19' '89.16051408966847' 'present']
 ['20' '96.96068149846124' 'present']
 ['20' '97.2440302347951' 'present']
 ['19' '115.61631760181136' 'present']
 ['20' '119.56252056200798' 'present']
 ['20' '126.9409235128923' 'present']
 ['17' '133.69479324411407' 'present']
 ['17' '136.4427571579134' 'marauded']
 ['20' '138.75074959836903' 'presentdestroyed']
 ['20' '139.87465691002603' 'destroyed']
 ['21' '142.84538459332393' 'destroyed']
 ['20' '146.0414539660829' 'present']
 ['19' '148.2250147710434' 'present']
 ['17' '163.1166794436868' 'present']
 ['20' '165.48570317015643' 'present']
 ['20' '183.17736846917214' 'present']
 ['17' '191.79519097862888' 'present']
 ['20' '196.98303037328225' 'present']
 ['20' '197.7409362348726' 'present']
 ['17' '199.20265172945685' 'present']
 ['20' '202.80196806778162' 'present']
 ['20' '207.4846029849137' 'marauded']
 ['17' '207.6622341738484' 'presentdestroyed']
 ['19' '212.68349381418994' 'presentdestroyed']
 ['19' '221.41161935011024' 'present']
 ['19' '227.50033773706815' 'present']
 ['19' '241.2277104474441' 'present']
 ['17' '248.16371910576277' 'present']
 ['20' '248.85832803538162' 'present']
 ['20' '249.02866319988988' 'present']
 ['19' '259.0318706919894' 'present']
 ['20' '260.56792090030444' 'marauded']
 ['19' '262.0977771335021' 'destroyed']
 ['20' '262.4650848244735' 'destroyed']
 ['20' '263.1325015053951' 'presentdestroyed']
 ['19' '276.58061227324197' 'present']
 ['19' '280.70388233300935' 'present']
 ['20' '284.93409379462065' 'present']
 ['19' '285.23414871883125' 'present']
 ['20' '293.82732058621696' 'marauded']
 ['20' '302.2928957918607' 'present']
 ['20' '327.37896656704294' 'present']
 ['20' '332.3443460681864' 'present']
 ['19' '342.06408330868175' 'present']
 ['20' '349.92000593738106' 'present']]","[['F174' '51.29868100305605' 'mated']
 ['F17' '147.29360458030405' 'mated']
 ['F179' '207.5953722340552' 'absentdestroyed']
 ['F196' '209.51494067296403' 'absentdestroyed']
 ['F74' '255.13579623153984' 'mated']
 ['F90' '298.86741506415797' 'destroyed']]",4000.0,0.0,572.0,68.31241366572469,13.203725196838754,1503.0,255.16330742834384,54.459815741095724,212.0,36.57349012833161,7.680420929937886,0.0,0.0,0.0,0.0,0.0,0.0
17,0.054,8,360.30222558926005,"[['13' '3.7144554422049465' 'marauded']
 ['21' '8.201007307882493' 'presentdestroyed']
 ['21' '10.458785373732685' 'destroyed']
 ['13' '11.622077401594666' 'marauded']
 ['13' '12.199706349751116' 'destroyed']
 ['18' '21.447516319723313' 'marauded']
 ['18' '27.735294282189' 'destroyed']
 ['21' '33.4193952950275' 'present']
 ['21' '42.59174524205988' 'present']
 ['21' '53.707157305317864' 'present']
 ['13' '63.09288230015589' 'marauded']
 ['21' '68.64070344648411' 'presentdestroyed']
 ['21' '107.50708461165227' 'present']
 ['21' '115.87960269768153' 'present']
 ['18' '117.29455156942691' 'present']
 ['18' '119.16136611864873' 'present']
 ['21' '125.16069862392781' 'marauded']
 ['18' '147.7568234464823' 'present']
 ['21' '170.74835794576444' 'marauded']
 ['21' '178.79278699952067' 'present']
 ['13' '180.20887887037756' 'marauded']
 ['18' '181.93732815896087' 'presentdestroyed']
 ['13' '182.31039272755285' 'destroyed']
 ['21' '185.2634472486908' 'destroyed']
 ['21' '191.8624815962811' 'present']
 ['21' '192.19597334921625' 'present']
 ['18' '208.61611760191929' 'present']
 ['13' '212.60425646912284' 'present']
 ['18' '212.95656624596637' 'present']
 ['13' '213.4980138041475' 'marauded']
 ['21' '228.45869367594082' 'marauded']
 ['13' '230.43869385595096' 'presentdestroyed']
 ['13' '231.0490729720037' 'destroyed']
 ['21' '232.958889917929' 'presentdestroyed']
 ['13' '233.77125978450047' 'presentdestroyed']
 ['18' '236.00675072988642' 'destroyed']
 ['18' '239.34950835713374' 'present']
 ['18' '240.0178584854535' 'present']
 ['13' '268.77504652201935' 'present']
 ['18' '282.5872755294988' 'present']
 ['18' '282.6884686249009' 'present']
 ['21' '284.4363461700807' 'present']
 ['21' '287.1369490795832' 'present']
 ['21' '291.0291593473115' 'present']
 ['18' '301.3552395356359' 'marauded']
 ['21' '309.96297714022415' 'destroyed']
 ['21' '310.51333926907483' 'present']
 ['13' '316.0275411359616' 'present']
 ['13' '329.02964325793806' 'present']
 ['13' '332.2230656489539' 'marauded']
 ['21' '332.41358281481337' 'presentdestroyed']
 ['18' '336.36494230400683' 'presentdestroyed']
 ['21' '347.1378164817006' 'present']
 ['13' '348.04430485299457' 'present']]","[['F173' '107.45836013384913' 'mated']
 ['F198' '121.8876796138167' 'mated']
 ['F108' '125.9345355602446' 'destroyed']
 ['F3' '156.1233514998006' 'mated']
 ['F96' '166.48094778362827' 'mated']
 ['F213' '180.13988080813886' 'mated']
 ['F179' '207.61852038220334' 'absent']
 ['F54' '232.79767261695557' 'destroyed']
 ['F87' '269.71343127535033' 'mated']
 ['F90' '298.8905632123061' 'mated']
 ['F115' '300.2883836634647' 'mated']]",4000.0,1000.0,565.0,73.47076417354081,15.025309746141366,1226.0,215.87349787077716,47.37428559423527,400.0,67.23682285285305,14.111086584310232,6.0,0.6,0.06000000000000001,61.0,2.8816037355147808,0.13717421124828535
18,0.054,5,360.1002065667336,"[['19' '2.341532530872958' 'present']
 ['14' '3.4428919149737798' 'present']
 ['14' '28.725030634501323' 'present']
 ['19' '30.3112253811943' 'present']
 ['19' '36.86900068219341' 'present']
 ['17' '36.95727052486499' 'present']
 ['19' '43.37475364018832' 'marauded']
 ['19' '46.47552768610092' 'presentdestroyed']
 ['21' '46.78480734965693' 'presentdestroyed']
 ['14' '50.43235042121461' 'present']
 ['19' '52.42099648818102' 'present']
 ['14' '53.156542799393385' 'marauded']
 ['19' '65.01577467020515' 'present']
 ['14' '71.36871957712604' 'present']
 ['17' '72.82514797189802' 'marauded']
 ['17' '73.57407039817537' 'presentdestroyed']
 ['17' '78.33346216343901' 'presentdestroyed']
 ['19' '78.51984864066836' 'presentdestroyed']
 ['17' '87.47108259582883' 'present']
 ['17' '92.7738265539959' 'present']
 ['14' '94.70496783256348' 'present']
 ['19' '112.68959815046824' 'present']
 ['14' '112.74306962612246' 'present']
 ['14' '113.27996773701804' 'present']
 ['17' '122.71857554072585' 'present']
 ['19' '126.26474093175948' 'marauded']
 ['14' '131.43304622901437' 'presentdestroyed']
 ['17' '134.4149525894418' 'present']
 ['14' '156.2825205804371' 'marauded']
 ['14' '159.17990128561874' 'presentdestroyed']
 ['14' '172.04652637393627' 'present']
 ['21' '173.73124522007643' 'marauded']
 ['14' '174.10491413638982' 'presentdestroyed']
 ['19' '184.8892294094298' 'marauded']
 ['19' '185.21982250221885' 'presentdestroyed']
 ['19' '191.20367077357332' 'presentdestroyed']
 ['19' '195.94379562260502' 'marauded']
 ['17' '197.04411470678605' 'presentdestroyed']
 ['17' '205.71904075327993' 'present']
 ['19' '247.11682797202963' 'marauded']
 ['17' '250.81044514650387' 'destroyed']
 ['19' '258.5043567220726' 'marauded']
 ['19' '258.7401365875512' 'presentdestroyed']
 ['14' '265.30998357192766' 'present']
 ['17' '266.8270965580594' 'present']
 ['17' '274.5436279878374' 'present']
 ['17' '285.4400105541585' 'present']
 ['19' '285.8947123537129' 'present']
 ['17' '287.99237633656054' 'present']
 ['19' '295.61340139079226' 'present']
 ['14' '310.3323111014035' 'present']
 ['19' '312.5010457900328' 'marauded']
 ['14' '312.53717316436195' 'destroyed']
 ['19' '312.9575814530467' 'destroyed']
 ['19' '326.12342990310793' 'present']
 ['17' '328.41200917584274' 'marauded']
 ['14' '332.8939850106401' 'presentdestroyed']
 ['14' '338.8903691687674' 'present']
 ['14' '342.0535371823175' 'present']
 ['19' '343.3533810263606' 'present']
 ['14' '349.52480257658965' 'present']
 ['19' '349.7903176276457' 'present']
 ['17' '353.41280292175674' 'present']]","[['F145' '38.01580280153853' 'mated']
 ['F40' '38.786770237977514' 'mated']
 ['F164' '73.84169061999478' 'destroyed']
 ['F59' '163.21689422378364' 'destroyed']
 ['F136' '163.96355947326407' '']
 ['F179' '207.6416685303515' 'mated']
 ['F178' '207.98964337573864' 'mated']
 ['F144' '298.3068778412359' 'mated']]",4000.0,2000.0,565.0,69.14845586670552,13.544294982732838,1267.0,213.94776082229774,46.1219428934472,422.0,73.07763797023561,16.091899478279945,6.0,0.6,0.06000000000000001,71.0,3.3445666984777436,0.1586076817558298
19,0.054,12,360.2280546240361,"[['18' '4.431979294408265' 'present']
 ['14' '45.08192980628224' 'present']
 ['18' '66.3486001444706' 'present']
 ['18' '81.79711861928865' 'present']
 ['18' '123.85046413994199' 'present']
 ['18' '153.62208315031356' 'present']
 ['18' '165.00862220591114' 'present']
 ['20' '192.37098686329944' 'present']
 ['18' '204.17865992278294' 'present']
 ['18' '206.089632498455' 'present']
 ['18' '215.06626589906662' 'present']
 ['18' '227.10479943257914' 'present']
 ['18' '227.15109572887545' 'present']
 ['18' '265.7309025584714' 'marauded']
 ['18' '287.20937833116733' 'present']
 ['14' '295.17937046975396' 'present']
 ['18' '304.03943769647725' 'present']
 ['18' '338.10787411163983' 'present']
 ['18' '347.51802710272466' 'present']
 ['18' '348.1052955157991' 'present']
 ['18' '348.9998389100231' 'present']
 ['18' '351.89555073032534' 'present']
 ['18' '353.1038071998361' 'present']]","[['F164' '73.91113506443924' 'mated']
 ['F23' '88.35823301738753' 'mated']
 ['F189' '89.32214247172833' 'mated']
 ['F188' '138.80267321217056' 'absent']
 ['F50' '148.172283261997' 'mated']
 ['F136' '163.98670762141222' 'mated']
 ['F120' '165.09411046887115' 'mated']
 ['F203' '181.32838276676037' 'mated']
 ['F138' '201.41725453098334' 'absent']
 ['F130' '207.37609042679767' 'mated']
 ['F196' '209.53808882111218' 'mated']
 ['F131' '229.10086315155186' 'mated']
 ['F0' '253.86301242582104' 'mated']
 ['F87' '269.6208386827577' 'destroyed']
 ['F19' '323.25853391980576' 'mated']]",4000.0,3000.0,571.0,71.27156340526713,14.687006309202014,1630.0,276.77208397933305,59.6652896928152,33.0,6.093297166571562,1.3452065692579032,18.0,1.8000000000000005,0.1800000000000001,85.0,4.069421061880169,0.1971879286694099
20,0.054,11,359.85944437223833,"[['21' '7.187400955352194' 'present']
 ['21' '7.23369725164849' 'present']
 ['21' '27.22763409738796' 'present']
 ['19' '47.349670920930926' 'present']
 ['21' '48.82250894456738' 'present']
 ['21' '98.1532221401367' 'marauded']
 ['21' '99.65970945974057' 'presentdestroyed']
 ['21' '121.97553936381459' 'present']
 ['21' '162.36343514014084' 'present']
 ['21' '162.8023509112074' 'present']
 ['21' '166.8479644371738' 'present']
 ['21' '210.40195674479187' 'present']
 ['1' '248.71169469859123' 'present']
 ['21' '249.91082593891315' 'present']
 ['1' '254.60148066467275' 'present']
 ['3' '295.309586590292' 'present']
 ['21' '297.58318841921215' 'present']
 ['21' '306.15131963210763' 'present']
 ['19' '311.2409840430189' 'marauded']
 ['3' '325.8460560671664' 'present']
 ['21' '338.1365784586101' 'present']
 ['21' '341.03139005951397' 'present']
 ['21' '341.52068495492506' 'present']
 ['17' '352.97370187824225' 'present']
 ['21' '353.3612374554927' 'marauded']
 ['21' '353.6002679647977' 'presentdestroyed']
 ['21' '353.9744768791188' 'presentdestroyed']]","[['F51' '33.72204297329579' 'mated']
 ['F113' '35.41869756510467' 'mated']
 ['F180' '39.02621220299152' 'mated']
 ['F55' '40.40637076082698' 'mated']
 ['F199' '76.95116201810266' 'mated']
 ['F211' '152.9386562660847' 'absent']
 ['F95' '170.65761669426416' 'mated']
 ['F133' '198.71208943273365' 'absent']
 ['F52' '205.76183823430583' 'mated']
 ['F205' '224.75605719370972' 'mated']
 ['F91' '242.88272295155323' 'mated']
 ['F187' '261.43904704245926' 'mated']
 ['F175' '268.09646638526306' 'absent']
 ['F117' '269.9770425570091' 'mated']]",5000.0,0.0,572.0,71.64637517370103,14.373950656742219,1581.0,264.9720610195336,56.59717080798811,102.0,17.821471686000255,3.891980962737376,12.0,1.2,0.12000000000000005,94.0,4.409381513292562,0.20790466392318205
21,0.054,6,360.0368717944542,"[['1' '18.759473230607338' 'present']
 ['20' '29.653988845166836' 'present']
 ['17' '34.67659105910094' 'marauded']
 ['20' '38.854322627470985' 'presentdestroyed']
 ['17' '45.58598841891061' 'present']
 ['20' '51.00017884923467' 'present']
 ['17' '59.92739290439613' 'present']
 ['17' '60.449725869394065' 'present']
 ['20' '61.18350557094737' 'present']
 ['20' '67.76873211289569' 'present']
 ['20' '73.78985220876972' 'marauded']
 ['17' '83.67509976937397' 'present']
 ['20' '88.22943205381236' 'present']
 ['18' '92.84019672852655' 'present']
 ['20' '93.72162309480373' 'present']
 ['17' '98.85209137701669' 'present']
 ['20' '122.59526853000094' 'present']
 ['17' '124.47927803011841' 'present']
 ['1' '125.19963949541948' 'marauded']
 ['20' '125.61098894684328' 'presentdestroyed']
 ['1' '134.7091891967551' 'present']
 ['1' '146.46071333307617' 'marauded']
 ['20' '155.66944826020676' 'present']
 ['17' '159.50217115017227' 'present']
 ['20' '164.66935825218798' 'present']
 ['1' '170.13884965883173' 'present']
 ['17' '170.2659745604813' 'present']
 ['20' '179.51293456962225' 'present']
 ['20' '187.41218889389722' 'present']
 ['1' '192.27034204450285' 'present']
 ['20' '195.12599017626553' 'present']
 ['20' '202.7556717714853' 'present']
 ['17' '204.9446388366634' 'present']
 ['17' '207.61593787755208' 'present']
 ['1' '216.33838423733428' 'present']
 ['20' '217.5402208055186' 'marauded']
 ['1' '252.66815238178881' 'marauded']
 ['17' '257.13086050168175' 'presentdestroyed']
 ['1' '272.513511455975' 'marauded']
 ['20' '272.6386163866131' 'presentdestroyed']
 ['17' '276.9995271002334' 'presentdestroyed']
 ['1' '283.0677168907534' 'present']
 ['17' '285.29227738060104' 'present']
 ['17' '286.95337577377916' 'present']
 ['20' '295.46443744252514' 'present']
 ['1' '295.53141780263564' 'present']
 ['20' '297.5154343809562' 'present']
 ['20' '298.86145178772495' 'present']
 ['20' '300.093402321665' 'present']
 ['1' '320.56413265548116' 'present']
 ['20' '321.5548554747316' 'present']
 ['17' '322.6483151883806' 'present']
 ['1' '324.70810966708393' 'present']
 ['20' '331.63601028625413' 'present']
 ['17' '353.2363105160883' 'present']]","[['F56' '33.44430790853777' 'mated']
 ['F55' '40.383222612678836' 'destroyed']
 ['F92' '57.78262250370431' 'mated']
 ['F199' '76.92801386995451' 'destroyed']
 ['F211' '152.91550811793655' 'destroyed']
 ['F27' '165.29263597488406' 'mated']
 ['F148' '205.1605169860395' 'mated']
 ['F170' '239.07873148841173' 'mated']
 ['F175' '255.98072564452232' 'destroyed']
 ['F87' '269.6902831272022' 'absent']
 ['F212' '330.44577000809363' 'mated']]",5000.0,1000.0,575.0,71.36969388009834,14.62013741883875,1425.0,241.3002300148401,51.59947616086996,244.0,42.52807713363786,9.32198181242962,10.0,0.9999999999999999,0.10000000000000003,81.0,3.845882769067845,0.18432784636488314
22,0.0,7,360.0090238884884,"[['21' '16.662717039201794' 'present']
 ['18' '30.772248204296123' 'present']
 ['18' '31.708788212121338' 'present']
 ['21' '57.010110476776696' 'present']
 ['21' '61.61302830348093' 'present']
 ['21' '83.50325242012737' 'present']
 ['18' '106.37442090724075' 'present']
 ['21' '113.47433273004123' 'present']
 ['21' '119.5477653322896' 'present']
 ['21' '120.44061833888817' 'present']
 ['18' '138.2698520417915' 'present']
 ['1' '151.27645462354863' 'present']
 ['3' '165.9528296637663' 'present']
 ['18' '168.28394858799797' 'present']
 ['3' '170.0687053759487' 'present']
 ['1' '174.09985305058416' 'present']
 ['21' '187.65500819328642' 'present']
 ['21' '196.19886116895074' 'marauded']
 ['21' '201.7235847831877' 'presentdestroyed']
 ['18' '243.18849601461798' 'present']
 ['21' '247.00941672773834' 'present']
 ['1' '249.78634952991254' 'marauded']
 ['18' '255.02882568338856' 'presentdestroyed']
 ['18' '294.1370700032316' 'present']
 ['19' '299.614083940455' 'marauded']
 ['21' '304.85360924417284' 'presentdestroyed']
 ['18' '323.1048314641082' 'present']
 ['19' '324.6597269543975' 'marauded']
 ['18' '343.9592344815527' 'present']
 ['18' '346.9628219411302' 'present']
 ['21' '354.54058257233686' 'present']
 ['18' '357.7645638267964' 'present']
 ['21' '360.02073564949654' 'present']]","[['F55' '40.36007446453069' 'absent']
 ['F164' '73.86483876814293' 'absent']
 ['F14' '153.5403686761465' 'mated']
 ['F73' '167.08448073633005' 'mated']
 ['F26' '207.79655135881663' 'mated']
 ['F178' '207.96649522759049' 'absent']
 ['F175' '256.00387379267045' 'destroyed']
 ['F175' '256.05017008896675' 'destroyed']
 ['F151' '264.3745534630548' 'mated']
 ['F87' '269.667134979054' 'absent']
 ['F97' '276.263657230179' 'mated']
 ['F85' '279.9564476457478' 'mated']
 ['F6' '282.1352740205287' 'mated']]",5000.0,2000.0,564.0,69.25627000273026,13.783739244321486,1601.0,266.3407712760627,56.25301358851249,144.0,24.508019249991815,5.301007688905264,0.0,0.0,0.0,0.0,0.0,0.0
23,0.0,13,360.55074914375075,"[['20' '3.1080842002785163' 'present']
 ['20' '4.734689365624522' 'present']
 ['3' '8.825967588958388' 'present']
 ['20' '15.077793440473263' 'present']
 ['3' '16.731747054206544' 'present']
 ['18' '20.772421445837846' 'present']
 ['19' '31.18842821194363' 'present']
 ['20' '46.02520495817952' 'present']
 ['20' '54.68176918597043' 'marauded']
 ['19' '58.95592415034929' 'destroyed']
 ['3' '62.861585208014866' 'destroyed']
 ['3' '69.52815801666033' 'present']
 ['20' '78.27401972257965' 'present']
 ['20' '83.13262090412216' 'present']
 ['20' '83.70413033028798' 'marauded']
 ['3' '85.53279311353377' 'presentdestroyed']
 ['20' '86.98091634000134' 'destroyed']
 ['3' '90.95015441936259' 'presentdestroyed']
 ['20' '95.26933664162297' 'present']
 ['19' '98.51675139092382' 'marauded']
 ['3' '114.14083636728046' 'marauded']
 ['19' '122.33506201095051' 'present']
 ['20' '127.17178279169686' 'present']
 ['3' '127.96186070552503' 'present']
 ['20' '130.38874368509028' 'present']
 ['3' '140.9545127497788' 'present']
 ['19' '149.48716992866417' 'present']
 ['20' '158.6555569446989' 'marauded']
 ['19' '190.9680775029472' 'present']
 ['3' '191.4160949135917' 'present']
 ['3' '200.85944628763932' 'present']
 ['3' '205.61312783502257' 'present']
 ['3' '223.62366385277565' 'present']
 ['20' '229.62179539237457' 'present']
 ['20' '232.4325443641446' 'present']
 ['20' '240.70665641624743' 'marauded']
 ['3' '248.30163853098955' 'present']
 ['3' '252.057950259596' 'marauded']
 ['19' '257.13347127945224' 'destroyed']
 ['20' '267.35033805370296' 'present']
 ['20' '282.8594673729644' 'present']
 ['20' '285.67863590473814' 'marauded']
 ['3' '286.97475431882344' 'presentdestroyed']
 ['3' '295.8110150679486' 'present']
 ['20' '299.6584305658949' 'present']
 ['19' '321.6445330611966' 'present']
 ['20' '336.567326945456' 'present']
 ['19' '343.3996773226569' 'present']
 ['3' '350.23089685921883' 'present']
 ['19' '359.77198574522964' 'marauded']]","[['F22' '38.630571816622215' 'mated']
 ['F164' '73.88798691629108' 'absent']
 ['F48' '75.43651995682396' 'mated']
 ['F86' '95.9289534197663' 'mated']
 ['F33' '109.86896928293397' 'mated']
 ['F116' '124.64740569884256' 'mated']
 ['F35' '125.84028445611249' 'mated']
 ['F167' '184.40572594047333' 'mated']
 ['F118' '186.1218495798391' 'mated']
 ['F138' '201.4404026791315' 'mated']
 ['F130' '207.35294227864952' 'absent']
 ['F60' '222.00266996067725' 'mated']
 ['F152' '232.43782756433467' 'mated']
 ['F91' '242.85957480340508' 'absentdestroyed']
 ['F175' '256.0270219408186' 'destroyed']
 ['F175' '256.0733182371149' 'destroyed']
 ['F151' '264.35140531490663' 'absent']
 ['F175' '268.1196145334112' 'mated']
 ['F87' '269.6439868309059' 'absent']
 ['F43' '333.0523994719734' 'mated']]",5000.0,3000.0,560.0,72.99013084217397,16.279528023674207,1403.0,238.41350249915305,51.45201117653207,286.0,48.59716910530386,10.398013834004706,0.0,0.0,0.0,0.0,0.0,0.0
