id,probability_maraud,successful_mating,next_foraging_time,mar_attempts,mate_attempts,x_pos,y_pos,foraging_events,foraging_hrs,foraging_sqhrs,staying_events,staying_hrs,staying_sqhrs,repairing_events,repairing_hrs,repairing_sqhrs,marauding_events,marauding_hrs,marauding_sqhrs,traveling_events,traveling_hrs,traveling_sqhrs
0,0.054,4,360.32867758760386,"[['4' '2.4830024805662174' 'present']
 ['9' '2.6793055957866936' 'present']
 ['4' '5.273844168401228' 'present']
 ['9' '5.422085307447655' 'present']
 ['5' '11.73021437824304' 'present']
 ['9' '12.922196081627819' 'present']
 ['20' '16.780745238118424' 'present']
 ['20' '17.4012898601628' 'marauded']
 ['4' '19.162640992870344' 'presentdestroyed']
 ['20' '25.892887013334036' 'present']
 ['20' '33.550562373832975' 'present']
 ['4' '42.0794109448094' 'present']
 ['20' '49.27575646913498' 'present']
 ['9' '53.508798789118195' 'present']
 ['4' '60.985046405783315' 'present']
 ['20' '69.51058889585424' 'present']
 ['4' '71.1532478047242' 'present']
 ['4' '75.31483444351109' 'present']
 ['20' '75.4300206959196' 'present']
 ['20' '76.00567799081466' 'present']
 ['4' '89.98465684718292' 'present']
 ['20' '92.15715536695072' 'present']
 ['4' '100.67133068754607' 'marauded']
 ['4' '126.09708879322014' 'marauded']
 ['9' '129.36546439419223' 'presentdestroyed']
 ['4' '130.5109441891058' 'presentdestroyed']
 ['9' '144.5345775808454' 'present']
 ['20' '144.74517820160227' 'present']
 ['4' '156.07476749495686' 'present']
 ['4' '157.43266604687912' 'present']
 ['4' '161.4972367342492' 'marauded']
 ['4' '165.50644669229234' 'presentdestroyed']
 ['4' '172.24115183533206' 'present']
 ['4' '177.59107535867827' 'present']
 ['20' '181.10690024255882' 'present']
 ['20' '185.72225998360693' 'marauded']
 ['4' '191.56109029118798' 'presentdestroyed']
 ['4' '193.12012446091674' 'present']
 ['20' '193.85447469440257' 'present']
 ['4' '194.29769157027434' 'present']
 ['20' '197.40279870065973' 'marauded']
 ['20' '203.45584788784205' 'presentdestroyed']
 ['12' '203.66907248364822' 'presentdestroyed']
 ['9' '239.2820868515808' 'present']
 ['9' '261.8358993551753' 'present']
 ['4' '264.8706811756036' 'present']
 ['4' '265.12244308805765' 'present']
 ['4' '267.6360660774587' 'present']
 ['4' '277.39808915607404' 'marauded']
 ['4' '277.8276571084896' 'presentdestroyed']
 ['20' '278.48739082535434' 'destroyed']
 ['9' '285.2729216279649' 'present']
 ['4' '288.3858990455659' 'present']
 ['4' '293.26103001574194' 'present']
 ['20' '295.34647230475565' 'present']
 ['4' '297.82572679404115' 'marauded']
 ['12' '306.7581880580825' 'present']
 ['20' '309.48640938508873' 'marauded']
 ['4' '317.020755226784' 'present']
 ['9' '330.77597896578385' 'present']
 ['20' '335.5911230424991' 'present']
 ['20' '342.2998796061347' 'present']
 ['19' '350.6610080938899' 'present']]","[['F14' '22.98195702620799' 'destroyed']
 ['F66' '81.44000334970393' 'mated']
 ['F76' '116.84352441735703' 'mated']
 ['F120' '135.93424644892985' 'absent']
 ['F149' '174.40090002784618' 'mated']
 ['F139' '179.71412844948796' 'mated']]",0.0,0.0,563.0,71.98953754276666,14.632735031017061,1358.0,230.83973810014865,49.39916031944194,318.0,54.61580854361371,11.558993438119371,9.0,0.8999999999999999,0.09000000000000002,68.0,1.7184274994791613,0.046617798353909404
1,0.054,13,359.8173115346567,"[['22' '0.011574074074074073' 'present']
 ['9' '0.8093556344545351' 'present']
 ['16' '1.2294339718371299' 'present']
 ['22' '3.436493547206787' 'present']
 ['9' '5.347746304914343' 'present']
 ['22' '7.130229553698248' 'present']
 ['8' '8.643189169377266' 'present']
 ['8' '10.486161580092103' 'present']
 ['5' '11.24674045048609' 'marauded']
 ['19' '13.388192511174855' 'presentdestroyed']
 ['7' '15.474886574349382' 'destroyed']
 ['19' '18.190670005715205' 'presentdestroyed']
 ['22' '18.909071223392935' 'destroyed']
 ['19' '19.16486303546732' 'presentdestroyed']
 ['18' '22.114529103778874' 'present']
 ['20' '25.920829299935576' 'present']
 ['9' '26.69092589990245' 'present']
 ['19' '27.431169386725802' 'present']
 ['20' '28.30323743264346' 'present']
 ['9' '30.765661035807426' 'present']
 ['16' '32.15194968883836' 'present']
 ['14' '35.77551163483006' 'present']
 ['9' '36.87522208742288' 'present']
 ['22' '37.33163596775713' 'present']
 ['20' '39.47253099214228' 'present']
 ['18' '39.980389815816444' 'marauded']
 ['22' '50.16033173099608' 'marauded']
 ['19' '50.266199562703015' 'destroyed']
 ['8' '52.20867616404979' 'presentdestroyed']
 ['19' '54.15223761581292' 'presentdestroyed']
 ['7' '54.941189182910776' 'destroyed']
 ['9' '56.1891642802001' 'destroyed']
 ['8' '57.00502626024822' 'presentdestroyed']
 ['9' '57.17674944652748' 'presentdestroyed']
 ['16' '57.18428112579555' 'presentdestroyed']
 ['16' '65.52367441410956' 'present']
 ['16' '69.74164792671147' 'present']
 ['22' '71.64245401577583' 'present']
 ['22' '72.95849844100428' 'present']
 ['22' '73.97058941077557' 'present']
 ['8' '76.4550256901566' 'present']
 ['8' '77.19039893220119' 'present']
 ['22' '82.95799651778135' 'present']
 ['8' '83.01541893973224' 'present']
 ['22' '85.76592736203487' 'present']
 ['22' '86.04309122990294' 'present']
 ['19' '86.26237595584946' 'present']
 ['8' '86.46836031682172' 'present']
 ['19' '91.26536280421443' 'present']
 ['12' '91.71286941378003' 'present']
 ['22' '92.67798013028055' 'marauded']
 ['16' '94.40833859134975' 'presentdestroyed']
 ['21' '94.79517690576138' 'destroyed']
 ['16' '94.98401694870489' 'presentdestroyed']
 ['19' '96.89700165349086' 'presentdestroyed']
 ['22' '101.36150390564313' 'present']
 ['19' '104.50011142250588' 'present']
 ['9' '106.02794390686931' 'present']
 ['22' '108.76001399546811' 'present']
 ['9' '109.0928106682875' 'present']
 ['18' '109.94056102550387' 'present']
 ['20' '112.43323199256945' 'present']
 ['8' '112.76788266904991' 'present']
 ['9' '122.54272018455517' 'present']
 ['18' '124.47437260216124' 'present']
 ['14' '124.74965404055067' 'present']
 ['18' '127.42671604051179' 'present']
 ['18' '129.1758952104742' 'marauded']
 ['9' '132.82402421383185' 'presentdestroyed']
 ['8' '135.90915242264884' 'presentdestroyed']
 ['16' '135.91138117304587' 'presentdestroyed']
 ['8' '137.02223263388143' 'present']
 ['8' '137.79406187013822' 'present']
 ['9' '142.0968296360329' 'present']
 ['8' '144.9035686330497' 'marauded']
 ['10' '145.17789871191746' 'presentdestroyed']
 ['19' '150.43264721281056' 'presentdestroyed']
 ['22' '153.4002933782853' 'present']
 ['9' '157.96991143221058' 'present']
 ['9' '158.6628020514859' 'marauded']
 ['16' '161.34778089953875' 'destroyed']
 ['10' '164.90849786481544' 'presentdestroyed']
 ['21' '170.35786427687972' 'present']
 ['19' '175.6451133837889' 'present']
 ['12' '178.11839979228282' 'present']
 ['9' '180.64041475175358' 'present']
 ['20' '181.0789579559573' 'present']
 ['19' '186.22998575667896' 'marauded']
 ['16' '186.5740025111988' 'presentdestroyed']
 ['19' '189.3688069727036' 'presentdestroyed']
 ['9' '191.21431664794574' 'presentdestroyed']
 ['19' '205.13403829271823' 'marauded']
 ['18' '205.25109387919235' 'destroyed']
 ['16' '206.64836185051846' 'presentdestroyed']
 ['9' '210.01906263632495' 'presentdestroyed']
 ['16' '215.29021062589993' 'marauded']
 ['9' '218.07247454294074' 'presentdestroyed']
 ['7' '218.38618517878797' 'presentdestroyed']
 ['22' '225.0209812207391' 'marauded']
 ['20' '227.04174956186' 'presentdestroyed']
 ['9' '230.65760434790755' 'presentdestroyed']
 ['8' '231.82824907678076' 'presentdestroyed']
 ['22' '232.33068560184927' 'present']
 ['18' '238.32604844004922' 'present']
 ['19' '242.11651918459557' 'present']
 ['9' '246.5289567374969' 'marauded']
 ['9' '246.77270828099472' 'presentdestroyed']
 ['9' '249.14522853934142' 'presentdestroyed']
 ['19' '249.68993466616433' 'presentdestroyed']
 ['7' '254.9267314627773' 'present']
 ['22' '256.9105098620383' 'present']
 ['20' '256.9144431927379' 'present']
 ['8' '264.6960198849519' 'marauded']
 ['9' '274.173409893168' 'marauded']
 ['20' '280.8885921503415' 'destroyed']
 ['18' '281.1873564883262' 'presentdestroyed']
 ['16' '284.8469943372287' 'marauded']
 ['18' '285.0305297184685' 'presentdestroyed']
 ['8' '293.2408605353412' 'present']
 ['7' '294.2861374423066' 'marauded']
 ['10' '295.7653111652375' 'presentdestroyed']
 ['9' '298.74963670863065' 'presentdestroyed']
 ['8' '304.36508392364755' 'marauded']
 ['18' '308.1838676524077' 'destroyed']
 ['7' '312.1059550300325' 'present']
 ['16' '316.41264062593615' 'present']
 ['7' '316.64679754370474' 'present']
 ['12' '318.66988653244084' 'marauded']
 ['18' '320.5796865768585' 'presentdestroyed']
 ['16' '324.5752868274705' 'presentdestroyed']
 ['19' '328.25854633651534' 'present']
 ['22' '328.75417308760785' 'present']
 ['18' '336.5156347338898' 'present']
 ['16' '337.2927228672803' 'present']
 ['7' '344.3554671532579' 'present']
 ['16' '345.80888239320274' 'present']
 ['16' '346.07786320128554' 'present']
 ['10' '346.34262662755276' 'present']
 ['18' '346.53450445670745' 'present']
 ['18' '349.0819270646024' 'present']
 ['18' '350.7717850379656' 'marauded']
 ['9' '350.8744708358808' 'presentdestroyed']
 ['20' '351.49801437395746' 'presentdestroyed']
 ['18' '357.0255660781954' 'presentdestroyed']
 ['22' '358.1790435067366' 'presentdestroyed']]","[['F159' '16.178045961930664' 'absentdestroyed']
 ['F14' '23.00989931280953' 'mated']
 ['F143' '36.03386187259244' 'mated']
 ['F130' '53.32935929619464' 'absentdestroyed']
 ['F90' '56.38289885867245' 'absentdestroyed']
 ['F134' '64.83716035007207' 'mated']
 ['F32' '67.7991527157122' 'mated']
 ['F31' '76.9390033368085' 'mated']
 ['F197' '81.4236494931258' 'absent']
 ['F45' '87.7549186952949' 'mated']
 ['F142' '89.47440219121177' 'mated']
 ['F171' '94.63340595781625' 'absentdestroyed']
 ['F81' '96.64988816517705' 'destroyed']
 ['F81' '96.6730363133252' 'destroyed']
 ['F189' '102.75586244550732' 'absent']
 ['F30' '107.2165318308455' 'mated']
 ['F206' '159.1937686427206' 'absentdestroyed']
 ['F70' '161.0029225873334' 'destroyed']
 ['F105' '163.82073114377343' 'absentdestroyed']
 ['F157' '165.9483280221873' 'absent']
 ['F188' '166.64633815266046' 'absent']
 ['F109' '166.87259851768928' 'mated']
 ['F67' '174.1141721565098' 'mated']
 ['F97' '192.31583956248306' 'destroyed']
 ['F164' '213.20196075369773' '']
 ['F163' '218.96948205808243' 'destroyed']
 ['F163' '218.9926302062306' 'destroyed']
 ['F44' '219.1994258324516' 'destroyed']
 ['F106' '221.3757600499258' 'destroyed']
 ['F137' '237.29408092689744' 'mated']
 ['F72' '248.34314018828323' 'destroyed']
 ['F21' '266.00304600198206' 'absentdestroyed']
 ['F23' '270.53186756712586' 'destroyed']
 ['F60' '292.8316590710132' 'mated']
 ['F101' '316.38591252780935' 'mated']]",0.0,500.0,564.0,70.6041456466338,15.200775248340317,991.0,170.54722589186824,36.86237856053326,675.0,116.18362759010829,25.028645926989128,13.0,1.3,0.13000000000000006,54.0,1.3688787711599868,0.03643689986282579
2,0.054,4,359.97213063827866,"[['9' '0.5039035360753389' 'marauded']
 ['14' '9.6030226054964' 'present']
 ['14' '16.205600355350686' 'present']
 ['19' '17.908985638036654' 'marauded']
 ['18' '41.49995939394991' 'present']
 ['14' '60.963643309506836' 'present']
 ['19' '67.50338647061403' 'marauded']
 ['19' '79.00670504626459' 'marauded']
 ['19' '79.13944147131951' 'destroyed']
 ['10' '87.85988626464379' 'marauded']
 ['19' '90.53903249835875' 'presentdestroyed']
 ['18' '113.6939856497251' 'marauded']
 ['18' '132.7372119031111' 'present']
 ['18' '150.9580791577412' 'marauded']
 ['7' '160.02441955003158' 'present']
 ['18' '174.02178035977693' 'present']
 ['18' '177.91524870075423' 'marauded']
 ['9' '196.3289990324504' 'marauded']
 ['18' '212.5385002268215' 'marauded']
 ['7' '212.90456918643332' 'presentdestroyed']
 ['7' '216.76963753842006' 'presentdestroyed']
 ['7' '236.14192396512996' 'marauded']
 ['7' '236.54624634189358' 'presentdestroyed']
 ['18' '263.4523900100802' 'marauded']
 ['7' '264.2157889652917' 'presentdestroyed']
 ['16' '268.63185257014567' 'presentdestroyed']
 ['14' '270.3428999906969' 'destroyed']
 ['7' '274.94289371807537' 'present']
 ['16' '288.8783196835674' 'present']
 ['7' '305.4218146019902' 'present']
 ['12' '324.98984426130875' 'present']
 ['18' '333.2140589442251' 'marauded']
 ['19' '345.1495670889257' 'present']]","[['F195' '93.064594540932' 'destroyed']
 ['F136' '134.66061484086828' 'absent']
 ['F145' '143.98089880979563' 'absent']
 ['F3' '166.84409723888194' 'mated']
 ['F39' '208.35170983724458' 'mated']
 ['F172' '231.03124105040575' 'mated']
 ['F183' '237.49661384971128' 'destroyed']
 ['F190' '258.5165872775026' 'mated']]",0.0,1000.0,561.0,70.34484811252712,14.304126156773,1238.0,206.40417783477628,44.03394789684832,459.0,79.58447876553564,17.110076319731746,13.0,1.3,0.13000000000000006,76.0,2.3696188048182214,0.07608882030178324
3,0.0,14,360.48809993796823,"[['15' '12.687445244935136' 'present']
 ['7' '14.255663969733812' 'present']
 ['2' '16.050594633850995' 'present']
 ['21' '33.552336217359745' 'present']
 ['21' '38.90145447581088' 'present']
 ['21' '48.67690218969404' 'present']
 ['22' '48.88783482340122' 'present']
 ['2' '54.585607673606425' 'present']
 ['2' '64.80589402447595' 'present']
 ['21' '65.91470453588076' 'present']
 ['21' '71.56574701553814' 'present']
 ['12' '76.63881705601555' 'marauded']
 ['2' '78.76213575500239' 'presentdestroyed']
 ['21' '79.03708603121137' 'presentdestroyed']
 ['15' '79.47472548787202' 'presentdestroyed']
 ['22' '80.44658808735231' 'presentdestroyed']
 ['21' '81.70751268898022' 'presentdestroyed']
 ['15' '82.32320304863435' 'presentdestroyed']
 ['21' '82.32827856602668' 'presentdestroyed']
 ['21' '88.49153494069209' 'present']
 ['21' '98.16784579922634' 'present']
 ['2' '99.3334280671189' 'present']
 ['2' '109.73330637326124' 'present']
 ['22' '110.00003689006358' 'present']
 ['15' '120.88234197246075' 'present']
 ['21' '125.16770734824557' 'present']
 ['21' '132.00941580727127' 'present']
 ['22' '136.67119129524025' 'present']
 ['2' '136.75602253678485' 'present']
 ['12' '153.8282293986246' 'present']
 ['2' '160.78417948279497' 'present']
 ['15' '161.11772032614155' 'present']
 ['15' '162.92299765619936' 'marauded']
 ['15' '165.45502392493745' 'destroyed']
 ['21' '169.8860563761564' 'present']
 ['15' '184.7524742610153' 'marauded']
 ['21' '186.50403699345782' 'presentdestroyed']
 ['15' '187.7885601982468' 'presentdestroyed']
 ['2' '193.80047343674187' 'present']
 ['7' '194.8344254588381' 'marauded']
 ['2' '207.86174275747996' 'present']
 ['22' '214.40275100907562' 'present']
 ['15' '218.64055835994824' 'marauded']
 ['21' '219.91630575290148' 'presentdestroyed']
 ['7' '234.7194483251283' 'present']
 ['15' '234.74952026302128' 'present']
 ['22' '236.54099367438369' 'present']
 ['5' '240.65255313696406' 'marauded']
 ['21' '248.9862762000904' 'present']
 ['7' '249.03252962478578' 'present']
 ['2' '249.2650692634795' 'present']
 ['22' '250.20724432279434' 'present']
 ['21' '251.0098730736161' 'present']
 ['5' '256.874518875944' 'marauded']
 ['7' '266.7181332646612' 'present']
 ['2' '273.7481095719419' 'present']
 ['15' '279.8646677530723' 'present']
 ['15' '286.9929163950332' 'marauded']
 ['21' '293.44144864638946' 'presentdestroyed']
 ['15' '295.97011598362826' 'present']
 ['15' '302.2765192998456' 'present']
 ['7' '307.9806047986678' 'present']
 ['15' '310.5791383642959' 'present']
 ['21' '314.31230985440294' 'present']
 ['7' '328.8649668626429' 'marauded']
 ['22' '333.7349551860498' 'presentdestroyed']
 ['21' '338.3588892900772' 'present']
 ['1' '339.0669420028982' 'present']
 ['7' '343.25533172417965' 'present']
 ['15' '355.1194934366198' 'present']
 ['21' '355.8635280443847' 'present']
 ['7' '358.69454782626735' 'present']
 ['2' '359.02340041591833' 'present']]","[['F73' '52.93956206727' 'mated']
 ['F65' '56.77467227430928' 'absent']
 ['F202' '73.94568876099478' 'mated']
 ['F184' '97.38841105813633' 'mated']
 ['F136' '134.67698305339573' 'mated']
 ['F2' '141.27980297805001' 'mated']
 ['F128' '153.75315684322624' 'mated']
 ['F192' '157.57062081019328' 'absent']
 ['F85' '158.9453458272008' 'mated']
 ['F188' '166.66270636518792' 'destroyed']
 ['F109' '166.8215080829396' 'destroyed']
 ['F191' '175.002716168277' 'mated']
 ['F132' '183.5106228797245' 'mated']
 ['F131' '188.61596592186945' 'absentdestroyed']
 ['F131' '200.66705635661913' 'absentdestroyed']
 ['F131' '200.69020450476728' 'destroyed']
 ['F173' '206.56163038789722' 'mated']
 ['F50' '207.64904062988433' 'mated']
 ['F175' '210.48304893635432' 'absent']
 ['F7' '215.83112759733822' 'mated']
 ['F172' '230.968576541582' 'absent']
 ['F172' '231.0148728378783' 'absent']
 ['F23' '270.5713839278015' 'mated']
 ['F162' '273.4375803168027' 'mated']
 ['F91' '289.37846816800766' 'destroyed']]",0.0,1500.0,559.0,70.76558722897363,15.170365074799516,1414.0,234.62829203984808,49.56312890556122,325.0,54.66876119039831,11.409715270741724,0.0,0.0,0.0,0.0,0.0,0.0
4,0.054,11,359.9222401623796,"[['9' '3.409726256578348' 'present']
 ['0' '7.337326522950777' 'present']
 ['0' '16.628008976378037' 'present']
 ['9' '22.314643156161864' 'present']
 ['0' '26.163689461036466' 'present']
 ['14' '30.31504367282206' 'present']
 ['5' '32.058350294621754' 'marauded']
 ['14' '32.535035297027' 'presentdestroyed']
 ['5' '33.73139669895034' 'presentdestroyed']
 ['0' '35.49955532717988' 'presentdestroyed']
 ['0' '61.123264180790635' 'present']
 ['9' '62.22949102760465' 'present']
 ['0' '64.01555678010327' 'present']
 ['0' '64.19557633463056' 'present']
 ['14' '65.30222168782083' 'present']
 ['0' '65.73862095053202' 'present']
 ['0' '70.38541588486392' 'present']
 ['0' '77.51721194683135' 'marauded']
 ['0' '81.87205584195321' 'presentdestroyed']
 ['0' '83.4116651551042' 'presentdestroyed']
 ['5' '89.21306536803863' 'present']
 ['5' '89.7383715671911' 'present']
 ['5' '90.41890296995255' 'present']
 ['0' '90.43466933188175' 'present']
 ['5' '90.5991317229413' 'present']
 ['0' '90.69730642889941' 'present']
 ['14' '92.55955118716858' 'present']
 ['0' '96.20392664093747' 'present']
 ['5' '97.35499657420593' 'present']
 ['14' '100.46959342784082' 'present']
 ['14' '101.59789641713893' 'marauded']
 ['14' '102.48053458615699' 'destroyed']
 ['9' '104.05344705598043' 'destroyed']
 ['0' '111.71260574881909' 'marauded']
 ['9' '112.3524913713073' 'presentdestroyed']
 ['5' '113.65604380170446' 'presentdestroyed']
 ['5' '131.93260163094632' 'marauded']
 ['9' '136.79007188659975' 'presentdestroyed']
 ['0' '141.06277931979614' 'present']
 ['5' '144.9557314818488' 'present']
 ['14' '150.43242794522246' 'present']
 ['14' '150.90059613275596' 'present']
 ['9' '157.45507606060832' 'present']
 ['9' '160.85358126079177' 'present']
 ['0' '174.96160632613444' 'present']
 ['9' '175.2113385315032' 'present']
 ['0' '180.8839926898103' 'present']
 ['0' '182.41462796238756' 'present']
 ['0' '183.58126940167907' 'present']
 ['9' '185.26664053414586' 'present']
 ['19' '215.31017389964168' 'present']
 ['14' '226.46381092179902' 'present']
 ['0' '231.49136574343999' 'marauded']
 ['9' '231.881922423058' 'presentdestroyed']
 ['5' '242.02384940990538' 'marauded']
 ['5' '242.36660451064665' 'presentdestroyed']
 ['5' '242.62970231973912' 'presentdestroyed']
 ['14' '243.65395472658165' 'destroyed']
 ['9' '249.36494730231126' 'presentdestroyed']
 ['9' '252.09367487516744' 'marauded']
 ['0' '253.23650495988272' 'presentdestroyed']
 ['14' '277.95391289789046' 'present']
 ['9' '289.81642117737823' 'present']
 ['5' '291.5205275684559' 'present']
 ['9' '295.3252515066367' 'present']
 ['14' '303.71864311020215' 'present']
 ['14' '304.6749416174595' 'marauded']
 ['0' '309.0582621160987' 'presentdestroyed']
 ['5' '317.796121631887' 'present']
 ['14' '322.02369349217224' 'present']
 ['15' '326.3305383348088' 'present']
 ['0' '347.0484543166761' 'present']
 ['0' '348.649207218992' 'present']
 ['0' '350.68301669722933' 'marauded']
 ['14' '355.7400947451012' 'presentdestroyed']
 ['0' '359.3194628653856' 'present']]","[['F66' '81.41685520155578' 'destroyed']
 ['F43' '95.10274142645179' 'mated']
 ['F120' '135.92267237485578' 'destroyed']
 ['F120' '135.94582052300393' 'destroyed']
 ['F48' '154.96981890905727' 'mated']
 ['F6' '169.56623875321156' 'mated']
 ['F119' '170.07611751694483' 'mated']
 ['F112' '174.0594251887404' 'mated']
 ['F56' '208.3654729051088' 'mated']
 ['F204' '214.1308519617266' 'mated']
 ['F200' '214.1879605621981' 'mated']
 ['F41' '222.47223809299354' 'absent']
 ['F72' '248.30568569780291' 'destroyed']
 ['F83' '260.3129642985459' 'mated']
 ['F211' '281.0134312816755' 'mated']
 ['F77' '336.9677082262589' 'mated']]",500.0,0.0,548.0,74.14584618011656,16.522243678956233,1307.0,220.29908948110497,47.29947088916842,347.0,61.394281497331924,13.4927853746067,19.0,1.9000000000000006,0.1900000000000001,91.0,2.3647563737406405,0.06537208504801093
5,0.054,7,360.2638497337556,"[['8' '22.43559374574918' 'present']
 ['12' '29.748940405656963' 'present']
 ['8' '31.30744570703844' 'present']
 ['9' '41.32483986902047' 'present']
 ['4' '53.563764909745615' 'marauded']
 ['19' '61.461458994448066' 'present']
 ['19' '67.9728498071309' 'marauded']
 ['16' '68.65512443766775' 'destroyed']
 ['4' '72.20803359124838' 'presentdestroyed']
 ['7' '84.67441131463033' 'present']
 ['4' '129.99290259100187' 'present']
 ['4' '131.29800775321266' 'present']
 ['4' '147.94658459296565' 'present']
 ['0' '151.06873740281165' 'present']
 ['4' '158.64136829485287' 'marauded']
 ['19' '164.67891515846102' 'presentdestroyed']
 ['4' '170.76879616468196' 'present']
 ['8' '174.70999854712593' 'present']
 ['7' '179.21982067936887' 'present']
 ['9' '179.9893350008366' 'present']
 ['4' '182.27794540093285' 'marauded']
 ['19' '183.58804132398086' 'destroyed']
 ['8' '192.07576143566803' 'marauded']
 ['4' '205.09870120040156' 'present']
 ['4' '211.28104732894977' 'present']
 ['7' '211.53443357765917' 'marauded']
 ['4' '227.8455183218565' 'present']
 ['4' '227.8782547469114' 'present']
 ['19' '258.35303392478954' 'present']
 ['8' '265.873732242129' 'present']
 ['19' '265.8842097001529' 'present']
 ['19' '270.38671788001807' 'marauded']
 ['4' '313.0136832436893' 'present']
 ['4' '323.37495977221226' 'present']
 ['7' '328.52987588838556' 'present']
 ['4' '330.09122864381567' 'present']
 ['7' '346.79036620048555' 'marauded']]","[['F184' '97.36526290998818' 'absent']
 ['F69' '110.35117455991904' 'mated']
 ['F120' '135.96218873553138' 'mated']
 ['F100' '150.44048854902456' 'mated']
 ['F4' '156.9106856433619' 'absent']
 ['F49' '171.70811322176309' 'mated']
 ['F213' '183.30034601904327' 'destroyed']
 ['F141' '197.01299877373376' 'absentdestroyed']
 ['F82' '238.10210757122877' 'mated']
 ['F117' '240.617798504785' 'absent']
 ['F88' '267.58271427832256' 'mated']
 ['F104' '269.4330424866956' 'mated']]",500.0,500.0,568.0,74.57694932934422,16.487857378097214,1359.0,232.9543474926064,49.75315133827907,281.0,48.84760954993742,10.98516985128379,10.0,0.9999999999999999,0.10000000000000003,76.0,2.667283308718117,0.09645061728395056
6,0.0,15,359.9595640527695,"[['10' '21.645434603633515' 'present']
 ['7' '34.55284475384984' 'marauded']
 ['10' '36.146833146707095' 'presentdestroyed']
 ['1' '36.860039964058316' 'presentdestroyed']
 ['2' '40.186328331981066' 'presentdestroyed']
 ['7' '46.23696166241533' 'marauded']
 ['9' '57.246193890971924' 'present']
 ['9' '75.71253367555549' 'present']
 ['2' '76.25004711553039' 'present']
 ['10' '79.72253616280435' 'present']
 ['7' '82.59907960594853' 'present']
 ['10' '102.01971276081686' 'present']
 ['2' '112.81622828429012' 'marauded']
 ['9' '116.48027952236518' 'presentdestroyed']
 ['9' '117.55116886998063' 'presentdestroyed']
 ['1' '121.71168372522327' 'present']
 ['19' '139.42631299225835' 'present']
 ['9' '150.5078316111438' 'present']
 ['9' '151.2751641882714' 'present']
 ['9' '153.56387077466766' 'present']
 ['7' '154.0167121988323' 'present']
 ['9' '158.78595019963404' 'present']
 ['2' '161.76507594924902' 'marauded']
 ['9' '165.09221434348717' 'presentdestroyed']
 ['2' '168.47531905905052' 'presentdestroyed']
 ['9' '173.234830411232' 'present']
 ['7' '185.62254515449837' 'present']
 ['9' '233.4874273152666' 'present']
 ['1' '235.64109766125802' 'present']
 ['9' '235.87583170370382' 'present']
 ['7' '236.01398167852844' 'marauded']
 ['9' '250.2502340325171' 'present']
 ['10' '251.85104953272835' 'marauded']
 ['7' '268.013788525262' 'present']
 ['7' '275.4266422549165' 'marauded']
 ['9' '277.12225760273594' 'presentdestroyed']
 ['10' '290.7308326860049' 'present']
 ['2' '300.3883442220837' 'present']
 ['9' '300.8573894459436' 'marauded']
 ['2' '311.71209265501653' 'present']
 ['9' '321.4078996033193' 'present']
 ['10' '326.433102610402' 'present']
 ['9' '331.8530791997574' 'present']
 ['1' '349.2267264800036' 'marauded']
 ['1' '350.4451765081879' 'presentdestroyed']]","[['F159' '16.189620036004737' 'mated']
 ['F13' '37.34981583999016' 'absentdestroyed']
 ['F160' '53.12370769870204' 'destroyed']
 ['F197' '81.43522356719987' 'mated']
 ['F36' '93.15758843604137' 'mated']
 ['F20' '98.0931302238105' 'mated']
 ['F187' '109.62980389448245' 'mated']
 ['F152' '114.39347105390766' 'destroyed']
 ['F145' '143.9972670223231' 'mated']
 ['F51' '153.12372686385274' 'mated']
 ['F182' '159.86428545120776' 'mated']
 ['F114' '160.2024787272685' 'mated']
 ['F118' '207.19553026258635' 'mated']
 ['F37' '224.03083150140787' 'mated']
 ['F124' '261.5581061383943' 'mated']
 ['F21' '266.0261941501302' 'mated']
 ['F169' '272.1796996402409' 'mated']
 ['F115' '319.8507092569953' 'mated']]",500.0,1000.0,552.0,69.46033970347104,14.418466747497607,1389.0,235.74010024292943,50.95431489328771,322.0,55.055983885925436,11.859256667467045,0.0,0.0,0.0,0.0,0.0,0.0
7,0.054,6,360.06511056200685,"[['2' '0.19160768364149935' 'present']
 ['15' '0.7274118756823424' 'marauded']
 ['8' '4.156764630537269' 'presentdestroyed']
 ['5' '5.706601770630139' 'destroyed']
 ['15' '7.779265528671501' 'presentdestroyed']
 ['15' '8.951445853312823' 'present']
 ['15' '15.317017569217338' 'present']
 ['8' '20.36438542591444' 'present']
 ['15' '26.621816078287544' 'marauded']
 ['15' '27.57167364817578' 'presentdestroyed']
 ['8' '27.795663365146442' 'presentdestroyed']
 ['2' '28.461981480971666' 'presentdestroyed']
 ['8' '33.27827849002315' 'presentdestroyed']
 ['15' '41.79136792827595' 'present']
 ['8' '57.93144814492231' 'present']
 ['1' '57.964504727621645' 'present']
 ['15' '62.140573124525666' 'present']
 ['1' '70.36361504814496' 'marauded']
 ['14' '93.01669798869828' 'present']
 ['5' '93.9060516995707' 'present']
 ['5' '96.98812729496994' 'marauded']
 ['14' '100.43487120561859' 'presentdestroyed']
 ['15' '102.16083842927635' 'presentdestroyed']
 ['15' '103.2366406388416' 'destroyed']
 ['15' '108.53292573299315' 'present']
 ['14' '109.35795799703031' 'marauded']
 ['8' '110.02397162175635' 'presentdestroyed']
 ['14' '111.15397700009369' 'presentdestroyed']
 ['15' '115.06238361696633' 'destroyed']
 ['5' '116.93585182752138' 'present']
 ['8' '120.16928513560222' 'present']
 ['15' '125.98192034147031' 'marauded']
 ['15' '127.12324130393974' 'presentdestroyed']
 ['8' '127.79667600686471' 'presentdestroyed']
 ['15' '130.55930066682242' 'destroyed']
 ['14' '132.93683851325827' 'presentdestroyed']
 ['8' '137.6564733139111' 'present']
 ['2' '139.8063234478634' 'marauded']
 ['5' '142.2258037870532' 'presentdestroyed']
 ['15' '142.79036636208227' 'destroyed']
 ['14' '151.66291898487657' 'present']
 ['8' '156.34790204615302' 'present']
 ['2' '165.4865677926734' 'present']
 ['8' '170.76413755845246' 'marauded']
 ['2' '173.96671740500594' 'presentdestroyed']
 ['2' '177.30681315266105' 'presentdestroyed']
 ['8' '178.20216726913205' 'destroyed']
 ['8' '183.74646598351492' 'present']
 ['2' '188.11465304898513' 'present']
 ['8' '191.07410011744236' 'present']
 ['2' '207.89447918253487' 'present']
 ['8' '223.04378052951535' 'present']
 ['15' '224.59338587988123' 'marauded']
 ['15' '231.6919090519965' 'present']
 ['15' '237.72334069214287' 'marauded']
 ['5' '245.4321337372759' 'present']
 ['8' '263.8316319250233' 'present']
 ['15' '269.77294214182155' 'present']
 ['8' '270.08031996798763' 'present']
 ['14' '275.94120015358754' 'present']
 ['15' '283.7691521282482' 'present']
 ['15' '283.8661997217221' 'present']
 ['16' '284.6668068728951' 'marauded']
 ['2' '291.4260940824607' 'presentdestroyed']
 ['2' '292.47240464893514' 'destroyed']
 ['2' '296.7037916530966' 'present']
 ['8' '296.83569740542697' 'present']
 ['15' '300.50546007306843' 'present']
 ['19' '310.39416126523514' 'present']
 ['2' '312.0521090741132' 'present']
 ['1' '315.4103590515878' 'present']
 ['2' '328.98796848400195' 'marauded']
 ['15' '330.4617650054226' 'destroyed']
 ['8' '333.3651988021155' 'presentdestroyed']
 ['2' '343.603282999975' 'present']
 ['15' '345.485329974621' 'present']
 ['15' '357.3644996863472' 'present']]","[['F160' '53.13528177277612' 'mated']
 ['F208' '83.8305715557742' 'absent']
 ['F184' '97.34889469746071' 'destroyed']
 ['F20' '98.08155614973643' 'destroyed']
 ['F4' '156.92705385588934' 'mated']
 ['F114' '160.19090465319442' 'absent']
 ['F167' '191.88594407712287' 'mated']
 ['F180' '198.41930049527187' 'absent']
 ['F95' '199.1889671502666' 'mated']
 ['F205' '225.26123190498606' 'destroyed']
 ['F117' '240.60143029225753' 'destroyed']
 ['F155' '269.022172749609' 'mated']
 ['F209' '276.53830166266533' 'mated']
 ['F27' '286.097827104748' 'destroyed']
 ['F87' '304.2413244489819' 'absent']]",500.0,1500.0,565.0,69.93424342708265,14.536949397846152,1223.0,213.03371765214783,46.24145905201194,431.0,73.45431994203493,15.801768678700139,14.0,1.4000000000000001,0.14000000000000007,76.0,2.1871372514772993,0.06697959533607678
8,0.054,9,360.3252114026416,"[['5' '2.0181054399990366' 'present']
 ['12' '3.539866035572935' 'present']
 ['7' '19.70326111451695' 'present']
 ['5' '23.304458101582092' 'present']
 ['5' '26.208522781019347' 'present']
 ['5' '33.506532295018445' 'present']
 ['21' '36.081039295919496' 'present']
 ['7' '39.70617780212391' 'present']
 ['5' '49.0356658056262' 'present']
 ['7' '49.85919168479242' 'present']
 ['21' '59.99074486534352' 'present']
 ['7' '68.14513506694101' 'present']
 ['7' '79.11778386720553' 'present']
 ['7' '86.98973239595442' 'present']
 ['1' '91.34661195931214' 'present']
 ['5' '105.0814130430525' 'present']
 ['1' '126.58887626434803' 'present']
 ['5' '147.2954788596204' 'present']
 ['5' '148.58541187840368' 'present']
 ['4' '150.04739231795114' 'present']
 ['7' '183.05785439012652' 'present']
 ['1' '200.44623775403' 'present']
 ['1' '214.44015613072287' 'marauded']
 ['5' '227.55511681102433' 'present']
 ['1' '237.39652796704854' 'marauded']
 ['21' '241.54542916945863' 'destroyed']
 ['7' '245.15641765254372' 'presentdestroyed']
 ['7' '251.60537732172804' 'marauded']
 ['21' '258.2243336384822' 'presentdestroyed']
 ['7' '270.5182199587101' 'marauded']
 ['7' '273.2805793806186' 'presentdestroyed']
 ['1' '284.8073529928275' 'marauded']
 ['4' '287.5835070754065' 'presentdestroyed']
 ['7' '299.18734987511664' 'present']
 ['5' '299.40796104952136' 'present']
 ['21' '307.85734559516334' 'marauded']
 ['21' '308.2766755687362' 'presentdestroyed']
 ['7' '315.76009854249673' 'presentdestroyed']
 ['5' '317.4870614035472' 'present']
 ['5' '321.7780105497445' 'present']
 ['1' '325.77429747845053' 'marauded']
 ['5' '331.0352157649992' 'presentdestroyed']
 ['4' '331.9664934638689' 'presentdestroyed']
 ['21' '337.16078983172224' 'present']
 ['7' '340.928312176792' 'present']
 ['21' '359.0520618343976' 'present']]","[['F81' '96.63831409110297' 'absent']
 ['F81' '96.68461038739927' 'mated']
 ['F176' '130.05980181502943' 'mated']
 ['F177' '131.73480236591402' 'mated']
 ['F188' '166.68585451333607' 'mated']
 ['F35' '178.9262912996541' 'mated']
 ['F213' '183.31671423157073' 'mated']
 ['F97' '192.32741363655714' 'mated']
 ['F180' '198.43087456934595' 'mated']
 ['F175' '210.51099122295585' 'mated']
 ['F72' '248.33156611420915' 'absent']]",1000.0,0.0,572.0,70.93293817728608,15.14933499282897,1462.0,242.78615818924604,51.157873156480264,261.0,42.74750146532499,9.014731744861654,13.0,1.3,0.13000000000000006,81.0,2.315300007432059,0.07073045267489708
9,0.054,19,360.07325913222473,"[['0' '12.469567619607451' 'present']
 ['4' '13.503926036210672' 'present']
 ['0' '28.760653608044926' 'present']
 ['15' '35.46034132470183' 'present']
 ['20' '36.036682993377205' 'present']
 ['0' '41.62903680235667' 'present']
 ['5' '43.12007210043751' 'marauded']
 ['4' '43.54016077352254' 'presentdestroyed']
 ['5' '49.00292938057127' 'presentdestroyed']
 ['0' '53.00383191409364' 'present']
 ['0' '56.79792912045535' 'present']
 ['1' '58.17658287586251' 'present']
 ['15' '65.22248225156449' 'present']
 ['0' '65.45469830111871' 'marauded']
 ['0' '65.60099459741501' 'destroyed']
 ['5' '66.5519287055068' 'presentdestroyed']
 ['4' '71.13009965657605' 'destroyed']
 ['5' '76.54934808027193' 'present']
 ['4' '77.46254882018252' 'marauded']
 ['5' '79.49245934858389' 'presentdestroyed']
 ['5' '85.16588820552082' 'destroyed']
 ['4' '85.24786975502143' 'presentdestroyed']
 ['4' '88.85858672570919' 'present']
 ['5' '93.23974228878959' 'present']
 ['1' '110.62386161871616' 'present']
 ['14' '114.92344532021644' 'present']
 ['2' '130.45536944652076' 'present']
 ['4' '130.6359525304517' 'present']
 ['5' '131.07903056345' 'present']
 ['5' '133.09896633166443' 'present']
 ['0' '142.3744868301768' 'present']
 ['0' '161.0361565109896' 'present']
 ['4' '162.19751114378266' 'present']
 ['4' '165.96376245801804' 'present']
 ['5' '174.3594553195124' 'present']
 ['7' '181.46422517037058' 'present']
 ['20' '184.40019961387782' 'present']
 ['21' '185.30717173593922' 'present']
 ['15' '186.21811417585224' 'present']
 ['4' '198.14510940515459' 'present']
 ['4' '201.94394182941798' 'marauded']
 ['4' '204.0948526574722' 'presentdestroyed']
 ['5' '204.12225786600808' 'presentdestroyed']
 ['0' '216.5221128681125' 'present']
 ['21' '218.298658281664' 'marauded']
 ['4' '224.58997696023206' 'presentdestroyed']
 ['2' '234.2729914478252' 'present']
 ['15' '234.71479804079905' 'present']
 ['0' '241.74820678568977' 'present']
 ['4' '242.02528120856726' 'present']
 ['5' '260.79407225224946' 'present']
 ['5' '261.34875876857274' 'present']
 ['4' '262.131715142061' 'marauded']
 ['0' '273.6880145340369' 'present']
 ['5' '286.1361615092054' 'present']
 ['5' '295.48794683691796' 'present']
 ['5' '304.431526822711' 'marauded']
 ['0' '309.08141026424687' 'destroyed']
 ['5' '309.0906620944665' 'destroyed']
 ['4' '322.8595193719326' 'present']
 ['0' '322.9612511298207' 'marauded']
 ['0' '336.32119502990514' 'marauded']
 ['1' '336.7945962558519' 'presentdestroyed']
 ['1' '339.03899971629664' 'destroyed']
 ['0' '339.1686879350841' 'destroyed']
 ['1' '339.40835841063483' 'presentdestroyed']
 ['0' '340.5548382254785' 'presentdestroyed']
 ['15' '343.3347030896921' 'presentdestroyed']
 ['0' '353.8638788950435' 'present']]","[['F197' '81.41207541905172' 'destroyed']
 ['F66' '81.42842927562985' 'destroyed']
 ['F152' '114.40504512798174' 'mated']
 ['F24' '115.1359905884772' 'mated']
 ['F62' '128.1903994668845' 'mated']
 ['F168' '152.5524048223423' 'mated']
 ['F68' '160.5365509880897' 'mated']
 ['F63' '162.65449059348748' 'mated']
 ['F57' '170.4932999614498' 'mated']
 ['F157' '177.95990209626137' 'mated']
 ['F53' '187.50012963706547' 'mated']
 ['F214' '188.21830502132275' 'mated']
 ['F141' '197.0293669862612' 'mated']
 ['F9' '213.32486290592405' 'mated']
 ['F44' '219.18785175837752' 'destroyed']
 ['F29' '229.14325529947504' 'mated']
 ['F174' '232.13737042733325' 'mated']
 ['F117' '240.63416671731244' 'mated']
 ['F21' '266.01462007605613' 'destroyed']
 ['F111' '272.59690433447446' 'mated']
 ['F42' '288.67392605473515' 'mated']
 ['F113' '293.378349866573' 'mated']
 ['F59' '346.9454961630427' 'mated']]",1000.0,500.0,571.0,70.30471892320813,14.457664805345573,1372.0,232.11997383672116,48.94026596546065,326.0,54.64444137130926,11.664030160694974,8.0,0.7999999999999999,0.08000000000000002,81.0,2.171954331591348,0.06376457475994504
10,0.054,2,359.9549701074316,"[['12' '10.316792562511948' 'present']
 ['12' '48.666598796100004' 'marauded']
 ['20' '49.30369875573653' 'presentdestroyed']
 ['20' '101.66086272868152' 'present']
 ['20' '108.09165926629936' 'present']
 ['20' '210.19595648533905' 'present']
 ['12' '214.44537321450875' 'present']
 ['20' '230.04081653773164' 'present']
 ['20' '258.90268270752324' 'present']
 ['12' '270.71319510123857' 'present']
 ['20' '281.9466916629811' 'present']
 ['12' '312.55457799413955' 'marauded']
 ['12' '317.2581002147023' 'presentdestroyed']]","[['F31' '76.89675470787478' 'absent']
 ['F203' '90.30805828660701' 'absent']
 ['F121' '136.23470976296502' 'mated']
 ['F54' '190.1954010985211' 'mated']]",1000.0,1000.0,558.0,73.02156583217192,16.485487232679755,1621.0,269.4986643449368,56.81185922600869,73.0,12.153024779292691,2.52044893868389,18.0,1.8000000000000005,0.1800000000000001,95.0,3.5894913744499948,0.1425325788751714
11,0.0,10,360.4119741470146,"[['8' '4.809210139927781' 'present']
 ['22' '14.840063958959915' 'present']
 ['22' '21.328976538642255' 'marauded']
 ['8' '39.87507188702783' 'present']
 ['8' '92.05944993173024' 'present']
 ['8' '108.09208584290494' 'present']
 ['8' '165.8124026809121' 'present']
 ['8' '189.843642381082' 'marauded']
 ['8' '191.10204240404389' 'presentdestroyed']
 ['10' '212.31569839591012' 'present']
 ['10' '217.20095358487723' 'marauded']
 ['22' '293.46275845091634' 'present']
 ['22' '324.1409020505538' 'present']
 ['22' '326.2548894398867' 'present']
 ['10' '355.32747554175916' 'marauded']]","[['F122' '37.94583772678237' 'mated']
 ['F65' '56.78624634838336' 'mated']
 ['F108' '66.24592819442674' 'mated']
 ['F138' '151.61647723209148' 'mated']
 ['F75' '155.10791800179706' 'mated']
 ['F132' '183.49904880565043' 'absent']
 ['F74' '207.29629475206363' 'mated']
 ['F92' '255.8642570328797' 'mated']
 ['F23' '270.5598098537274' 'absent']
 ['F91' '289.39004224208173' 'mated']
 ['F1' '311.6937988179122' 'mated']
 ['F28' '312.08501677411533' 'mated']]",1000.0,1500.0,573.0,67.68910962514848,13.03882745031586,1606.0,270.3292038263081,58.08720071431248,118.0,21.983599770241735,5.028406199927042,0.0,0.0,0.0,0.0,0.0,0.0
12,0.054,8,360.30926654248697,"[['20' '24.88466343313079' 'present']
 ['10' '29.954283559947775' 'present']
 ['10' '34.59309536520825' 'present']
 ['15' '38.65276217752748' 'marauded']
 ['15' '47.77365630072595' 'present']
 ['10' '64.69850021014672' 'marauded']
 ['1' '76.36663199501757' 'present']
 ['10' '82.29656789251175' 'present']
 ['5' '90.55688309400757' 'present']
 ['15' '91.29577942141353' 'present']
 ['10' '96.89026116676317' 'marauded']
 ['10' '97.59184099552644' 'destroyed']
 ['10' '98.22252076322292' 'destroyed']
 ['10' '104.87063046686936' 'present']
 ['10' '107.90966283663809' 'marauded']
 ['20' '110.70859718866846' 'presentdestroyed']
 ['20' '112.4052897059679' 'destroyed']
 ['10' '113.18922731240696' 'presentdestroyed']
 ['10' '120.51108403388739' 'present']
 ['10' '136.35677535284762' 'present']
 ['20' '145.9737362098642' 'present']
 ['10' '149.7637782494617' 'present']
 ['15' '155.501357980573' 'present']
 ['15' '160.4352385089127' 'marauded']
 ['10' '182.23523209256948' 'present']
 ['10' '183.3475574754206' 'present']
 ['0' '183.6159916239013' 'present']
 ['10' '185.06848139061094' 'marauded']
 ['15' '186.17859781517663' 'destroyed']
 ['10' '188.71892268615315' 'presentdestroyed']
 ['20' '191.25361795784488' 'presentdestroyed']
 ['10' '197.693464472306' 'present']
 ['20' '212.9213496765402' 'present']
 ['10' '214.57374230319505' 'present']
 ['10' '224.114051583372' 'present']
 ['10' '228.69168499063605' 'present']
 ['10' '235.8923883718424' 'present']
 ['15' '240.63026366255477' 'present']
 ['20' '246.45589989568913' 'marauded']
 ['7' '247.5406945370238' 'destroyed']
 ['15' '267.56869704610074' 'present']
 ['10' '269.0903333694984' 'present']
 ['15' '275.4732889975743' 'present']
 ['10' '276.3140729358182' 'present']
 ['20' '283.2268097421081' 'present']
 ['10' '289.30434349853266' 'present']
 ['20' '290.35629295892414' 'present']
 ['10' '292.56018769212136' 'present']
 ['20' '294.26300751890756' 'present']
 ['20' '294.2861556670557' 'present']
 ['20' '295.8444514411101' 'present']
 ['20' '302.3978265000595' 'present']
 ['10' '312.1233072639997' 'present']
 ['20' '327.3719549592527' 'marauded']
 ['10' '334.1532468859685' 'destroyed']
 ['10' '339.6668794719402' 'present']
 ['10' '339.85027429299697' 'present']
 ['10' '341.1316025354675' 'present']
 ['10' '348.2367063370418' 'present']
 ['10' '356.06150363814857' 'present']
 ['10' '357.2084313327534' 'present']]","[['F22' '64.52123118045445' 'mated']
 ['F31' '76.91312292040224' 'absent']
 ['F123' '119.89144811577405' 'mated']
 ['F5' '154.5334133591975' 'mated']
 ['F192' '157.59376895834143' 'mated']
 ['F157' '165.8992994576329' 'destroyed']
 ['F157' '165.92244760578106' 'destroyed']
 ['F109' '166.84465623108775' 'destroyed']
 ['F191' '174.97956802012885' 'absent']
 ['F131' '188.6391140700176' 'destroyed']
 ['F12' '201.99160464878418' 'absent']
 ['F106' '221.42007054905477' 'mated']
 ['F172' '230.99172468973015' 'absent']
 ['F72' '248.37108247488476' 'destroyed']
 ['F148' '286.79432815010074' 'mated']
 ['F10' '290.3120176386244' 'mated']
 ['F8' '299.20557700568963' 'mated']
 ['F198' '329.1633176971311' 'absentdestroyed']]",1500.0,0.0,565.0,69.18903314159441,14.343427507408792,1421.0,238.86984893405875,50.74359124157757,290.0,48.57817967394987,10.605865229287602,13.0,1.3,0.13000000000000006,84.0,2.2950076371841814,0.06912294238683123
13,0.0,5,360.0556240325211,"[['16' '1.77280208065506' 'present']
 ['14' '32.13736697218979' 'marauded']
 ['10' '32.85469593200072' 'presentdestroyed']
 ['14' '35.41194682459358' 'presentdestroyed']
 ['8' '37.39721817567897' 'presentdestroyed']
 ['14' '45.30903153511112' 'marauded']
 ['14' '52.72907761042867' 'marauded']
 ['8' '57.45658697104426' 'destroyed']
 ['8' '64.24676370405021' 'present']
 ['16' '72.03248169315074' 'present']
 ['19' '86.95777872880089' 'present']
 ['8' '87.57184282003196' 'present']
 ['7' '92.82109800977945' 'present']
 ['10' '105.24509426317633' 'present']
 ['8' '105.60427818265005' 'present']
 ['10' '106.57877333622656' 'marauded']
 ['8' '123.00279819726258' 'marauded']
 ['10' '126.35209979744423' 'presentdestroyed']
 ['16' '150.07734849041861' 'marauded']
 ['14' '154.96246611095722' 'destroyed']
 ['8' '156.3199597595515' 'presentdestroyed']
 ['14' '156.49611013908813' 'presentdestroyed']
 ['9' '170.60610423210338' 'marauded']
 ['10' '178.07928252466667' 'presentdestroyed']
 ['19' '179.5301749805759' 'present']
 ['16' '181.76779471023997' 'present']
 ['14' '191.45642728742362' 'present']
 ['19' '195.75556973111836' 'present']
 ['9' '211.06246020342118' 'present']
 ['10' '221.63169166418876' 'marauded']
 ['9' '225.58356139065663' 'presentdestroyed']
 ['14' '226.20189273171854' 'destroyed']
 ['8' '234.0690338995472' 'marauded']
 ['19' '243.1221337812319' 'present']
 ['5' '243.73218339473542' 'present']
 ['5' '244.7181249329964' 'marauded']
 ['16' '257.4495523078138' 'present']
 ['19' '258.91178691585003' 'marauded']
 ['8' '283.7748708979024' 'present']
 ['14' '308.9578164043936' 'present']
 ['19' '309.13017487593794' 'present']
 ['21' '327.10282134218755' 'present']
 ['1' '333.60982786183246' 'present']
 ['1' '350.47311879478946' 'marauded']
 ['19' '352.21018248836697' 'presentdestroyed']
 ['14' '354.9484206687565' 'presentdestroyed']
 ['8' '359.9324023861933' 'present']]","[['F13' '37.3756962563964' 'absentdestroyed']
 ['F122' '37.934263652708296' 'destroyed']
 ['F130' '53.31299108366717' 'destroyed']
 ['F203' '90.33120643475516' 'mated']
 ['F194' '125.62170885272812' 'destroyed']
 ['F176' '130.04343360250198' 'destroyed']
 ['F178' '133.58395215850754' 'absent']
 ['F70' '161.02607073548154' 'mated']
 ['F93' '168.39492615931235' 'absent']
 ['F164' '213.2183289662252' 'mated']
 ['F44' '219.21579404497905' 'mated']
 ['F23' '270.54823577965334' 'absent']
 ['F47' '294.93799046960027' 'mated']]",1500.0,500.0,561.0,73.76399787872253,16.676973952053302,1252.0,212.92170929785667,45.79499150800178,423.0,73.39045838806847,16.004435702984903,0.0,0.0,0.0,0.0,0.0,0.0
14,0.054,6,360.52471665434473,"[['4' '2.3841762126909254' 'present']
 ['4' '16.882102782724058' 'marauded']
 ['4' '43.97023963842899' 'present']
 ['10' '45.848757138554404' 'present']
 ['4' '48.88918061000038' 'present']
 ['4' '61.69910796640383' 'present']
 ['19' '63.354892708038996' 'present']
 ['8' '63.57007236958489' 'present']
 ['4' '68.897973865267' 'present']
 ['20' '71.920871638316' 'present']
 ['4' '87.31816066617758' 'present']
 ['9' '110.91684679797177' 'present']
 ['0' '114.69226663222179' 'present']
 ['4' '147.57681633963443' 'present']
 ['20' '147.6351738962475' 'present']
 ['4' '149.74182239657884' 'present']
 ['4' '152.24310816945706' 'present']
 ['8' '152.81355759571153' 'present']
 ['4' '158.61342600825134' 'present']
 ['21' '166.76668470465268' 'marauded']
 ['4' '171.37249900227883' 'presentdestroyed']
 ['4' '177.67115269283738' 'present']
 ['10' '180.2787963146249' 'present']
 ['0' '181.5095105053686' 'present']
 ['1' '181.78786634713646' 'present']
 ['4' '182.74799421824082' 'marauded']
 ['8' '183.17354995095238' 'presentdestroyed']
 ['4' '189.31367932600966' 'presentdestroyed']
 ['4' '201.18966760041423' 'marauded']
 ['2' '209.43500479603648' 'present']
 ['19' '211.78475958144372' 'marauded']
 ['4' '212.7773952263612' 'presentdestroyed']
 ['0' '243.3586279084519' 'present']
 ['21' '249.52013619508315' 'marauded']
 ['4' '274.91447864174273' 'present']
 ['4' '279.3219315699657' 'marauded']
 ['4' '293.2841781638901' 'marauded']
 ['4' '293.40732631203826' 'destroyed']
 ['4' '323.60594038017973' 'marauded']
 ['4' '331.9290389733886' 'present']
 ['4' '333.84903771288623' 'present']
 ['19' '334.57237179417757' 'present']
 ['4' '337.85310134511053' 'marauded']
 ['4' '344.0143506537579' 'presentdestroyed']
 ['19' '346.59490158455867' 'marauded']
 ['4' '359.72210195827455' 'marauded']]","[['F170' '30.344346291048737' 'mated']
 ['F96' '135.91103560185732' 'mated']
 ['F61' '143.52152368257134' 'mated']
 ['F6' '169.5546646791375' 'destroyed']
 ['F131' '188.58802363526792' 'destroyed']
 ['F210' '196.73923765911002' 'mated']
 ['F127' '211.5620849571101' 'mated']
 ['F204' '214.11927788765252' 'absentdestroyed']
 ['F200' '214.17638648812402' 'absentdestroyed']
 ['F41' '222.4838121670676' 'mated']
 ['F144' '295.1341859774002' 'absentdestroyed']]",1500.0,1000.0,576.0,71.00939198299136,14.945717538975579,1298.0,217.56585595696788,46.15472504586557,382.0,67.84554013489448,14.892030868176844,11.0,1.0999999999999999,0.11000000000000004,73.0,2.5022824269108774,0.09109224965706447
15,0.054,9,360.24344905746364,"[['12' '2.7649263688993155' 'present']
 ['9' '8.748752928116437' 'present']
 ['12' '19.20835107496688' 'present']
 ['7' '21.01658549712249' 'present']
 ['9' '33.28323135234916' 'present']
 ['7' '49.88233983294057' 'marauded']
 ['7' '52.9556475383682' 'presentdestroyed']
 ['7' '79.14093201535368' 'present']
 ['9' '125.79846353448676' 'present']
 ['7' '181.42677067989027' 'present']
 ['14' '198.45502042702014' 'marauded']
 ['7' '206.14286281179827' 'marauded']
 ['7' '208.7654980409402' 'destroyed']
 ['12' '209.42730804619907' 'presentdestroyed']
 ['7' '213.15931184456645' 'presentdestroyed']
 ['9' '239.73267642812658' 'present']
 ['7' '261.7857391899918' 'present']
 ['7' '322.6331479650625' 'present']]","[['F208' '83.84214562984828' 'mated']
 ['F129' '146.30693696142856' 'mated']
 ['F192' '157.5590467361192' 'absent']
 ['F165' '183.67664109087326' 'mated']
 ['F131' '200.65548228254505' 'destroyed']
 ['F131' '200.6786304306932' 'destroyed']
 ['F205' '225.27280597906014' 'mated']
 ['F133' '268.29982199633514' 'mated']
 ['F166' '282.46090629632283' 'mated']
 ['F27' '286.10940117882205' 'mated']
 ['F110' '287.308493034039' 'mated']
 ['F87' '304.252898523056' 'mated']]",1500.0,1500.0,556.0,72.41865503201534,15.046192712202075,1566.0,265.45113645836733,57.418636924070675,118.0,18.312676962734905,3.6272423254759376,15.0,1.5000000000000002,0.15000000000000008,90.0,2.3316648625314333,0.06430041152263369
16,0.054,10,360.37548401029403,"[['18' '12.470468326299608' 'marauded']
 ['18' '28.3685130078508' 'present']
 ['20' '48.17317246462768' 'present']
 ['1' '66.94087046094327' 'present']
 ['20' '74.97768552753011' 'present']
 ['1' '78.02914555629998' 'marauded']
 ['1' '103.28895484859271' 'present']
 ['22' '105.11256279300586' 'marauded']
 ['18' '108.83866887814337' 'presentdestroyed']
 ['1' '115.78745842431194' 'present']
 ['22' '125.16791147626726' 'present']
 ['18' '130.52521977199922' 'present']
 ['18' '133.65867158060524' 'present']
 ['20' '141.08236594043547' 'present']
 ['18' '151.691703905744' 'present']
 ['18' '160.8995884994292' 'present']
 ['18' '169.46637766554218' 'present']
 ['1' '171.26322648462715' 'present']
 ['18' '191.16242268716152' 'present']
 ['1' '198.37985088668754' 'marauded']
 ['1' '202.67583498324078' 'presentdestroyed']
 ['22' '206.14037223233575' 'present']
 ['22' '216.17209029225452' 'present']
 ['21' '219.16989297514928' 'present']
 ['20' '227.17609975443978' 'present']
 ['22' '234.7386406626413' 'marauded']
 ['2' '261.19513826980716' 'present']
 ['1' '262.6545122279678' 'present']
 ['22' '262.72763710593887' 'present']
 ['20' '267.4298597219292' 'present']
 ['18' '272.1939497569933' 'marauded']
 ['22' '272.49954622133606' 'presentdestroyed']
 ['20' '284.1923398341802' 'present']
 ['20' '297.0997983749137' 'present']
 ['18' '303.96230566041316' 'present']
 ['18' '303.9854538085613' 'present']
 ['20' '307.9182049807151' 'present']
 ['5' '316.22797621390964' 'present']
 ['18' '329.9917340628474' 'marauded']
 ['18' '330.9657659692807' 'presentdestroyed']
 ['22' '341.15641062730685' 'present']
 ['18' '346.5576526048556' 'present']]","[['F159' '16.143323739708446' 'destroyed']
 ['F159' '16.16647188785659' 'destroyed']
 ['F13' '37.39206446892387' 'mated']
 ['F90' '56.394472932746524' 'mated']
 ['F178' '133.600320371035' 'mated']
 ['F147' '144.06299743368768' 'mated']
 ['F105' '163.8323052178475' 'mated']
 ['F126' '177.8855965677837' 'mated']
 ['F64' '196.09785706299868' 'absent']
 ['F34' '233.43582315087215' 'mated']
 ['F154' '243.99255937636585' 'mated']
 ['F15' '302.4786667164363' 'mated']
 ['F16' '349.9654261671239' 'mated']]",2000.0,0.0,578.0,68.42099061578111,13.651738823816766,1461.0,245.92392652570183,52.535378373951154,242.0,42.794939375613936,9.383835710414479,10.0,0.9999999999999999,0.10000000000000003,79.0,2.0854856537812414,0.05894204389574752
17,0.0,9,360.59019351644383,"[['12' '4.394598738354443' 'present']
 ['15' '10.380962388797295' 'present']
 ['7' '13.752113211062' 'present']
 ['7' '15.44215014929445' 'present']
 ['15' '15.995162030215846' 'present']
 ['18' '17.39376578881188' 'present']
 ['12' '19.08040878836534' 'marauded']
 ['7' '19.943245914636655' 'presentdestroyed']
 ['15' '20.634040044860242' 'presentdestroyed']
 ['15' '27.04258436290619' 'present']
 ['15' '28.232954012937956' 'present']
 ['12' '30.022256609918525' 'present']
 ['5' '30.71875775474107' 'present']
 ['15' '31.26068045544409' 'present']
 ['21' '35.08073774265801' 'marauded']
 ['12' '37.36253652470949' 'presentdestroyed']
 ['18' '38.12101073372703' 'presentdestroyed']
 ['15' '41.16841550266243' 'presentdestroyed']
 ['7' '48.8151657904837' 'present']
 ['12' '53.433777289585244' 'present']
 ['12' '58.19994949126255' 'present']
 ['2' '58.89993265727076' 'marauded']
 ['2' '61.54251024666133' 'presentdestroyed']
 ['15' '70.74015993863676' 'present']
 ['18' '72.53728700617509' 'present']
 ['12' '78.97532636528437' 'present']
 ['15' '80.34050294843514' 'present']
 ['12' '80.51065995411777' 'present']
 ['18' '81.09484422922438' 'present']
 ['18' '82.42658261247719' 'present']
 ['18' '82.63407179732106' 'present']
 ['12' '86.10534338583258' 'present']
 ['18' '90.60531033384747' 'present']
 ['12' '90.93575694616216' 'present']
 ['15' '91.32372170801507' 'present']
 ['15' '102.5535230038556' 'present']
 ['21' '105.68725150540622' 'present']
 ['15' '112.84291774732232' 'present']
 ['15' '116.6327863234737' 'marauded']
 ['15' '123.50739887832803' 'presentdestroyed']
 ['2' '123.91194303608671' 'destroyed']
 ['18' '125.73073722539115' 'present']
 ['21' '130.35928316405636' 'marauded']
 ['2' '134.7049756114658' 'presentdestroyed']
 ['15' '141.51462341032507' 'marauded']
 ['21' '142.27100686770493' 'presentdestroyed']
 ['15' '144.39344773916773' 'destroyed']
 ['18' '147.49262343220124' 'presentdestroyed']
 ['2' '149.46543968477303' 'present']
 ['2' '149.8914667000304' 'present']
 ['7' '155.37905659589825' 'present']
 ['15' '157.9196623068224' 'marauded']
 ['21' '158.4700635157781' 'destroyed']
 ['2' '159.22287755332488' 'presentdestroyed']
 ['15' '159.44540207049266' 'presentdestroyed']
 ['21' '159.75097223665182' 'destroyed']
 ['2' '162.04750655960106' 'presentdestroyed']
 ['2' '166.54494253913026' 'present']
 ['15' '171.05294015537407' 'marauded']
 ['12' '172.624820798042' 'presentdestroyed']
 ['18' '180.02254757024338' 'present']
 ['15' '186.1506555285751' 'present']
 ['15' '187.4515787751714' 'present']
 ['2' '189.06905074607997' 'present']
 ['21' '190.04384360004227' 'present']
 ['2' '192.84572908528477' 'present']
 ['12' '195.98933612130404' 'present']
 ['18' '202.94710662541996' 'present']
 ['18' '206.3174598801964' 'present']
 ['12' '206.34637014030088' 'present']
 ['18' '212.97265269733387' 'present']
 ['12' '216.29827404261752' 'present']
 ['22' '224.1266792850717' 'marauded']
 ['21' '225.90885059701108' 'presentdestroyed']
 ['12' '233.18246481851358' 'present']
 ['21' '243.9745871222963' 'marauded']
 ['15' '251.3073901618157' 'present']
 ['15' '251.97983877105543' 'present']
 ['21' '257.2758193220865' 'present']
 ['12' '258.1426942924824' 'marauded']
 ['15' '258.2300978978056' 'destroyed']
 ['15' '264.0035723528966' 'presentdestroyed']
 ['7' '267.37813946879555' 'present']
 ['12' '267.99994807900885' 'present']
 ['18' '269.9455618203282' 'present']
 ['15' '270.23268121209776' 'present']
 ['2' '272.0696140899754' 'present']
 ['12' '272.42417599143613' 'present']
 ['2' '274.87095702030985' 'present']
 ['12' '277.23699675830966' 'present']
 ['12' '278.1540348939903' 'marauded']
 ['21' '278.5017035726729' 'presentdestroyed']
 ['15' '283.6134347018764' 'destroyed']
 ['15' '294.14678718640585' 'present']
 ['2' '296.2393144821891' 'marauded']
 ['15' '296.71281470078645' 'presentdestroyed']
 ['7' '299.94826457465916' 'presentdestroyed']
 ['21' '299.993398356366' 'presentdestroyed']
 ['2' '302.58907319477663' 'presentdestroyed']
 ['18' '303.1194247459704' 'destroyed']
 ['18' '306.6179308219555' 'present']
 ['21' '314.12192314480313' 'present']
 ['7' '315.7880408290983' 'present']
 ['18' '316.3448839068375' 'present']
 ['15' '323.1949407043175' 'present']
 ['2' '326.57222458649505' 'present']
 ['2' '329.2757684420397' 'marauded']
 ['15' '335.1211967948607' 'presentdestroyed']
 ['2' '341.44698674304993' 'present']
 ['18' '352.7401272057432' 'marauded']
 ['5' '356.8431509546656' 'presentdestroyed']]","[['F151' '45.35881764320352' 'mated']
 ['F158' '69.78527610602595' 'mated']
 ['F195' '93.07616861500608' 'mated']
 ['F40' '113.84684867513992' 'mated']
 ['F194' '125.66122521340374' 'mated']
 ['F18' '125.74269124799426' 'mated']
 ['F86' '150.88422994580696' 'mated']
 ['F138' '151.59332908394333' 'absent']
 ['F157' '165.91087353170698' 'absent']
 ['F46' '180.0234100672407' 'mated']
 ['F135' '216.7372488751949' 'absent']
 ['F166' '282.44933222224876' 'destroyed']
 ['F94' '294.7218514394468' 'mated']]",2000.0,500.0,577.0,72.06909575618013,14.39133032403122,1151.0,197.57006399803296,43.47735155313926,548.0,90.51556463986734,19.454227242476946,0.0,0.0,0.0,0.0,0.0,0.0
18,0.054,9,359.93902204102653,"[['0' '16.49716430121524' 'present']
 ['2' '38.631377731143445' 'present']
 ['2' '44.2226209297632' 'marauded']
 ['2' '51.188629255315' 'destroyed']
 ['16' '56.96506942359614' 'present']
 ['2' '60.36926015499861' 'marauded']
 ['2' '62.81080343106612' 'presentdestroyed']
 ['19' '63.04947710607971' 'destroyed']
 ['16' '65.54962993525952' 'destroyed']
 ['16' '65.7782781660325' 'presentdestroyed']
 ['16' '75.31048895217964' 'present']
 ['1' '76.4040864854979' 'present']
 ['16' '77.65268204147117' 'present']
 ['19' '80.10154063908611' 'present']
 ['2' '99.36616449217384' 'marauded']
 ['1' '116.01448355667532' 'marauded']
 ['1' '121.80490233354342' 'presentdestroyed']
 ['1' '121.82805048169158' 'presentdestroyed']
 ['16' '124.03394077397373' 'present']
 ['16' '135.23694613807007' 'present']
 ['16' '138.57526160510636' 'present']
 ['16' '139.07778994160398' 'present']
 ['1' '158.25725610986737' 'present']
 ['2' '165.12009200564646' 'present']
 ['16' '172.72848546667416' 'present']
 ['19' '188.8622374166088' 'present']
 ['16' '219.68761816843352' 'present']
 ['16' '233.18685380931026' 'present']
 ['16' '252.52179548447427' 'present']
 ['16' '254.07760302478997' 'present']
 ['16' '282.1005907271854' 'present']
 ['16' '285.78634111619084' 'marauded']
 ['2' '294.41248808108026' 'marauded']
 ['2' '295.76979180004156' 'presentdestroyed']
 ['16' '295.83633632083655' 'presentdestroyed']
 ['16' '299.7527159736057' 'presentdestroyed']
 ['16' '308.19022847351545' 'marauded']
 ['2' '309.7499098039834' 'presentdestroyed']
 ['16' '313.16971250876037' 'destroyed']
 ['1' '313.93332225692103' 'presentdestroyed']
 ['16' '320.1994313004688' 'present']
 ['19' '327.36498214861604' 'present']
 ['19' '337.35956110149925' 'marauded']
 ['16' '338.8391165902119' 'presentdestroyed']]","[['F159' '16.15489781378252' 'absent']
 ['F11' '37.01968996155436' 'mated']
 ['F171' '94.64498003189033' 'mated']
 ['F199' '95.98906133150493' 'mated']
 ['F194' '125.64965113932966' 'absent']
 ['F99' '158.75550355885383' 'mated']
 ['F206' '159.2053427167947' 'mated']
 ['F64' '196.10943113707276' 'mated']
 ['F183' '237.51298206223873' 'mated']
 ['F193' '257.8970196476192' 'mated']
 ['F153' '260.0902540235625' 'mated']]",2000.0,1000.0,572.0,72.58538354864339,15.677778668705553,1400.0,235.5944561979758,50.139157115167066,302.0,48.76859523532242,10.025344092685424,14.0,1.4000000000000001,0.14000000000000007,66.0,1.681190208286331,0.04393861454046636
19,0.054,8,359.85342071853506,"[['5' '23.763704153352073' 'present']
 ['14' '35.81502799550567' 'present']
 ['5' '39.52088079760412' 'present']
 ['14' '41.78798960830145' 'present']
 ['2' '42.04693913368498' 'marauded']
 ['14' '42.375822755106306' 'presentdestroyed']
 ['2' '43.539045534520135' 'presentdestroyed']
 ['2' '47.82033361121834' 'presentdestroyed']
 ['5' '48.48136011902961' 'presentdestroyed']
 ['2' '52.605518910993425' 'present']
 ['14' '57.50684795003132' 'present']
 ['1' '61.9776306429771' 'present']
 ['14' '69.91818110040742' 'present']
 ['14' '70.81647712804599' 'marauded']
 ['2' '77.70765408678444' 'presentdestroyed']
 ['2' '77.84644311443054' 'presentdestroyed']
 ['5' '83.52231463758649' 'present']
 ['5' '85.19862463057575' 'present']
 ['1' '90.95872080963917' 'present']
 ['14' '92.97718162802266' 'present']
 ['1' '109.58460685787115' 'marauded']
 ['18' '111.19324207461007' 'destroyed']
 ['8' '123.14504682619629' 'marauded']
 ['1' '126.23625063850201' 'presentdestroyed']
 ['5' '131.1117669885049' 'present']
 ['18' '139.30864010432484' 'present']
 ['14' '141.61831568576306' 'present']
 ['5' '142.75396452856623' 'present']
 ['14' '143.61734594707582' 'present']
 ['5' '146.01746319129734' 'present']
 ['14' '154.58400175452158' 'present']
 ['14' '157.54052488149964' 'marauded']
 ['14' '161.05375789917554' 'presentdestroyed']
 ['14' '166.23470780661884' 'present']
 ['5' '167.6962414186671' 'present']
 ['14' '199.37444816626612' 'present']
 ['2' '208.70000227466818' 'present']
 ['14' '209.070820433202' 'present']
 ['18' '209.1190029383433' 'present']
 ['14' '226.49175320840055' 'present']
 ['18' '234.19435980611442' 'present']
 ['1' '237.2317667837308' 'present']
 ['1' '238.80073632517596' 'present']
 ['14' '244.5274321889588' 'present']
 ['5' '246.3925691174625' 'present']
 ['18' '261.05632155969016' 'present']
 ['2' '276.1343735761602' 'marauded']
 ['14' '278.44341214833145' 'presentdestroyed']
 ['18' '285.67245865932915' 'marauded']
 ['5' '296.36533688743447' 'present']
 ['14' '310.36299321568697' 'marauded']
 ['5' '323.1175428727331' 'present']
 ['5' '330.1979424932374' 'present']
 ['2' '330.4421700734125' 'present']
 ['5' '332.5732806605482' 'present']
 ['1' '333.637770148434' 'present']
 ['2' '349.97413409906824' 'present']
 ['1' '350.42202836003975' 'present']
 ['8' '351.85286731392154' 'present']
 ['18' '354.14287107704325' 'present']
 ['5' '356.88539958359934' 'present']]","[['F170' '30.32797807852127' 'absent']
 ['F156' '99.76140834346782' 'mated']
 ['F181' '121.64977806946125' 'mated']
 ['F194' '125.6332829268022' 'absentdestroyed']
 ['F100' '150.4241203364971' 'absent']
 ['F52' '157.02579300649435' 'mated']
 ['F70' '161.01449666140746' 'destroyed']
 ['F179' '190.8685539768097' 'mated']
 ['F140' '193.9394419345395' 'mated']
 ['F55' '212.25612022344754' 'mated']
 ['F79' '225.11549787175258' 'mated']
 ['F104' '269.41667427416814' 'absent']
 ['F101' '316.3743384537353' 'destroyed']
 ['F125' '336.721514619761' 'mated']]",2000.0,1500.0,552.0,74.82250627476121,16.099163902633347,1378.0,233.74933930750367,49.33460239948719,286.0,48.59069843386112,10.203589235836452,12.0,1.2,0.12000000000000005,57.0,1.7145860116075513,0.05572702331961591
20,0.054,7,360.203513785718,"[['0' '7.562762316963953' 'marauded']
 ['12' '28.485948178324588' 'present']
 ['0' '29.274640786487126' 'present']
 ['12' '29.549529678939745' 'present']
 ['12' '31.390623957568334' 'present']
 ['12' '35.36709400756164' 'present']
 ['10' '36.97197964691601' 'present']
 ['0' '38.45187762311654' 'present']
 ['12' '47.44633139239124' 'present']
 ['0' '47.72229393845994' 'present']
 ['16' '50.964330318760005' 'marauded']
 ['12' '57.09994564506796' 'destroyed']
 ['10' '57.29467012225384' 'destroyed']
 ['12' '61.70047531343244' 'marauded']
 ['10' '64.66576378509178' 'presentdestroyed']
 ['0' '65.57784644926686' 'destroyed']
 ['0' '66.6309673972074' 'presentdestroyed']
 ['0' '69.81426840209713' 'present']
 ['10' '72.05398311359697' 'present']
 ['10' '73.54642973597895' 'present']
 ['16' '75.09153521256754' 'present']
 ['10' '82.23729935964826' 'present']
 ['21' '82.65966003912037' 'marauded']
 ['12' '84.80357042798884' 'presentdestroyed']
 ['0' '89.73546782132226' 'presentdestroyed']
 ['16' '90.11076542555152' 'presentdestroyed']
 ['16' '93.14752754586' 'present']
 ['10' '101.16342428947081' 'present']
 ['12' '104.5029648247067' 'present']
 ['10' '111.32176844975785' 'present']
 ['10' '117.36474031730059' 'present']
 ['10' '117.94339982338693' 'marauded']
 ['12' '121.72025350412355' 'presentdestroyed']
 ['16' '128.9492290404552' 'present']
 ['10' '136.89266459833317' 'present']
 ['12' '151.39631823375012' 'present']
 ['12' '152.4819522424937' 'marauded']
 ['10' '152.5114537170166' 'destroyed']
 ['21' '155.52629576776576' 'presentdestroyed']
 ['1' '158.46755638387688' 'destroyed']
 ['10' '161.23040303017893' 'marauded']
 ['16' '168.07083109395688' 'destroyed']
 ['10' '170.44590583891235' 'marauded']
 ['10' '170.57864226396725' 'presentdestroyed']
 ['10' '170.73310963181203' 'presentdestroyed']
 ['12' '172.64796894619016' 'presentdestroyed']
 ['0' '183.352816983873' 'present']
 ['12' '184.65415270330334' 'present']
 ['0' '185.54236331001758' 'present']
 ['10' '187.1587181738342' 'present']
 ['10' '188.68618626109824' 'present']
 ['21' '197.8285704961609' 'present']
 ['10' '200.3050183327833' 'present']
 ['0' '206.20929900648161' 'present']
 ['10' '216.14093826919338' 'marauded']
 ['10' '216.42513843773204' 'presentdestroyed']
 ['12' '216.88167469409572' 'destroyed']
 ['10' '219.7278154459303' 'presentdestroyed']
 ['21' '221.6969805606315' 'destroyed']
 ['14' '234.3481870396874' 'present']
 ['0' '236.3592662778031' 'marauded']
 ['0' '239.22153000351247' 'presentdestroyed']
 ['21' '242.2387527179526' 'presentdestroyed']
 ['10' '242.39854897075412' 'presentdestroyed']
 ['0' '249.64990684343385' 'present']
 ['10' '250.24795312376128' 'present']
 ['0' '262.9672552479569' 'present']
 ['10' '264.7465321164537' 'present']
 ['10' '268.2876282349545' 'present']
 ['21' '268.6972316603418' 'present']
 ['12' '279.3744790628567' 'present']
 ['12' '287.264158351954' 'present']
 ['0' '287.52809332457497' 'present']
 ['12' '288.4976178140796' 'present']
 ['10' '290.38440760014635' 'present']
 ['10' '291.93643261081985' 'present']
 ['12' '296.3805568399359' 'present']
 ['10' '300.3204049013232' 'present']
 ['12' '304.79560695237086' 'present']
 ['10' '308.85837441039234' 'present']
 ['10' '309.80861445379026' 'marauded']
 ['12' '313.2699456467362' 'presentdestroyed']
 ['10' '323.75837739875715' 'present']
 ['12' '326.14688003361766' 'present']
 ['12' '338.6869779827394' 'present']
 ['16' '341.5197022622252' 'present']
 ['12' '341.7308295315541' 'present']
 ['10' '343.0630801145373' 'present']
 ['12' '346.8267768642508' 'present']
 ['10' '349.53349257478925' 'present']
 ['16' '352.66611331866727' 'present']
 ['10' '353.62887757336136' 'marauded']]","[['F14' '22.993531100282063' 'absent']
 ['F25' '77.1263538041741' 'mated']
 ['F89' '101.97228327508127' 'mated']
 ['F116' '134.81000839530012' 'mated']
 ['F5' '154.52183928512343' 'destroyed']
 ['F157' '165.88772538355883' 'destroyed']
 ['F109' '166.85623030516183' 'destroyed']
 ['F149' '174.3893259537721' 'destroyed']
 ['F64' '196.08148885047123' 'absent']
 ['F78' '199.61731190167788' 'mated']
 ['F163' '219.00899841875804' 'destroyed']
 ['F106' '221.39212826245324' 'destroyed']
 ['F72' '248.35950840081068' 'absent']
 ['F26' '256.608183957151' 'mated']
 ['F72' '260.38265654895883' 'mated']
 ['F17' '274.4302793269733' 'mated']]",2500.0,0.0,569.0,71.62086776779756,14.486951921017859,1293.0,213.1891772276119,45.15231000490738,430.0,72.07988555037613,15.182417249825246,7.0,0.7,0.07,82.0,2.43448307070406,0.07608882030178325
21,0.054,11,360.61517007819253,"[['20' '2.554236679741348' 'present']
 ['8' '9.712321516449636' 'marauded']
 ['8' '21.314866816096778' 'present']
 ['8' '22.77439428337667' 'present']
 ['22' '31.46182168673423' 'present']
 ['8' '42.767285214948565' 'present']
 ['9' '57.2114716687497' 'present']
 ['8' '76.16114516228221' 'present']
 ['9' '87.45434362432677' 'present']
 ['8' '99.29500949402733' 'present']
 ['22' '101.33835575749498' 'present']
 ['16' '138.61271609558668' 'present']
 ['22' '142.40271790326986' 'present']
 ['8' '156.97407976288028' 'present']
 ['8' '183.48583958329763' 'present']
 ['4' '202.92534301147276' 'present']
 ['22' '205.62139549798087' 'marauded']
 ['22' '213.85271295232457' 'present']
 ['22' '229.11481524307348' 'marauded']
 ['22' '238.3693522276753' 'present']
 ['20' '247.38865360428872' 'present']
 ['20' '247.63623649340465' 'present']
 ['20' '257.21604752506676' 'present']
 ['22' '261.3377856055935' 'marauded']
 ['20' '262.51569524809827' 'presentdestroyed']
 ['22' '278.8035505542984' 'marauded']
 ['8' '293.5924610600545' 'present']
 ['22' '295.49140290229707' 'present']
 ['20' '300.30081695811407' 'present']
 ['14' '308.5247338373879' 'present']
 ['22' '326.8960831479701' 'present']
 ['22' '331.33964000791906' 'present']
 ['20' '340.16663798256576' 'present']
 ['20' '342.27193731953315' 'present']
 ['22' '355.61463753916996' 'present']
 ['22' '359.4378328108001' 'present']]","[['F71' '92.5836286603553' 'mated']
 ['F171' '94.6102578096681' 'absent']
 ['F207' '132.23655156063293' 'mated']
 ['F138' '151.58175500986925' 'absent']
 ['F103' '156.3060983497181' 'mated']
 ['F212' '157.49683306859438' 'mated']
 ['F93' '168.4180743074605' 'mated']
 ['F185' '187.5569871015951' 'mated']
 ['F107' '188.31674510063098' 'mated']
 ['F186' '189.52815204911658' 'mated']
 ['F131' '200.70177857884136' 'mated']
 ['F50' '207.63746655581025' 'destroyed']
 ['F175' '210.4946230104284' 'destroyed']
 ['F135' '216.74882294926897' 'mated']
 ['F166' '282.4377581481747' 'destroyed']
 ['F102' '307.70680062409383' 'mated']]",2500.0,500.0,577.0,68.6553500585212,14.137690795494253,1533.0,257.38037577335655,55.33252413787603,178.0,30.379434426630816,6.458476823341513,12.0,1.2,0.12000000000000005,94.0,2.511740597354695,0.07233796296296292
22,0.054,8,360.03159948958046,"[['21' '3.9331923895112886' 'present']
 ['1' '7.6884775105708645' 'present']
 ['16' '31.287323551526526' 'present']
 ['1' '58.727481430142255' 'marauded']
 ['21' '67.1696271406151' 'present']
 ['16' '77.8568390924655' 'present']
 ['21' '78.70651967469489' 'present']
 ['21' '92.24944970135041' 'present']
 ['16' '93.01958525925846' 'marauded']
 ['21' '124.41986621397373' 'present']
 ['16' '148.27423943685602' 'present']
 ['10' '169.96669241447296' 'marauded']
 ['21' '174.45109258796305' 'presentdestroyed']
 ['21' '176.18901365929943' 'destroyed']
 ['21' '178.36419137399548' 'marauded']
 ['16' '186.55085436305066' 'present']
 ['10' '188.797407849561' 'marauded']
 ['10' '189.1952739855687' 'destroyed']
 ['21' '191.01713925596144' 'presentdestroyed']
 ['16' '192.60182442406557' 'presentdestroyed']
 ['1' '194.3857653057506' 'presentdestroyed']
 ['16' '197.19461409761698' 'present']
 ['16' '197.39205118056623' 'present']
 ['16' '197.645686804723' 'marauded']
 ['16' '210.05985989445918' 'present']
 ['21' '216.58648764745828' 'marauded']
 ['21' '217.36092959984944' 'presentdestroyed']
 ['21' '237.04360535446116' 'present']
 ['1' '238.0877960834953' 'present']
 ['21' '248.96312805194225' 'present']
 ['16' '263.3853754112004' 'marauded']
 ['16' '263.9713282557374' 'presentdestroyed']
 ['16' '265.296860901268' 'presentdestroyed']
 ['16' '269.0437818729197' 'presentdestroyed']
 ['15' '269.7382199195993' 'presentdestroyed']
 ['16' '285.6172016073872' 'present']
 ['16' '295.4525232609783' 'present']
 ['16' '296.5927045508789' 'present']
 ['21' '299.6212424116599' 'present']
 ['16' '302.20044797433076' 'present']
 ['1' '303.0735118423134' 'present']
 ['1' '303.97006667714044' 'marauded']
 ['21' '310.4333983277059' 'presentdestroyed']
 ['14' '312.63888367910073' 'marauded']
 ['16' '320.17628315232065' 'present']
 ['16' '329.04708081644105' 'present']
 ['16' '339.56997021559886' 'present']
 ['21' '348.81213763970936' 'present']]","[['F215' '35.548068889997694' 'mated']
 ['F130' '53.340933370268715' 'mated']
 ['F19' '55.04769233288147' 'mated']
 ['F201' '80.94303646511672' 'mated']
 ['F171' '94.59868373559402' 'destroyed']
 ['F81' '96.66146223925112' 'destroyed']
 ['F189' '102.7674365195814' 'mated']
 ['F196' '123.4758668354753' 'mated']
 ['F80' '148.82297155823292' 'mated']
 ['F46' '180.00026191909254' 'destroyed']
 ['F163' '218.9810561321565' 'absentdestroyed']
 ['F21' '265.991471927908' 'destroyed']
 ['F161' '296.09781711946397' 'mated']
 ['F198' '329.18646584527926' 'absent']]",2500.0,1000.0,570.0,68.4469524739468,13.736322196083679,1336.0,227.69731822510218,49.46340021958114,350.0,60.738140669625636,12.948231586971225,13.0,1.3,0.13000000000000006,75.0,1.8749999999999996,0.0498328189300411
23,0.0,12,360.40624173561605,"[['14' '6.460800888165183' 'present']
 ['14' '8.334649087192664' 'present']
 ['12' '10.344734849113488' 'present']
 ['22' '12.570476622423417' 'marauded']
 ['22' '12.901573521715488' 'presentdestroyed']
 ['20' '15.332709619540084' 'presentdestroyed']
 ['21' '17.482321484398316' 'presentdestroyed']
 ['22' '18.124898339862195' 'destroyed']
 ['12' '20.602164960054406' 'present']
 ['8' '21.26429531125291' 'present']
 ['21' '25.077510399608496' 'present']
 ['12' '25.553018757275883' 'marauded']
 ['20' '33.52262008723143' 'destroyed']
 ['22' '40.88423405847893' 'marauded']
 ['20' '42.343454200385324' 'destroyed']
 ['8' '47.319945433464525' 'presentdestroyed']
 ['12' '48.79454108270155' 'present']
 ['8' '50.88693293266515' 'marauded']
 ['21' '63.840041843414355' 'present']
 ['22' '66.80686010774069' 'present']
 ['12' '74.12208403460123' 'present']
 ['22' '74.92624234766633' 'present']
 ['12' '76.77353927823778' 'marauded']
 ['22' '81.7206499409614' 'presentdestroyed']
 ['12' '84.23841263068553' 'present']
 ['19' '90.75068208370924' 'present']
 ['22' '91.07128460965654' 'present']
 ['22' '100.8847710143652' 'present']
 ['21' '102.10327943580606' 'present']
 ['22' '103.73429790296848' 'present']
 ['19' '103.89729537900062' 'present']
 ['22' '105.3997718831747' 'present']
 ['21' '120.92780915893513' 'present']
 ['21' '122.14217254380624' 'present']
 ['8' '125.86056687523235' 'present']
 ['21' '127.61402570486078' 'present']
 ['12' '130.3382885221942' 'present']
 ['22' '131.08523879279724' 'present']
 ['20' '134.61238113658848' 'present']
 ['19' '137.1658183496386' 'present']
 ['22' '138.97773881164701' 'present']
 ['12' '141.07909713777747' 'present']
 ['12' '142.58021071771137' 'present']
 ['14' '154.99520253601213' 'present']
 ['19' '156.09099908732836' 'present']
 ['21' '156.44213391963947' 'present']
 ['14' '156.46337371403322' 'present']
 ['22' '158.33042129735102' 'present']
 ['14' '158.56010865717076' 'present']
 ['12' '160.3988767314386' 'marauded']
 ['20' '161.0034157181499' 'presentdestroyed']
 ['8' '165.78446039431057' 'presentdestroyed']
 ['22' '167.44249544024922' 'presentdestroyed']
 ['12' '168.46102176528785' 'present']
 ['21' '169.97198790499152' 'present']
 ['19' '175.51717109718737' 'marauded']
 ['12' '177.7149836657057' 'presentdestroyed']
 ['20' '179.4611995421255' 'presentdestroyed']
 ['12' '180.7251582953777' 'presentdestroyed']
 ['12' '184.77621898129146' 'present']
 ['20' '186.8285791590855' 'marauded']
 ['20' '187.66357560504096' 'presentdestroyed']
 ['19' '189.5220767411353' 'presentdestroyed']
 ['8' '189.81570009448046' 'presentdestroyed']
 ['21' '198.38358317094932' 'present']
 ['21' '202.25968811343986' 'present']
 ['14' '210.68753355570783' 'present']
 ['12' '218.10969756475498' 'present']
 ['12' '220.74986360747724' 'marauded']
 ['14' '222.46524036916276' 'presentdestroyed']
 ['21' '222.68707256828674' 'destroyed']
 ['22' '224.85358569071084' 'presentdestroyed']
 ['22' '243.0429878059585' 'present']
 ['20' '247.42139002934363' 'present']
 ['21' '248.05793981843163' 'present']
 ['8' '248.73450213742046' 'marauded']
 ['22' '250.18409617464619' 'presentdestroyed']
 ['8' '264.91545009552226' 'present']
 ['12' '265.867378669632' 'present']
 ['14' '265.92157294201206' 'present']
 ['20' '270.1793237141401' 'present']
 ['21' '271.7522448394486' 'present']
 ['21' '273.75628445766284' 'marauded']
 ['14' '275.9016837929119' 'presentdestroyed']
 ['7' '278.73840727087855' 'presentdestroyed']
 ['21' '293.4645967945376' 'present']
 ['21' '297.93905732342347' 'present']
 ['20' '298.59734011610846' 'present']
 ['12' '299.5275982438866' 'present']
 ['8' '302.8493390508627' 'marauded']
 ['21' '304.16721235917896' 'presentdestroyed']
 ['21' '313.3460451581687' 'present']
 ['14' '313.46259755948864' 'present']
 ['7' '314.03553106251866' 'present']
 ['12' '318.41150488354947' 'present']
 ['21' '337.04598677866903' 'present']
 ['21' '338.3820374382253' 'present']
 ['21' '343.5400605859499' 'marauded']
 ['7' '346.565135730479' 'destroyed']
 ['20' '352.57648377774115' 'present']]","[['F73' '52.92798799319593' 'destroyed']
 ['F201' '80.93146239104264' 'destroyed']
 ['F98' '88.59719600593428' 'mated']
 ['F146' '117.8224892364667' 'mated']
 ['F150' '132.87635445247602' 'mated']
 ['F38' '139.42701048255526' 'mated']
 ['F100' '150.40775212396966' 'absent']
 ['F84' '155.3260606505601' 'mated']
 ['F188' '166.674280439262' 'destroyed']
 ['F109' '166.83308215701368' 'destroyed']
 ['F131' '188.60439184779537' 'destroyed']
 ['F131' '188.62753999594352' 'destroyed']
 ['F140' '193.92307372201205' 'destroyed']
 ['F33' '195.57327266124284' 'mated']
 ['F12' '202.00317872285825' 'mated']
 ['F163' '219.0253666312855' 'mated']
 ['F106' '221.4084964749807' 'destroyed']
 ['F0' '261.0585662958351' 'mated']
 ['F144' '295.1505541899277' 'mated']
 ['F58' '298.1733417719989' 'mated']
 ['F198' '329.15174362305703' 'absent']
 ['F198' '329.1748917712052' 'absent']
 ['F198' '329.19803991935333' 'mated']]",2500.0,1500.0,562.0,71.21113475444659,15.427049876631513,1236.0,209.2040984811678,44.71860920137686,452.0,79.6798562159018,17.601736433196667,0.0,0.0,0.0,0.0,0.0,0.0
