id,probability_maraud,successful_mating,next_foraging_time,mar_attempts,mate_attempts,x_pos,y_pos,foraging_events,foraging_hrs,foraging_sqhrs,staying_events,staying_hrs,staying_sqhrs,repairing_events,repairing_hrs,repairing_sqhrs,marauding_events,marauding_hrs,marauding_sqhrs,traveling_events,traveling_hrs,traveling_sqhrs
0,0.054,10,360.1792851476113,"[['6' '5.278807626999111' 'present']
 ['11' '6.1344286619781485' 'present']
 ['8' '13.90388926701748' 'marauded']
 ['4' '19.42295111031872' 'presentdestroyed']
 ['7' '30.292111229323407' 'present']
 ['2' '38.93541244382668' 'present']
 ['10' '40.945505272010394' 'present']
 ['8' '43.67831600440515' 'present']
 ['8' '43.77958197737601' 'present']
 ['11' '46.07343075205065' 'present']
 ['1' '48.23373471293481' 'present']
 ['6' '50.095958151159216' 'present']
 ['8' '53.9169965866174' 'present']
 ['8' '56.17283795963783' 'present']
 ['6' '62.295292551827984' 'present']
 ['6' '69.72755938997918' 'present']
 ['2' '69.87730205497337' 'present']
 ['6' '75.82983388020085' 'marauded']
 ['1' '86.17332827067256' 'present']
 ['8' '98.96154400998685' 'marauded']
 ['2' '101.52541581000393' 'destroyed']
 ['2' '111.52822786586131' 'present']
 ['6' '127.16447897272458' 'present']
 ['1' '127.47127908689478' 'present']
 ['2' '137.4906423425234' 'present']
 ['7' '144.52686413449192' 'marauded']
 ['1' '149.85310795270513' 'destroyed']
 ['4' '152.18929233137467' 'presentdestroyed']
 ['5' '167.90278278653182' 'present']
 ['6' '172.56102436620148' 'present']
 ['2' '173.5057393770815' 'present']
 ['10' '177.71425608293214' 'present']
 ['4' '182.49554240874386' 'present']
 ['2' '206.06645646923138' 'present']
 ['8' '207.94078514284215' 'present']
 ['6' '210.6425694472788' 'marauded']
 ['5' '211.61316998922445' 'presentdestroyed']
 ['10' '211.61479573366626' 'presentdestroyed']
 ['8' '218.14506578053786' 'present']
 ['4' '221.25739832466735' 'present']
 ['1' '226.29785494561625' 'present']
 ['2' '230.1643127461687' 'marauded']
 ['8' '236.4864694574904' 'presentdestroyed']
 ['11' '253.00739059100252' 'present']
 ['1' '264.7749598302352' 'present']
 ['7' '270.9205190977596' 'present']
 ['6' '279.5945887839925' 'marauded']
 ['4' '280.8061478408066' 'presentdestroyed']
 ['1' '282.4253986286433' 'presentdestroyed']
 ['1' '288.76910894674126' 'marauded']
 ['2' '291.13867105921776' 'presentdestroyed']
 ['2' '295.3511068662846' 'destroyed']
 ['4' '298.9375678087324' 'present']
 ['11' '301.4703702833107' 'marauded']
 ['8' '307.3052810241348' 'presentdestroyed']
 ['4' '320.4494723180178' 'present']
 ['8' '329.2410347215052' 'marauded']
 ['1' '333.33577810375965' 'presentdestroyed']
 ['2' '335.8907966702516' 'presentdestroyed']
 ['1' '345.3539509516895' 'present']
 ['5' '345.8292032822404' 'present']
 ['1' '347.7928482196847' 'present']
 ['5' '352.1928342628152' 'present']
 ['7' '354.314324772178' 'marauded']
 ['8' '356.0937252749807' 'presentdestroyed']]","[['F45' '37.474231656916835' 'mated']
 ['F57' '93.23569468454956' 'mated']
 ['F38' '124.4041446800402' 'mated']
 ['F21' '144.8657944175153' 'destroyed']
 ['F80' '177.92217072110031' 'mated']
 ['F4' '179.93737030907312' 'mated']
 ['F74' '191.34724670398182' 'mated']
 ['F6' '206.97274955380894' 'mated']
 ['F82' '209.5689380374616' 'mated']
 ['F10' '250.87822602483777' 'mated']
 ['F97' '257.37499424761376' 'mated']
 ['F58' '291.44193942830196' 'destroyed']
 ['F16' '295.1888311989266' 'destroyed']]",0.0,0.0,563.0,71.69793161520309,14.754943596630127,1285.0,219.85257156160938,47.506217251604745,388.0,66.28508744471229,14.517866422120123,17.0,1.7000000000000004,0.1700000000000001,71.0,0.48155824960218097,0.0035793895747599446
1,0.054,10,359.8780083464477,"[['10' '0.3043514229113042' 'present']
 ['7' '3.165314010745994' 'marauded']
 ['6' '3.1927544975989774' 'destroyed']
 ['0' '3.347945973629161' 'presentdestroyed']
 ['0' '12.675212262144283' 'present']
 ['2' '16.590971057496105' 'present']
 ['8' '24.87429810766345' 'marauded']
 ['10' '26.569576307753216' 'presentdestroyed']
 ['5' '32.0075121345116' 'presentdestroyed']
 ['4' '36.64917825522631' 'present']
 ['2' '36.72240297615183' 'present']
 ['0' '39.974000538811275' 'present']
 ['7' '49.29366738740254' 'present']
 ['7' '66.52288281292803' 'present']
 ['8' '66.69647980658867' 'present']
 ['0' '67.03269683990628' 'present']
 ['7' '68.59555560321182' 'present']
 ['11' '69.00520669968857' 'present']
 ['7' '69.29437227768243' 'marauded']
 ['0' '69.2988923178161' 'destroyed']
 ['10' '71.05857428822418' 'presentdestroyed']
 ['2' '72.31992513694902' 'destroyed']
 ['7' '96.72991501660873' 'present']
 ['10' '97.5699572089011' 'present']
 ['11' '100.78231991756921' 'present']
 ['4' '101.43544594107512' 'present']
 ['0' '112.44426587632347' 'present']
 ['0' '119.9911477976755' 'present']
 ['10' '126.20700679549492' 'present']
 ['7' '131.29086829973295' 'present']
 ['0' '131.4761655521714' 'marauded']
 ['0' '131.69064054815425' 'presentdestroyed']
 ['4' '132.7490464978572' 'presentdestroyed']
 ['0' '133.24399635326492' 'destroyed']
 ['5' '150.1430234082237' 'present']
 ['11' '151.13647454570642' 'present']
 ['7' '154.51930544025265' 'present']
 ['6' '156.9024819850138' 'marauded']
 ['4' '168.72919040051434' 'present']
 ['2' '172.49289142585192' 'marauded']
 ['5' '178.00858148888898' 'presentdestroyed']
 ['7' '194.47385133214883' 'present']
 ['6' '201.4666708662965' 'present']
 ['0' '207.13052825282324' 'marauded']
 ['5' '211.28531614356257' 'presentdestroyed']
 ['11' '219.132363552339' 'present']
 ['0' '228.98311373796932' 'present']
 ['6' '239.2222621312419' 'marauded']
 ['4' '242.19731475803408' 'destroyed']
 ['11' '247.96661649559027' 'present']
 ['10' '257.4946347467627' 'present']
 ['10' '270.9912010935555' 'marauded']
 ['10' '278.03887110144143' 'presentdestroyed']
 ['10' '279.2322733340925' 'present']
 ['7' '279.64608824743897' 'present']
 ['6' '284.60155661061754' 'present']
 ['5' '290.8940176606965' 'present']
 ['7' '308.490530391043' 'present']
 ['6' '311.441549516692' 'present']
 ['10' '312.6281950083429' 'present']
 ['7' '318.9399304226581' 'present']
 ['2' '322.95762596988675' 'present']
 ['6' '329.027165598527' 'present']
 ['8' '329.92835266070716' 'present']
 ['5' '350.49176198970326' 'marauded']
 ['7' '350.8798989729875' 'presentdestroyed']]","[['F1' '38.343373368647946' 'mated']
 ['F40' '63.48520990169571' 'absent']
 ['F62' '100.87045361270008' 'mated']
 ['F100' '111.99020178702213' 'absent']
 ['F83' '122.81930350613533' 'absent']
 ['F90' '136.19961003686078' 'destroyed']
 ['F85' '142.42853209410399' 'mated']
 ['F21' '144.87655895811685' 'mated']
 ['F93' '155.47524430037427' 'mated']
 ['F79' '157.0542802637144' 'destroyed']
 ['F51' '162.0856975783725' 'destroyed']
 ['F18' '173.50486313376626' 'destroyed']
 ['F0' '195.7102153108382' 'absent']
 ['F92' '218.3642223568669' 'mated']
 ['F101' '232.87103270207663' 'absent']
 ['F39' '239.19704928900384' 'mated']
 ['F65' '267.3711919786812' 'mated']
 ['F5' '270.79175156392375' 'mated']
 ['F73' '282.76164445985165' 'mated']]",0.0,100.0,569.0,70.62017449281069,14.971121329210042,1338.0,226.67917987680957,49.27735356840446,369.0,61.001921293066005,12.826505480734319,12.0,1.2,0.12000000000000005,87.0,0.5577877090715335,0.003986625514403296
2,0.054,9,360.2666876513354,"[['11' '22.35580789155283' 'present']
 ['8' '25.601274644107654' 'present']
 ['1' '36.67174777279748' 'present']
 ['1' '40.275715841336655' 'present']
 ['0' '40.88884760960387' 'present']
 ['6' '55.13060581788852' 'marauded']
 ['0' '74.04275821801973' 'present']
 ['4' '81.81137268192313' 'present']
 ['1' '87.68456208712516' 'present']
 ['8' '90.23293161807453' 'present']
 ['10' '93.55687337524627' 'present']
 ['7' '118.01350651681233' 'present']
 ['1' '119.90404299488877' 'present']
 ['1' '121.69121997816812' 'present']
 ['1' '126.09731500734863' 'present']
 ['7' '126.43596698222056' 'present']
 ['4' '142.05030029797078' 'present']
 ['1' '142.60591213855872' 'marauded']
 ['1' '149.98905735391682' 'presentdestroyed']
 ['11' '151.9609263730005' 'present']
 ['5' '167.39209724426192' 'present']
 ['10' '171.24452832426917' 'present']
 ['6' '179.50303878372964' 'marauded']
 ['8' '184.03312734731063' 'presentdestroyed']
 ['6' '189.3998304833337' 'present']
 ['0' '190.1703152106593' 'marauded']
 ['10' '202.29945377233835' 'present']
 ['5' '204.92408177958438' 'present']
 ['7' '239.54877999141576' 'present']
 ['8' '243.85524301656642' 'marauded']
 ['11' '251.08152339581895' 'presentdestroyed']
 ['5' '260.29486480879393' 'marauded']
 ['1' '267.81529459273844' 'present']
 ['1' '267.9423632847572' 'present']
 ['7' '270.01694989705146' 'present']
 ['10' '298.1550744553333' 'present']
 ['4' '303.35923606219126' 'present']
 ['6' '304.5878992021844' 'present']
 ['1' '320.83600277085645' 'present']
 ['0' '321.83748718008326' 'present']
 ['4' '325.5274055008619' 'marauded']
 ['6' '325.8359532266589' 'presentdestroyed']
 ['8' '329.2312290085943' 'presentdestroyed']
 ['5' '332.092051893987' 'presentdestroyed']
 ['1' '333.4148461084272' 'present']
 ['10' '335.1360595420259' 'present']
 ['10' '335.72538200931433' 'present']
 ['6' '340.1679160703179' 'present']
 ['7' '344.2655724817875' 'present']
 ['8' '351.0394673086144' 'present']
 ['5' '352.33202370930877' 'present']]","[['F78' '42.15614132422582' 'mated']
 ['F40' '63.49079835901602' 'absent']
 ['F99' '69.49651937543443' 'mated']
 ['F60' '123.320572605727' 'mated']
 ['F11' '131.12278680111942' 'mated']
 ['F96' '171.31542096397087' 'mated']
 ['F95' '176.86292788436992' 'mated']
 ['F71' '179.5250887138424' 'destroyed']
 ['F84' '191.68792188318196' 'destroyed']
 ['F13' '283.78770224266304' 'absent']
 ['F28' '313.4428578333934' 'mated']
 ['F87' '315.78396726736486' 'mated']
 ['F43' '322.4669010624285' 'mated']]",0.0,200.0,564.0,72.26775003946751,15.4118743415893,1429.0,243.41505147302982,52.87688588263624,261.0,42.906631904089416,8.985892178816652,10.0,0.9999999999999999,0.10000000000000003,80.0,0.5155542947434201,0.0036865569272976698
3,0.0,8,359.81747835885307,"[['10' '0.06051643148366712' 'present']
 ['8' '7.891209198685948' 'marauded']
 ['10' '8.897855039156628' 'presentdestroyed']
 ['1' '20.01048310799415' 'marauded']
 ['4' '21.718032797720817' 'presentdestroyed']
 ['4' '37.79496422850894' 'marauded']
 ['6' '39.92523200505931' 'presentdestroyed']
 ['11' '40.937305431668456' 'destroyed']
 ['0' '43.500656182297135' 'presentdestroyed']
 ['10' '46.28541890897509' 'marauded']
 ['6' '48.403561916042094' 'presentdestroyed']
 ['5' '50.66535237904048' 'presentdestroyed']
 ['7' '51.875413050529524' 'presentdestroyed']
 ['7' '55.61004201923426' 'present']
 ['1' '57.08788867531535' 'present']
 ['11' '69.2904967005487' 'present']
 ['10' '71.91676088089636' 'present']
 ['0' '73.53381257404538' 'marauded']
 ['7' '73.92792028885354' 'presentdestroyed']
 ['1' '82.36396700298314' 'marauded']
 ['7' '90.63131830925558' 'present']
 ['8' '105.1833559369097' 'present']
 ['7' '122.14624127487157' 'present']
 ['6' '126.93610241726721' 'present']
 ['6' '133.41643566126515' 'present']
 ['8' '133.63825503482553' 'marauded']
 ['5' '136.65893145645177' 'presentdestroyed']
 ['1' '142.88276310363267' 'present']
 ['1' '151.81007690493075' 'present']
 ['6' '154.72659790531156' 'present']
 ['2' '160.84531713696236' 'present']
 ['6' '178.48106390798952' 'present']
 ['8' '196.01817535616703' 'present']
 ['2' '199.29715450339248' 'present']
 ['5' '204.11495609712006' 'present']
 ['5' '205.83554082830207' 'present']
 ['7' '217.8180160640681' 'present']
 ['11' '225.90349335058912' 'present']
 ['11' '232.23807522843964' 'present']
 ['2' '235.31275604378885' 'present']
 ['4' '243.18186562644914' 'marauded']
 ['4' '244.44679463136728' 'presentdestroyed']
 ['10' '248.42796829231787' 'presentdestroyed']
 ['10' '249.246486486691' 'presentdestroyed']
 ['2' '256.39513749082795' 'present']
 ['2' '258.89861154583645' 'present']
 ['5' '262.1739785905503' 'present']
 ['8' '264.0924501808449' 'present']
 ['7' '271.5812152848823' 'present']
 ['2' '275.13556674143626' 'present']
 ['0' '275.70999176334004' 'present']
 ['7' '276.21463612725523' 'marauded']
 ['11' '278.0344518082947' 'presentdestroyed']
 ['11' '287.54747249519295' 'present']
 ['6' '289.5086460453905' 'present']
 ['5' '289.71538185773096' 'present']
 ['1' '292.0429181763888' 'present']
 ['5' '292.99741763798346' 'present']
 ['4' '300.2018670656369' 'present']
 ['6' '303.6082283656998' 'present']
 ['6' '305.2252323481797' 'present']
 ['5' '312.0815998360801' 'present']
 ['5' '317.89646455062143' 'present']
 ['6' '323.22261135005033' 'marauded']
 ['6' '328.8617624610607' 'presentdestroyed']
 ['6' '339.50033396759574' 'present']
 ['7' '340.3255488858234' 'marauded']
 ['7' '342.0530252319539' 'destroyed']
 ['10' '344.51512919173024' 'presentdestroyed']]","[['F69' '33.58374912765508' 'mated']
 ['F45' '37.47191684210202' 'absent']
 ['F24' '109.03087598385086' 'mated']
 ['F83' '122.82393313576495' 'absent']
 ['F49' '127.96639811205972' 'mated']
 ['F90' '136.20288367936627' 'destroyed']
 ['F93' '155.47197065786878' 'absent']
 ['F51' '162.088971220878' 'mated']
 ['F14' '163.10628428700616' 'mated']
 ['F105' '163.2563896116216' 'absent']
 ['F18' '173.50813677627175' 'mated']
 ['F0' '195.71811858297332' 'mated']
 ['F88' '209.2531863254784' 'mated']
 ['F61' '244.20533580110725' 'destroyed']
 ['F10' '250.87591121002296' 'destroyed']
 ['F73' '282.75837081734613' 'destroyed']
 ['F58' '291.4396246134871' 'absent']
 ['F87' '315.7737491804148' 'absent']
 ['F87' '315.7783788100445' 'absent']]",100.0,0.0,564.0,72.01764987330368,14.4619500310288,1308.0,220.78745766081354,47.19014076187253,400.0,67.26759856384798,14.403945831069247,0.0,0.0,0.0,0.0,0.0,0.0
4,0.054,7,360.3189426328456,"[['1' '0.0023148148148148147' 'present']
 ['6' '3.803740381798822' 'present']
 ['11' '6.799906764348373' 'marauded']
 ['8' '7.726559215468112' 'presentdestroyed']
 ['10' '8.429268457131297' 'presentdestroyed']
 ['1' '17.165348286013987' 'present']
 ['8' '31.9150729523248' 'present']
 ['1' '40.843276641604945' 'present']
 ['1' '51.007598496478145' 'present']
 ['0' '53.0189697710259' 'present']
 ['7' '54.60473514871939' 'present']
 ['5' '55.85758249022126' 'marauded']
 ['5' '66.44503553323305' 'marauded']
 ['8' '69.38858769135273' 'presentdestroyed']
 ['11' '69.43268692933671' 'presentdestroyed']
 ['8' '74.60593772716086' 'present']
 ['2' '89.62526510299665' 'present']
 ['0' '108.50793411467725' 'present']
 ['5' '109.72562099971415' 'marauded']
 ['5' '112.14914024990416' 'presentdestroyed']
 ['1' '114.90521026252168' 'presentdestroyed']
 ['0' '119.0059064189177' 'marauded']
 ['6' '119.24885813770881' 'presentdestroyed']
 ['10' '125.43044964557592' 'presentdestroyed']
 ['8' '129.42854902007528' 'present']
 ['1' '131.12237735725063' 'present']
 ['2' '133.22028590298476' 'present']
 ['5' '140.7971199627503' 'present']
 ['6' '150.05994655594375' 'present']
 ['11' '156.562200512374' 'present']
 ['6' '158.08013506287838' 'present']
 ['5' '173.2477516380381' 'present']
 ['5' '182.134685701513' 'present']
 ['0' '188.8557146985637' 'marauded']
 ['1' '192.63601139145888' 'destroyed']
 ['11' '196.89678209222325' 'present']
 ['1' '197.1019428970706' 'present']
 ['6' '199.22116819960561' 'marauded']
 ['5' '201.58947265578442' 'presentdestroyed']
 ['0' '207.49612348712435' 'marauded']
 ['7' '221.22489861018144' 'present']
 ['2' '227.9706672540252' 'present']
 ['0' '227.9942512932019' 'present']
 ['7' '230.97549145036376' 'present']
 ['7' '230.98012107999338' 'present']
 ['1' '232.65595444656933' 'present']
 ['11' '234.3048501762483' 'marauded']
 ['0' '249.7593288213209' 'present']
 ['10' '249.76728764652077' 'present']
 ['1' '249.8328361407542' 'present']
 ['1' '255.88519384412857' 'present']
 ['1' '267.58353904220706' 'marauded']
 ['10' '274.23685769880444' 'presentdestroyed']
 ['5' '285.67476080124425' 'present']
 ['11' '288.90994933822685' 'marauded']
 ['8' '296.58363303738986' 'presentdestroyed']
 ['7' '306.1406581199642' 'marauded']
 ['7' '313.29320998512134' 'presentdestroyed']
 ['5' '326.7470663600684' 'present']
 ['10' '328.1590259113699' 'present']
 ['7' '337.6528857616583' 'present']
 ['6' '344.1372156532567' 'marauded']
 ['2' '344.98924567930766' 'presentdestroyed']
 ['11' '347.78152316139114' 'presentdestroyed']
 ['10' '349.6404484785315' 'presentdestroyed']
 ['5' '350.05182477345284' 'presentdestroyed']
 ['10' '351.72446341453315' 'present']
 ['5' '353.1422788617633' 'present']
 ['6' '353.8414170827991' 'present']
 ['10' '356.54526658034655' 'marauded']
 ['7' '359.282280051076' 'destroyed']]","[['F55' '85.12128101789386' 'mated']
 ['F70' '112.9598332443984' 'destroyed']
 ['F83' '122.81698869132052' 'destroyed']
 ['F83' '122.82161832095014' 'destroyed']
 ['F90' '136.20519849418108' 'mated']
 ['F75' '144.86404559266316' 'mated']
 ['F29' '155.0064176003476' 'mated']
 ['F79' '157.0486918063941' 'absent']
 ['F36' '186.08496388593153' 'mated']
 ['F22' '192.81702416441013' 'destroyed']
 ['F0' '195.7158037681585' 'destroyed']
 ['F89' '206.83948631306842' 'mated']
 ['F15' '209.3331208131197' 'absentdestroyed']
 ['F101' '232.86871788726182' 'absent']
 ['F73' '282.7560560025313' 'absent']
 ['F13' '283.79097588516856' 'mated']
 ['F58' '291.4373097986723' 'destroyed']
 ['F48' '306.26163902396416' 'absentdestroyed']
 ['F50' '308.4107186961462' 'destroyed']
 ['F87' '315.78069362485934' 'absent']]",100.0,100.0,557.0,73.99629133742347,15.909459177058872,1189.0,202.4254630783381,43.62471002538412,507.0,81.89166603755841,17.132298885888293,12.0,1.2,0.12000000000000005,73.0,0.5009015161988168,0.003750857338820303
5,0.054,7,360.2471884350674,"[['2' '7.716608549638359' 'marauded']
 ['7' '10.103866478716787' 'destroyed']
 ['6' '15.870404255780072' 'present']
 ['8' '23.204749673223798' 'present']
 ['7' '26.691563434298757' 'present']
 ['4' '30.958494848438907' 'present']
 ['10' '34.278868669783584' 'present']
 ['4' '41.674230608911444' 'present']
 ['1' '43.89260646468032' 'present']
 ['8' '46.3553760250544' 'present']
 ['11' '47.10525326754752' 'present']
 ['6' '48.856555587407996' 'present']
 ['1' '53.471328280837014' 'present']
 ['0' '56.984694986509304' 'marauded']
 ['2' '70.82937066776715' 'marauded']
 ['2' '90.38146685217541' 'present']
 ['11' '91.46916160923419' 'present']
 ['10' '94.83402760323756' 'present']
 ['7' '96.73781828874385' 'present']
 ['1' '98.43251501289372' 'marauded']
 ['0' '116.26387099552522' 'present']
 ['7' '117.76157630665575' 'present']
 ['4' '118.50893565958675' 'marauded']
 ['2' '120.30251509039444' 'presentdestroyed']
 ['11' '124.29015528302965' 'presentdestroyed']
 ['6' '125.89517353321283' 'marauded']
 ['7' '127.03693356759905' 'presentdestroyed']
 ['6' '129.82325334474427' 'destroyed']
 ['6' '137.53286859797214' 'present']
 ['7' '141.44350187800526' 'marauded']
 ['4' '145.20366091487398' 'presentdestroyed']
 ['7' '148.2548689666932' 'presentdestroyed']
 ['11' '151.1285712735713' 'present']
 ['7' '152.02318737277045' 'marauded']
 ['0' '155.41867803157035' 'presentdestroyed']
 ['6' '163.1433100843721' 'present']
 ['6' '163.23593375492882' 'present']
 ['0' '164.0223294666102' 'present']
 ['0' '168.4557592844373' 'present']
 ['4' '180.0195005284774' 'present']
 ['6' '188.79125803753217' 'marauded']
 ['1' '196.2541447812051' 'presentdestroyed']
 ['6' '213.8384412496684' 'present']
 ['11' '221.10038710285602' 'present']
 ['11' '223.37781330079665' 'present']
 ['2' '226.36470470901125' 'marauded']
 ['2' '228.7693483406033' 'presentdestroyed']
 ['6' '240.06489671402275' 'marauded']
 ['4' '248.65612671232344' 'marauded']
 ['4' '249.11076025477735' 'presentdestroyed']
 ['0' '254.02887220554797' 'presentdestroyed']
 ['2' '254.0339539001678' 'presentdestroyed']
 ['0' '267.0824599368984' 'marauded']
 ['11' '268.38064272438515' 'presentdestroyed']
 ['4' '280.81173629812696' 'present']
 ['6' '292.0666799686394' 'present']
 ['8' '300.2822794608867' 'present']
 ['0' '300.9975488991589' 'present']
 ['7' '305.6022900000821' 'present']
 ['2' '311.36251805948655' 'present']
 ['2' '314.9682658882186' 'present']
 ['7' '322.52780129723214' 'present']
 ['2' '338.06888337807084' 'present']
 ['4' '338.3228410823047' 'present']
 ['11' '346.7625300177945' 'present']
 ['2' '352.47138432331803' 'present']
 ['8' '352.58754742484075' 'present']]","[['F40' '63.4884835442012' 'destroyed']
 ['F103' '106.16718204347191' 'mated']
 ['F32' '108.42744874519542' 'mated']
 ['F60' '123.31825779091218' 'destroyed']
 ['F8' '129.67136017428706' 'absentdestroyed']
 ['F21' '144.8690680600208' 'absentdestroyed']
 ['F79' '157.0510066212089' 'absentdestroyed']
 ['F47' '161.08111009055284' 'mated']
 ['F56' '175.09380723105158' 'mated']
 ['F0' '195.7134889533437' 'destroyed']
 ['F68' '199.40006048128814' 'mated']
 ['F15' '209.33543562793452' 'absent']
 ['F94' '240.70190186562294' 'destroyed']
 ['F58' '291.4452130708075' 'mated']
 ['F50' '308.41303351096104' 'mated']]",100.0,200.0,560.0,69.21273872054017,15.155855303357553,1238.0,210.06443206764985,45.06020185376483,469.0,79.31867671130593,17.018922270726957,12.0,1.2,0.12000000000000005,67.0,0.40301109987309186,0.002657750342935529
6,0.054,12,360.1320871675827,"[['8' '28.063044216435255' 'present']
 ['5' '30.98355051606573' 'marauded']
 ['4' '33.82726442147037' 'destroyed']
 ['4' '35.081370755101744' 'presentdestroyed']
 ['2' '40.62018741764495' 'present']
 ['0' '42.491230800463455' 'present']
 ['1' '47.0649473345488' 'present']
 ['0' '64.15255802466258' 'present']
 ['2' '87.40863405099596' 'present']
 ['5' '89.00392505167474' 'present']
 ['7' '97.3811288289086' 'marauded']
 ['7' '110.2189331841616' 'present']
 ['7' '118.0209974149084' 'present']
 ['2' '124.27897061015969' 'present']
 ['11' '125.8720515156016' 'present']
 ['0' '127.40347158276542' 'present']
 ['1' '128.20303888267284' 'present']
 ['8' '137.1997955545557' 'present']
 ['7' '141.095459865507' 'present']
 ['0' '144.2716054956624' 'present']
 ['1' '144.2810346710235' 'present']
 ['8' '144.83638053266006' 'present']
 ['1' '146.31822358614727' 'present']
 ['4' '171.14351080439425' 'present']
 ['10' '184.55096920873189' 'present']
 ['0' '207.0069382904033' 'present']
 ['7' '215.63046047666433' 'marauded']
 ['8' '219.52257965805921' 'destroyed']
 ['11' '219.9661845658959' 'presentdestroyed']
 ['11' '222.74172541426972' 'presentdestroyed']
 ['0' '225.65197363726324' 'marauded']
 ['4' '251.905818978657' 'present']
 ['1' '252.25531915193247' 'present']
 ['4' '265.8464539055744' 'marauded']
 ['5' '267.0812123960047' 'destroyed']
 ['4' '280.5246660393136' 'present']
 ['10' '282.9007337628476' 'present']
 ['10' '284.6139381144647' 'present']
 ['1' '287.44895469037425' 'present']
 ['8' '292.7075126865005' 'marauded']
 ['8' '293.5054741709094' 'presentdestroyed']
 ['8' '300.28690909051636' 'present']
 ['5' '305.4587809076109' 'present']
 ['2' '307.3332799560921' 'present']
 ['0' '310.35990972865017' 'present']
 ['11' '312.53686738987165' 'marauded']
 ['8' '315.4610760779415' 'destroyed']
 ['11' '317.71036653285825' 'destroyed']
 ['11' '325.729444106795' 'present']
 ['8' '328.2245277555953' 'present']
 ['10' '330.2975686089586' 'present']
 ['1' '343.0417451272947' 'present']
 ['8' '353.9964546313939' 'present']]","[['F9' '20.39423056291827' 'mated']
 ['F69' '33.581434312840265' 'destroyed']
 ['F19' '76.77564941252902' 'mated']
 ['F62' '100.86527752941882' 'destroyed']
 ['F27' '106.18203047870576' 'mated']
 ['F26' '117.49607359291824' 'mated']
 ['F104' '132.91841024319007' 'absent']
 ['F46' '164.8410083590327' 'mated']
 ['F54' '171.4998126045542' 'mated']
 ['F76' '173.00212278578454' 'mated']
 ['F25' '178.0772591987762' 'mated']
 ['F23' '178.27730016372263' 'mated']
 ['F2' '182.92304637476192' 'mated']
 ['F22' '192.82261262173043' 'mated']
 ['F101' '232.86544424475633' 'destroyed']
 ['F39' '239.1918732057226' 'absent']
 ['F94' '240.70517550812843' 'mated']
 ['F5' '270.7865754806425' 'destroyed']
 ['F16' '295.1934608285562' 'destroyed']
 ['F3' '297.4059150511766' 'destroyed']
 ['F87' '315.77606399522966' 'destroyed']]",200.0,0.0,565.0,66.28743940731503,13.19710397430989,1455.0,248.2692704734614,53.804988979899356,259.0,42.63865876974957,8.792362162512974,22.0,2.2000000000000006,0.22000000000000014,101.0,0.6526878331154113,0.004629629629629634
7,0.054,9,360.49074054921454,"[['0' '13.445336731703144' 'present']
 ['6' '26.166535721921505' 'present']
 ['0' '28.531756024298254' 'present']
 ['11' '30.921918009317018' 'marauded']
 ['11' '39.86000866767689' 'present']
 ['0' '40.68611789609871' 'marauded']
 ['2' '52.901318794361295' 'present']
 ['6' '76.00069233333292' 'present']
 ['10' '76.56630179786312' 'present']
 ['8' '86.13045125173046' 'present']
 ['6' '86.28214647422855' 'present']
 ['1' '88.62076508508494' 'present']
 ['5' '90.32547913481896' 'present']
 ['6' '91.20797236053235' 'present']
 ['1' '104.61752726191177' 'present']
 ['2' '109.99955746854604' 'present']
 ['1' '114.09523500499621' 'present']
 ['10' '115.79327902562333' 'present']
 ['6' '137.8591877410572' 'present']
 ['8' '154.82410651361377' 'present']
 ['6' '160.45014971141842' 'marauded']
 ['10' '161.669954443338' 'presentdestroyed']
 ['5' '170.44239558083828' 'present']
 ['5' '170.7633716151287' 'marauded']
 ['6' '181.00521843340576' 'marauded']
 ['0' '184.46901817376605' 'presentdestroyed']
 ['4' '186.35049095328705' 'destroyed']
 ['1' '186.54981498276032' 'presentdestroyed']
 ['6' '187.70947551221693' 'presentdestroyed']
 ['2' '189.7852744476795' 'present']
 ['6' '198.7792933357722' 'present']
 ['6' '201.10713005711546' 'present']
 ['2' '202.48647861656696' 'present']
 ['2' '209.63964208552437' 'present']
 ['6' '214.96502435022822' 'present']
 ['0' '223.7183931783272' 'present']
 ['6' '247.04507101162167' 'marauded']
 ['2' '255.9613363756624' 'marauded']
 ['11' '266.3852479345196' 'present']
 ['0' '270.7252072573217' 'present']
 ['0' '271.99285817032853' 'present']
 ['2' '279.8653010151617' 'present']
 ['6' '284.6756294968523' 'marauded']
 ['5' '296.3682714482297' 'present']
 ['8' '299.0462257338503' 'present']
 ['5' '303.26534261024085' 'present']
 ['1' '313.3056911548336' 'present']
 ['2' '313.78361526540056' 'present']
 ['4' '314.9346921674207' 'present']
 ['4' '314.93932179705035' 'present']
 ['6' '323.4164929693219' 'present']
 ['10' '329.36179175297906' 'present']
 ['4' '341.5750959876701' 'present']
 ['4' '343.3033630145552' 'present']
 ['11' '344.77520172990086' 'present']
 ['10' '346.6039191871128' 'present']
 ['11' '351.38942705148025' 'present']
 ['6' '352.59058391725557' 'present']
 ['6' '353.8470055401195' 'present']]","[['F30' '22.011687986942697' 'mated']
 ['F45' '37.46864319959653' 'destroyed']
 ['F78' '42.15096524094457' 'absentdestroyed']
 ['F31' '110.06542282691721' 'mated']
 ['F8' '129.67463381679255' 'mated']
 ['F47' '161.07783644804735' 'destroyed']
 ['F86' '169.0792486076053' 'mated']
 ['F101' '232.87566233170625' 'mated']
 ['F77' '278.9920681721789' 'mated']
 ['F7' '282.4340896418304' 'mated']
 ['F48' '306.2685834684086' 'mated']
 ['F102' '349.90183548820795' 'mated']]",200.0,100.0,570.0,67.9822264763144,13.309105409394576,1369.0,241.34979944412748,53.359472631496224,295.0,48.85251061393048,10.084713693249348,14.0,1.4000000000000001,0.14000000000000007,78.0,0.5245758239887581,0.0038580246913580258
8,0.054,5,360.28117301724956,"[['4' '21.723621255041124' 'present']
 ['1' '39.13984776242343' 'present']
 ['5' '40.774358079293556' 'present']
 ['5' '48.00557481976936' 'present']
 ['1' '51.327782231756665' 'present']
 ['6' '59.340370363990274' 'present']
 ['7' '60.05271291341011' 'present']
 ['11' '71.38065662975629' 'present']
 ['7' '75.76453228322646' 'marauded']
 ['7' '79.83015947469723' 'destroyed']
 ['7' '80.17445679688683' 'presentdestroyed']
 ['0' '88.18355451199152' 'present']
 ['0' '89.53390060648027' 'present']
 ['6' '90.9550163245896' 'marauded']
 ['4' '105.900256119311' 'marauded']
 ['4' '107.64456137665647' 'presentdestroyed']
 ['5' '115.415086510086' 'present']
 ['2' '128.8243933809011' 'present']
 ['1' '129.24478566836586' 'present']
 ['1' '130.91449496299347' 'present']
 ['2' '141.31775755330898' 'present']
 ['7' '142.4273562792096' 'present']
 ['4' '144.3694072294596' 'present']
 ['1' '146.2078714195848' 'marauded']
 ['4' '148.07760046237294' 'presentdestroyed']
 ['2' '150.76881022797366' 'presentdestroyed']
 ['10' '172.17261432283328' 'marauded']
 ['2' '173.08940355067082' 'presentdestroyed']
 ['6' '176.2095084140828' 'destroyed']
 ['6' '183.18156734350356' 'present']
 ['0' '185.55980870914556' 'marauded']
 ['2' '189.75578458778187' 'destroyed']
 ['0' '190.16282431256326' 'presentdestroyed']
 ['10' '203.75579057823708' 'present']
 ['7' '213.5696206270339' 'present']
 ['11' '222.93276232773238' 'present']
 ['5' '225.8491691392402' 'marauded']
 ['0' '229.69299725935053' 'presentdestroyed']
 ['5' '248.06257949888735' 'present']
 ['1' '252.7257851649868' 'present']
 ['11' '252.81456096292345' 'marauded']
 ['2' '259.9269174872361' 'present']
 ['4' '266.2866306640011' 'marauded']
 ['2' '271.10859444695245' 'presentdestroyed']
 ['4' '278.86794344487066' 'present']
 ['6' '280.4463333733049' 'present']
 ['10' '281.6565809132003' 'present']
 ['7' '282.65376676239373' 'present']
 ['5' '290.6913728577329' 'present']
 ['5' '294.0153659060813' 'present']
 ['1' '300.36339997129187' 'present']
 ['10' '301.28812362415186' 'present']
 ['5' '317.9010941802511' 'marauded']
 ['5' '320.505650799936' 'presentdestroyed']
 ['11' '324.6036929276084' 'destroyed']
 ['4' '325.09126222793907' 'destroyed']
 ['5' '330.0854192024723' 'present']
 ['5' '331.5987480837858' 'present']
 ['4' '334.0043892732521' 'marauded']
 ['1' '339.1614261989881' 'destroyed']
 ['4' '339.5514822941129' 'destroyed']
 ['7' '339.8250035827924' 'presentdestroyed']
 ['4' '342.5000746165555' 'marauded']
 ['10' '347.8308355925545' 'presentdestroyed']]","[['F40' '63.495427988645645' 'mated']
 ['F62' '100.86296271460401' 'absent']
 ['F32' '108.42513393038061' 'destroyed']
 ['F80' '177.91699463781907' 'destroyed']
 ['F71' '179.529718343472' 'mated']
 ['F44' '181.81924511315535' 'mated']
 ['F22' '192.82029780691562' 'destroyed']
 ['F34' '203.357674048027' 'mated']
 ['F12' '225.60480856326657' 'mated']
 ['F5' '270.7842606658277' 'destroyed']
 ['F28' '313.4382282037638' 'absent']
 ['F102' '349.8952882031969' 'absentdestroyed']]",200.0,200.0,577.0,71.90726719557925,15.238600975906404,1255.0,213.30381580285328,45.799547225064956,429.0,73.13906216505151,15.550382519254436,12.0,1.2,0.12000000000000005,68.0,0.4629484434500585,0.0035150891632373133
9,0.0,13,360.3933721306577,"[['11' '6.12884020465784' 'present']
 ['10' '11.144511531012016' 'present']
 ['11' '16.925478856033244' 'present']
 ['4' '19.568481097672056' 'present']
 ['6' '21.963290933471516' 'present']
 ['2' '31.8663485624914' 'present']
 ['5' '36.33557352753256' 'marauded']
 ['6' '39.093788825619654' 'presentdestroyed']
 ['1' '45.746799890325015' 'present']
 ['6' '48.29893228641246' 'marauded']
 ['0' '59.06820940007328' 'present']
 ['11' '61.67850450821359' 'present']
 ['6' '73.22244523244271' 'marauded']
 ['2' '74.9713423727327' 'presentdestroyed']
 ['0' '89.20458284514642' 'marauded']
 ['5' '89.37219589838965' 'presentdestroyed']
 ['1' '89.85350319692972' 'destroyed']
 ['7' '90.30757579961721' 'destroyed']
 ['1' '94.50064481558734' 'presentdestroyed']
 ['1' '101.85049482095265' 'present']
 ['10' '107.23744542381847' 'present']
 ['0' '107.6574045165011' 'present']
 ['0' '115.1358765586821' 'present']
 ['4' '126.8002897715572' 'present']
 ['0' '131.02025819698744' 'present']
 ['6' '145.48575316943635' 'present']
 ['6' '147.55443119895122' 'present']
 ['2' '162.36023858529822' 'present']
 ['4' '164.97581703503687' 'present']
 ['8' '171.3448192213112' 'present']
 ['10' '176.39936453640343' 'marauded']
 ['5' '201.58198175768837' 'present']
 ['11' '204.89295360582935' 'present']
 ['11' '206.62270697348163' 'present']
 ['1' '225.23130884937405' 'present']
 ['1' '226.62269940340445' 'present']
 ['2' '235.31930332879983' 'present']
 ['11' '236.28484057735628' 'present']
 ['6' '237.53829899982944' 'present']
 ['10' '245.5526628634567' 'present']
 ['1' '264.44966748735413' 'marauded']
 ['7' '269.6441414585637' 'destroyed']
 ['7' '270.50714688787025' 'presentdestroyed']
 ['0' '271.59695640696606' 'destroyed']
 ['6' '279.2152298142888' 'present']
 ['6' '281.19277580821574' 'marauded']
 ['10' '282.2770114070167' 'presentdestroyed']
 ['10' '287.2040304282654' 'presentdestroyed']
 ['8' '291.74231690466536' 'present']
 ['5' '293.78615752432296' 'present']
 ['8' '298.9739119716782' 'present']
 ['6' '327.6430308798727' 'present']
 ['1' '329.6273390253995' 'marauded']
 ['1' '335.0345567714586' 'presentdestroyed']
 ['2' '336.86264335013306' 'presentdestroyed']]","[['F107' '22.049226891377604' 'mated']
 ['F70' '112.96500932767965' 'absent']
 ['F59' '115.12696204153431' 'mated']
 ['F104' '132.92072505800488' 'mated']
 ['F79' '157.05755390621988' 'mated']
 ['F63' '159.1452050425365' 'mated']
 ['F105' '163.2610192412512' 'mated']
 ['F23' '178.27498534890782' 'destroyed']
 ['F84' '191.69119552568745' 'mated']
 ['F53' '193.2060285601296' 'mated']
 ['F98' '206.87805431714185' 'mated']
 ['F88' '209.24855669584878' 'absent']
 ['F15' '209.34061171121576' 'mated']
 ['F35' '237.39858505834835' 'mated']
 ['F37' '269.39327152016074' 'destroyed']
 ['F16' '295.19577564337106' 'mated']
 ['F3' '297.4082298659914' 'mated']
 ['F102' '349.89856184570243' 'absent']]",300.0,0.0,566.0,69.67491107463667,14.833602580078777,1424.0,241.501521690512,51.53240252222332,296.0,48.895815443689656,10.133166921573032,0.0,0.0,0.0,0.0,0.0,0.0
10,0.054,9,360.1839854723237,"[['5' '1.6368184949977913' 'present']
 ['4' '5.467187994895703' 'present']
 ['2' '20.612832651813832' 'present']
 ['8' '44.822993285089886' 'present']
 ['4' '46.180214241957806' 'present']
 ['4' '47.84827290069294' 'present']
 ['11' '49.913891355942525' 'present']
 ['4' '52.37336722260858' 'present']
 ['7' '52.40154355011511' 'present']
 ['11' '55.20209667737679' 'present']
 ['0' '55.26705029515946' 'marauded']
 ['7' '61.63129314397352' 'presentdestroyed']
 ['2' '66.5740009373525' 'present']
 ['7' '69.40131672212686' 'present']
 ['2' '76.81514778474639' 'marauded']
 ['4' '77.9629744635445' 'presentdestroyed']
 ['2' '78.66120870078649' 'presentdestroyed']
 ['7' '96.87004333075879' 'present']
 ['11' '108.53836972746815' 'present']
 ['1' '125.29129169380623' 'present']
 ['7' '125.57020696543601' 'present']
 ['1' '127.4759087165244' 'present']
 ['11' '128.56964365250482' 'marauded']
 ['0' '131.68505209083395' 'presentdestroyed']
 ['8' '137.3789184178543' 'present']
 ['2' '139.02822364726725' 'marauded']
 ['1' '148.96790971141172' 'marauded']
 ['1' '149.68859722120627' 'presentdestroyed']
 ['6' '160.263445192676' 'present']
 ['1' '167.2385470789254' 'present']
 ['4' '167.57805029406637' 'present']
 ['4' '171.20928359321223' 'present']
 ['2' '175.3463105862103' 'present']
 ['0' '184.4605684479793' 'present']
 ['6' '190.13928928087728' 'present']
 ['0' '190.9937978172695' 'marauded']
 ['11' '194.041340189074' 'presentdestroyed']
 ['6' '197.96494571429872' 'presentdestroyed']
 ['2' '209.8268388169132' 'present']
 ['7' '213.0741292597377' 'present']
 ['8' '213.39277826235076' 'marauded']
 ['7' '223.35499488571378' 'marauded']
 ['7' '232.5629504462543' 'marauded']
 ['4' '245.92202790190598' 'present']
 ['0' '256.16195261656003' 'present']
 ['4' '266.762913084826' 'present']
 ['6' '274.16347937257285' 'present']
 ['6' '279.70249205612765' 'present']
 ['6' '282.50439276069056' 'present']
 ['11' '288.80245844013075' 'marauded']
 ['6' '290.61923664664084' 'presentdestroyed']
 ['1' '301.6782499048588' 'marauded']
 ['6' '304.9163204941651' 'presentdestroyed']
 ['0' '318.92908010251074' 'present']
 ['2' '320.8210913445639' 'present']
 ['11' '322.0050360076115' 'present']
 ['8' '333.66669661792656' 'present']
 ['1' '338.02575107455647' 'present']
 ['1' '348.99582591241324' 'present']
 ['4' '355.30886451444326' 'present']]","[['F42' '26.625415260765468' 'mated']
 ['F100' '111.99251660183694' 'mated']
 ['F70' '112.96732414249446' 'mated']
 ['F67' '113.57629387734363' 'mated']
 ['F83' '122.8291092190462' 'mated']
 ['F60' '123.31308170763093' 'absent']
 ['F21' '144.87424414330204' 'absentdestroyed']
 ['F17' '160.93343375825276' 'mated']
 ['F14' '163.10110820372492' 'absent']
 ['F18' '173.50254831895145' 'absent']
 ['F74' '191.34397306147633' 'destroyed']
 ['F72' '203.67487823190737' 'mated']
 ['F61' '244.2105118843885' 'mated']
 ['F37' '269.3955863349756' 'mated']
 ['F16' '295.1855575564211' 'destroyed']
 ['F48' '306.2662686535938' 'destroyed']]",300.0,100.0,563.0,65.8228679703094,12.347720407818583,1323.0,225.6129124445701,48.65823581090647,400.0,67.7272586788749,14.351525567576116,5.0,0.5,0.05000000000000001,60.0,0.40083544407506416,0.002957818930041152
11,0.054,9,360.2184904594065,"[['6' '5.875398576540061' 'present']
 ['6' '10.276590429119597' 'present']
 ['2' '10.378769782455592' 'present']
 ['7' '12.309745422667307' 'present']
 ['2' '22.562647421353486' 'marauded']
 ['8' '22.63627192581591' 'presentdestroyed']
 ['6' '27.273187405564048' 'presentdestroyed']
 ['5' '31.66982390625737' 'marauded']
 ['10' '33.09453651836545' 'presentdestroyed']
 ['2' '40.50801067888753' 'present']
 ['1' '40.92758571179279' 'present']
 ['5' '49.61782042371639' 'present']
 ['1' '56.21032263650245' 'present']
 ['0' '61.71176835500228' 'present']
 ['8' '74.15290946967093' 'present']
 ['2' '78.32072011749345' 'present']
 ['4' '79.17363617182822' 'present']
 ['4' '80.95449098496599' 'marauded']
 ['2' '81.07067088907368' 'presentdestroyed']
 ['2' '101.1917004952094' 'present']
 ['6' '109.48682071043922' 'marauded']
 ['0' '113.69438426236206' 'presentdestroyed']
 ['8' '116.24403868795753' 'presentdestroyed']
 ['6' '124.37847325473624' 'present']
 ['2' '127.97076440802435' 'present']
 ['0' '130.91466973966715' 'marauded']
 ['8' '131.35100215115136' 'presentdestroyed']
 ['8' '140.77253724133496' 'present']
 ['0' '141.60875355072423' 'present']
 ['6' '143.12580940603738' 'present']
 ['6' '144.95044177058153' 'present']
 ['4' '145.21115181297003' 'present']
 ['8' '157.56297116444773' 'present']
 ['2' '158.87802065522146' 'present']
 ['8' '160.19654435969915' 'marauded']
 ['8' '161.43105611788405' 'presentdestroyed']
 ['0' '168.4623065694483' 'present']
 ['1' '171.7511417596828' 'present']
 ['5' '173.14080719359367' 'marauded']
 ['5' '180.1917242939794' 'presentdestroyed']
 ['8' '185.03872891688357' 'marauded']
 ['6' '191.94074008366596' 'present']
 ['7' '197.54879315631027' 'present']
 ['8' '204.98346718195964' 'present']
 ['5' '207.31949496233764' 'present']
 ['2' '215.65579352198714' 'present']
 ['5' '218.18752736553438' 'present']
 ['7' '230.96990299304346' 'present']
 ['2' '234.17553808731986' 'present']
 ['6' '249.14548446058103' 'present']
 ['2' '255.76007359044917' 'marauded']
 ['0' '268.9650990202203' 'marauded']
 ['10' '275.2306287390138' 'destroyed']
 ['4' '279.8795168299538' 'marauded']
 ['6' '289.5805140420533' 'present']
 ['1' '294.87891601779364' 'present']
 ['1' '301.84900078593324' 'marauded']
 ['4' '329.6840759226574' 'present']
 ['4' '329.706424595985' 'present']
 ['7' '333.5774885740424' 'present']
 ['10' '345.4602573019997' 'present']
 ['10' '348.90444917340227' 'present']
 ['4' '352.06055796138185' 'present']
 ['4' '355.46121037693035' 'present']
 ['8' '355.5331575192539' 'marauded']
 ['8' '356.005708826679' 'presentdestroyed']]","[['F81' '60.736252746695044' 'mated']
 ['F106' '127.03252177232218' 'mated']
 ['F66' '144.098001674364' 'mated']
 ['F20' '144.78087689011434' 'mated']
 ['F95' '176.86061306955511' 'absentdestroyed']
 ['F36' '186.0797878026503' 'destroyed']
 ['F91' '197.84744306230093' 'mated']
 ['F41' '212.77900671616302' 'mated']
 ['F64' '214.18527798696732' 'mated']
 ['F33' '243.1963555223888' 'mated']
 ['F52' '279.44052329317856' 'mated']]",300.0,200.0,563.0,72.86693008957423,15.446564741426076,1242.0,208.86785623627887,44.844598294913354,449.0,76.96934099694313,16.51040917009458,9.0,0.8999999999999999,0.09000000000000002,61.0,0.4321905321988853,0.0033650548696844995
