id,probability_maraud,successful_mating,next_foraging_time,mar_attempts,mate_attempts,x_pos,y_pos,foraging_events,foraging_hrs,foraging_sqhrs,staying_events,staying_hrs,staying_sqhrs,repairing_events,repairing_hrs,repairing_sqhrs,marauding_events,marauding_hrs,marauding_sqhrs,traveling_events,traveling_hrs,traveling_sqhrs
0,0.0,11,359.9566092918095,"[['3' '5.614160932750886' 'present']
 ['2' '10.540915189150114' 'marauded']
 ['3' '10.679881320411253' 'presentdestroyed']
 ['3' '18.181526261962098' 'present']
 ['2' '19.25783982965185' 'marauded']
 ['2' '46.11463487897488' 'marauded']
 ['1' '48.95597872787939' 'destroyed']
 ['1' '49.153765670914986' 'destroyed']
 ['2' '55.65661910025096' 'present']
 ['2' '64.53695143031092' 'present']
 ['2' '66.79526281158309' 'marauded']
 ['3' '72.75069283342523' 'destroyed']
 ['3' '75.26377181012933' 'present']
 ['2' '87.99600051741359' 'present']
 ['1' '100.12829746166722' 'present']
 ['1' '100.48147919091235' 'present']
 ['1' '111.18444844833407' 'present']
 ['2' '113.4250806303973' 'present']
 ['2' '115.1121194404679' 'present']
 ['1' '117.32142590508901' 'present']
 ['1' '125.93933979713414' 'present']
 ['3' '127.64259939401816' 'present']
 ['1' '133.2990172839254' 'present']
 ['1' '140.79366753314315' 'present']
 ['3' '145.89446909695735' 'present']
 ['1' '157.06600042843422' 'present']
 ['3' '159.03822352184807' 'present']
 ['1' '159.29545824053153' 'present']
 ['3' '188.16184427369004' 'present']
 ['3' '188.28364342483087' 'present']
 ['1' '190.9101488279459' 'marauded']
 ['1' '191.50409610851474' 'presentdestroyed']
 ['1' '193.2290320193951' 'presentdestroyed']
 ['3' '202.83254626051493' 'present']
 ['1' '205.26967473236604' 'marauded']
 ['1' '209.89509796360022' 'presentdestroyed']
 ['2' '212.98774157724574' 'present']
 ['2' '217.93039265639626' 'marauded']
 ['1' '226.81667433110766' 'present']
 ['3' '227.97776581844062' 'marauded']
 ['3' '231.5242139264518' 'destroyed']
 ['3' '232.73000604502167' 'presentdestroyed']
 ['1' '234.4509949920606' 'destroyed']
 ['1' '237.3117689602478' 'present']
 ['3' '247.66427574435272' 'present']
 ['3' '248.1585959504751' 'present']
 ['3' '260.9327329472651' 'present']
 ['1' '262.42568174656714' 'present']
 ['2' '264.50880265146304' 'marauded']
 ['1' '298.03705739729975' 'marauded']
 ['1' '298.9616014807366' 'presentdestroyed']
 ['1' '313.0311471467174' 'present']
 ['3' '329.5139264249601' 'marauded']
 ['2' '332.57066404819534' 'presentdestroyed']
 ['3' '344.7504508655109' 'present']]","[['F87' '20.812466393349663' 'absentdestroyed']
 ['F79' '76.20159070726012' 'mated']
 ['F54' '91.34055119499702' 'mated']
 ['F3' '101.69034505498863' 'mated']
 ['F83' '124.92412652440407' 'mated']
 ['F12' '130.4604814331396' 'absent']
 ['F15' '132.83888859864192' 'mated']
 ['F5' '164.39098745769556' 'mated']
 ['F76' '165.41811944674578' 'mated']
 ['F28' '171.6180035189628' 'mated']
 ['F32' '180.55458496708596' 'mated']
 ['F72' '213.11485769584692' 'absent']
 ['F29' '215.84665028172063' 'mated']
 ['F92' '217.2019931181384' 'absent']
 ['F25' '219.75854598880792' 'absentdestroyed']
 ['F8' '257.2813430248824' 'mated']]",0.0,0.0,561.0,71.93631278059715,15.107014354422923,1323.0,220.61546226163412,46.41919262677313,399.0,67.49584740105833,14.319715910762948,0.0,0.0,0.0,0.0,0.0,0.0
1,0.054,8,360.65250903627594,"[['10' '3.290773583779099' 'present']
 ['2' '3.533574637539405' 'marauded']
 ['3' '5.32808515731916' 'presentdestroyed']
 ['10' '16.08003590603169' 'marauded']
 ['2' '16.843092309166504' 'presentdestroyed']
 ['2' '18.931138620501414' 'presentdestroyed']
 ['10' '21.74403614460507' 'presentdestroyed']
 ['2' '22.36957806203977' 'presentdestroyed']
 ['10' '24.7531858421069' 'present']
 ['10' '25.85862594004504' 'marauded']
 ['10' '38.16791331321524' 'present']
 ['2' '64.07804115958683' 'present']
 ['10' '66.40709881144525' 'marauded']
 ['10' '70.14146812772233' 'presentdestroyed']
 ['2' '85.47850965745766' 'marauded']
 ['10' '86.92135200154183' 'destroyed']
 ['2' '101.60919793970866' 'marauded']
 ['10' '104.51798032216719' 'destroyed']
 ['10' '113.50217502960973' 'present']
 ['2' '118.31807154501311' 'marauded']
 ['2' '133.96598454757614' 'present']
 ['2' '143.7185830008212' 'present']
 ['10' '147.1996539693281' 'present']
 ['10' '156.59918030493307' 'present']
 ['2' '167.07013409696552' 'marauded']
 ['2' '176.71752611979926' 'present']
 ['2' '178.91357230744583' 'present']
 ['10' '183.64801317899338' 'present']
 ['10' '189.86512433071374' 'present']
 ['10' '194.46396043313712' 'present']
 ['2' '203.59174544435078' 'present']
 ['10' '206.6167987067655' 'present']
 ['2' '211.05049154596875' 'present']
 ['2' '225.0150243095824' 'present']
 ['10' '262.86969582742773' 'present']
 ['10' '272.281933010455' 'present']
 ['10' '272.3282293067513' 'present']
 ['2' '297.3381445387424' 'present']
 ['10' '297.3546644922554' 'present']
 ['10' '309.6139888429669' 'present']
 ['2' '317.42646219839656' 'present']
 ['10' '318.67941290197587' 'present']
 ['10' '319.35510322183796' 'present']
 ['10' '319.4526512483112' 'present']
 ['10' '321.1573726296142' 'present']
 ['10' '340.6032825965309' 'present']
 ['10' '345.8287297237' 'present']]","[['F87' '20.83561454149781' 'destroyed']
 ['F11' '76.01558948404902' 'mated']
 ['F56' '94.23133821906696' 'mated']
 ['F69' '155.99274667902884' 'mated']
 ['F76' '165.39497129859762' 'absent']
 ['F34' '170.6680722143261' 'absentdestroyed']
 ['F28' '171.59485537081466' 'destroyed']
 ['F10' '191.79154143119348' 'mated']
 ['F14' '215.74445461279487' 'mated']
 ['F84' '220.9799177195656' 'absent']
 ['F47' '236.18209576700778' 'mated']
 ['F63' '281.2563515467979' 'mated']
 ['F107' '291.23606232624246' 'mated']]",0.0,1000.0,577.0,74.3575387497637,15.997657492105626,1355.0,231.14274584519166,49.57435131246811,278.0,48.85522784726677,10.863171800910632,15.0,1.5000000000000002,0.15000000000000008,91.0,4.366375393471519,0.21219135802469102
2,0.054,5,360.42885253036735,"[['5' '0.023148148148148147' 'present']
 ['5' '2.3307444628634273' 'present']
 ['11' '7.746451320779277' 'present']
 ['5' '23.146177686824867' 'present']
 ['11' '34.03550272636505' 'present']
 ['11' '40.27678126786379' 'present']
 ['3' '47.82555235898764' 'marauded']
 ['5' '49.11542626373383' 'presentdestroyed']
 ['5' '55.63975590398054' 'marauded']
 ['11' '56.14320579741793' 'presentdestroyed']
 ['1' '59.569837477053454' 'destroyed']
 ['11' '73.31412437012236' 'present']
 ['5' '77.85719907883949' 'present']
 ['11' '82.16267059238649' 'present']
 ['5' '82.77240800425538' 'present']
 ['5' '91.89136482024576' 'present']
 ['11' '92.01954356883289' 'marauded']
 ['11' '100.62463297961348' 'present']
 ['11' '105.0561091509862' 'marauded']
 ['5' '117.38764258587601' 'present']
 ['11' '124.9972527352013' 'present']
 ['11' '126.87768260350862' 'present']
 ['11' '132.27223187098744' 'present']
 ['1' '134.3337807911506' 'marauded']
 ['5' '141.33251337497396' 'presentdestroyed']
 ['1' '147.4310101444032' 'present']
 ['5' '151.07318988083028' 'marauded']
 ['5' '167.30374301190236' 'marauded']
 ['11' '176.34621960770536' 'present']
 ['1' '187.13774119466342' 'present']
 ['1' '191.2830131547267' 'present']
 ['11' '191.42213730532583' 'present']
 ['1' '193.2753283156914' 'marauded']
 ['5' '198.44829214409754' 'presentdestroyed']
 ['5' '199.7314924113249' 'destroyed']
 ['5' '208.10241319883855' 'present']
 ['5' '211.10899254444348' 'present']
 ['1' '218.8664697044079' 'present']
 ['5' '221.19325338654522' 'present']
 ['5' '225.2270266119238' 'present']
 ['11' '226.8065840061636' 'present']
 ['11' '228.4783150210041' 'marauded']
 ['5' '238.40212109040445' 'marauded']
 ['5' '241.7740379887769' 'destroyed']
 ['11' '242.3946556138464' 'presentdestroyed']
 ['5' '249.8796039521948' 'marauded']
 ['1' '250.39186999000268' 'presentdestroyed']
 ['1' '252.60842220815238' 'presentdestroyed']
 ['11' '252.76224260436874' 'destroyed']
 ['1' '257.83918031835645' 'presentdestroyed']
 ['5' '263.19923832194337' 'present']
 ['11' '265.3979236849563' 'present']
 ['1' '275.61449340909434' 'marauded']
 ['11' '285.79073433403823' 'marauded']
 ['5' '288.10923225206915' 'presentdestroyed']
 ['1' '297.8907611010034' 'marauded']
 ['1' '299.3534009402208' 'presentdestroyed']
 ['11' '301.957749195826' 'presentdestroyed']
 ['1' '304.8464629399328' 'presentdestroyed']
 ['1' '307.53400993139667' 'present']
 ['11' '309.5865155930205' 'present']
 ['1' '309.67186107970764' 'marauded']
 ['5' '311.20212213684545' 'presentdestroyed']
 ['11' '318.80488586900697' 'present']
 ['11' '318.85118216530327' 'present']
 ['1' '332.67444307382647' 'present']
 ['5' '333.3682213638487' 'marauded']
 ['11' '340.2226131375302' 'presentdestroyed']
 ['1' '341.0485486849067' 'present']
 ['1' '346.38808016247094' 'present']
 ['1' '351.58264317797165' 'marauded']
 ['5' '357.9224171900095' 'presentdestroyed']]","[['F20' '15.392038526601622' 'mated']
 ['F87' '20.85876268964596' 'mated']
 ['F3' '101.66719690684047' 'absent']
 ['F12' '130.43733328499144' 'absent']
 ['F15' '132.81574045049376' 'absent']
 ['F69' '155.9695985308807' 'destroyed']
 ['F67' '174.92318909833156' '']
 ['F58' '213.0012048841565' 'absent']
 ['F46' '213.65765542879114' 'mated']
 ['F18' '214.35528378009164' 'mated']
 ['F77' '220.44083267591597' 'mated']
 ['F17' '229.98888272022998' 'destroyed']
 ['F96' '245.47886809235376' '']]",0.0,2000.0,578.0,69.16063496921203,13.561983100070362,1080.0,182.85932540137222,39.63761508221155,592.0,104.10912894193996,23.096854460810647,14.0,1.4000000000000001,0.14000000000000007,54.0,2.5383531076271377,0.12002743484224972
3,0.054,2,360.0162854377597,"[['5' '27.399727182181465' 'marauded']
 ['1' '34.060504841710646' 'presentdestroyed']
 ['5' '34.066671602081854' 'presentdestroyed']
 ['5' '39.593329195099095' 'present']
 ['1' '47.35191298959353' 'present']
 ['5' '64.89451007591234' 'present']
 ['5' '68.4402103167205' 'present']
 ['5' '82.72611170795908' 'present']
 ['5' '84.53941902428316' 'present']
 ['7' '100.99008610039897' 'present']
 ['5' '113.47430247815689' 'present']
 ['5' '159.17836868718598' 'present']
 ['7' '161.26309086028834' 'present']
 ['5' '165.56692749602146' 'present']
 ['5' '185.7453698791438' 'present']
 ['5' '212.75976025571003' 'present']
 ['5' '226.23355799434825' 'present']
 ['5' '239.8229077347417' 'marauded']
 ['5' '248.11966595180607' 'present']
 ['5' '249.41263562308322' 'marauded']
 ['7' '272.94355424960895' 'present']
 ['5' '279.6532473286589' 'present']
 ['5' '281.12382184289726' 'present']
 ['1' '297.51674367971964' 'present']
 ['5' '297.87144923165397' 'marauded']
 ['5' '310.03245023915076' 'present']
 ['5' '313.31964029822785' 'present']
 ['2' '345.7125914109347' 'present']]","[['F27' '31.2376452290251' 'destroyed']
 ['F4' '151.2082420650919' 'mated']
 ['F101' '214.8017863784088' 'absent']
 ['F92' '217.22514126628656' 'absent']
 ['F25' '219.78169413695608' 'absent']
 ['F84' '221.0262140158619' 'absent']
 ['F70' '222.65658933476402' 'mated']]",1000.0,0.0,562.0,69.20244037102641,14.505321392313512,1529.0,260.93686302132323,56.97952953104969,149.0,24.421577939181557,5.299573872025056,15.0,1.5000000000000002,0.15000000000000008,84.0,3.9464185503295957,0.1864711934156376
4,0.0,4,360.91672308308017,"[['5' '4.88288431736572' 'present']
 ['7' '5.133314585136506' 'marauded']
 ['3' '6.79295540493868' 'presentdestroyed']
 ['3' '13.448196763791474' 'present']
 ['3' '27.050174212846894' 'present']
 ['7' '30.04334034862683' 'marauded']
 ['5' '37.550328192100764' 'presentdestroyed']
 ['1' '41.56350863079497' 'present']
 ['5' '50.587641832012864' 'marauded']
 ['7' '50.844690941344155' 'presentdestroyed']
 ['7' '52.872162574969096' 'presentdestroyed']
 ['3' '59.29622460616925' 'present']
 ['3' '59.76634841372621' 'marauded']
 ['1' '60.16572581165533' 'presentdestroyed']
 ['3' '60.23994299858967' 'presentdestroyed']
 ['5' '60.45810427316465' 'presentdestroyed']
 ['1' '60.73548267202773' 'destroyed']
 ['5' '64.84821377961603' 'presentdestroyed']
 ['7' '77.10806594243046' 'marauded']
 ['7' '80.94731298594617' 'presentdestroyed']
 ['7' '86.24161642251389' 'present']
 ['5' '88.35647341840728' 'present']
 ['5' '90.2291696192598' 'present']
 ['1' '97.16834681720503' 'present']
 ['7' '112.87516321138223' 'present']
 ['1' '117.65682261202785' 'present']
 ['7' '119.48464458824553' 'present']
 ['7' '121.02659662099315' 'marauded']
 ['3' '121.96065522569552' 'presentdestroyed']
 ['3' '123.54053556219091' 'presentdestroyed']
 ['1' '134.05329791138087' 'present']
 ['1' '134.5809223900791' 'marauded']
 ['7' '136.1373233156727' 'presentdestroyed']
 ['5' '136.46417371439654' 'presentdestroyed']
 ['1' '138.2641516540187' 'presentdestroyed']
 ['7' '141.56916190890212' 'presentdestroyed']
 ['3' '143.05777123461968' 'present']
 ['3' '143.51135535387564' 'present']
 ['7' '144.0725004383209' 'marauded']
 ['1' '149.02513857167978' 'destroyed']
 ['5' '150.20682838578023' 'presentdestroyed']
 ['7' '152.54545865744703' 'present']
 ['1' '158.40484137908396' 'present']
 ['5' '159.13207239088968' 'present']
 ['7' '159.14855839153458' 'present']
 ['5' '163.40843825281982' 'present']
 ['1' '175.76008395239893' 'present']
 ['1' '179.2562952298499' 'present']
 ['7' '181.29765268465243' 'present']
 ['5' '181.66687861514944' 'present']
 ['7' '183.02060320609334' 'present']
 ['1' '186.02903220588775' 'marauded']
 ['1' '186.83382974334762' 'destroyed']
 ['7' '186.88326101927507' 'destroyed']
 ['3' '192.01097984998543' 'presentdestroyed']
 ['7' '193.2807898867615' 'presentdestroyed']
 ['3' '196.75124499416503' 'present']
 ['7' '198.1259114825543' 'marauded']
 ['3' '200.03495955160196' 'presentdestroyed']
 ['1' '206.74005233330922' 'present']
 ['1' '212.46228329026886' 'present']
 ['7' '216.5214540547703' 'present']
 ['7' '226.3737286747562' 'present']
 ['3' '227.9314695221443' 'present']
 ['3' '233.2019898805791' 'present']
 ['5' '233.59909296025882' 'marauded']
 ['1' '234.2636610700305' 'destroyed']
 ['7' '244.38673886986314' 'marauded']
 ['3' '249.21112036138283' 'presentdestroyed']
 ['3' '249.25741665767913' 'presentdestroyed']
 ['5' '249.30222290122882' 'presentdestroyed']
 ['1' '251.45208492872032' 'present']
 ['5' '251.80089174429781' 'present']
 ['5' '254.8643053169929' 'marauded']
 ['7' '260.6750084285374' 'presentdestroyed']
 ['3' '262.79931541233253' 'present']
 ['3' '264.3717831310995' 'present']
 ['5' '266.2756660548053' 'present']
 ['5' '269.2430550684339' 'present']
 ['5' '273.92561991919246' 'present']
 ['7' '277.0018054815027' 'marauded']
 ['3' '278.5034697551653' 'presentdestroyed']
 ['3' '281.00946097793917' 'presentdestroyed']
 ['1' '283.0280503594148' 'presentdestroyed']
 ['1' '291.0060446553731' 'present']
 ['3' '294.54148778906483' 'present']
 ['7' '297.72303255336755' 'present']
 ['7' '298.9439345922617' 'present']
 ['3' '306.74092846707975' 'present']
 ['5' '315.85623313829296' 'marauded']
 ['1' '324.1391743122785' 'present']
 ['1' '324.4400581313778' 'marauded']
 ['7' '327.45966635440834' 'destroyed']
 ['7' '328.4773560001717' 'presentdestroyed']
 ['7' '332.09010887025136' 'presentdestroyed']
 ['3' '333.1040787142698' 'marauded']
 ['1' '337.00049663346175' 'presentdestroyed']
 ['1' '340.13021057856054' 'destroyed']
 ['1' '351.9076118038116' 'present']]","[['F59' '131.10075302038007' 'mated']
 ['F106' '142.81610883792843' 'mated']
 ['F86' '214.5859830002796' 'absent']
 ['F92' '217.2482894144347' 'mated']
 ['F31' '220.41686747339605' 'mated']
 ['F84' '221.00306586771376' 'absent']
 ['F62' '260.83416591917137' 'destroyed']
 ['F63' '281.2332033986497' 'absentdestroyed']]",1000.0,1000.0,553.0,71.34551754681674,15.067465095990823,1102.0,185.6255418528506,39.39673068943589,607.0,103.55581311159568,22.294419090350736,0.0,0.0,0.0,0.0,0.0,0.0
5,0.054,13,360.0274733331997,"[['3' '8.247709789485558' 'present']
 ['3' '11.69479670581001' 'marauded']
 ['3' '15.423637836960042' 'presentdestroyed']
 ['2' '16.10054568312202' 'destroyed']
 ['3' '25.98590023592923' 'present']
 ['2' '81.54164854251263' 'present']
 ['2' '99.76014271833566' 'present']
 ['2' '104.64200726437916' 'present']
 ['3' '112.60008189927882' 'present']
 ['3' '119.05959506764219' 'present']
 ['2' '126.97055017268211' 'present']
 ['3' '127.86277593855903' 'marauded']
 ['2' '134.01228084387245' 'presentdestroyed']
 ['3' '162.6128470675033' 'present']
 ['1' '177.90680650438566' 'present']
 ['2' '181.47964680207372' 'present']
 ['2' '214.00135074271452' 'present']
 ['3' '217.62299575099303' 'present']
 ['3' '225.95100341230335' 'present']
 ['3' '231.5705102227481' 'present']
 ['3' '271.1571667029393' 'present']
 ['3' '271.22403760477783' 'present']
 ['3' '295.58918956953164' 'present']
 ['3' '306.4747123966099' 'present']
 ['3' '311.8075403785771' 'present']
 ['3' '325.30018965100925' 'present']
 ['2' '325.4462562719759' 'marauded']
 ['3' '329.9270577329285' 'presentdestroyed']
 ['1' '335.76800972486745' 'present']
 ['3' '341.64740863152673' 'marauded']]","[['F27' '31.26079337717325' 'mated']
 ['F37' '69.45451943703357' 'mated']
 ['F93' '121.3192033076198' 'mated']
 ['F12' '130.4141851368433' 'absentdestroyed']
 ['F41' '149.5829886054498' 'mated']
 ['F2' '160.76452445406187' 'mated']
 ['F73' '170.1512560960806' 'mated']
 ['F86' '214.60913114842776' 'mated']
 ['F101' '214.82493452655694' 'mated']
 ['F25' '219.80484228510423' 'mated']
 ['F84' '221.04936216401006' 'mated']
 ['F70' '222.63344118661587' 'absent']
 ['F17' '230.01203086837813' 'mated']
 ['F96' '245.50201624050192' 'mated']
 ['F23' '278.08978439039976' 'mated']]",1000.0,2000.0,572.0,71.15586676144298,14.106391749994382,1535.0,258.45510335829846,55.071388767087186,151.0,24.413950475598163,4.984125767203387,18.0,1.8000000000000005,0.1800000000000001,93.0,4.363085216996265,0.20576131687242763
6,0.0,12,360.25300316336626,"[['3' '2.567092927883514' 'present']
 ['7' '5.08701828884021' 'present']
 ['7' '6.75234678015618' 'present']
 ['3' '8.912177848881896' 'present']
 ['7' '12.70657630791949' 'present']
 ['3' '16.398718987111398' 'marauded']
 ['7' '27.096285317148705' 'present']
 ['7' '31.613732457612635' 'marauded']
 ['7' '41.62606992887258' 'marauded']
 ['7' '69.33644047333095' 'present']
 ['7' '70.33853437777879' 'present']
 ['7' '79.59759373924696' 'present']
 ['3' '81.88216651652537' 'present']
 ['3' '90.53119399508114' 'marauded']
 ['3' '102.43845841533648' 'marauded']
 ['3' '111.38504979265196' 'marauded']
 ['10' '111.76055653856993' 'presentdestroyed']
 ['3' '121.81435892939922' 'marauded']
 ['3' '127.81647964226272' 'presentdestroyed']
 ['3' '145.58559698911148' 'marauded']
 ['3' '148.59684506682095' 'presentdestroyed']
 ['3' '149.7342775948886' 'presentdestroyed']
 ['3' '238.02952051059043' 'present']
 ['7' '241.42753649182148' 'present']
 ['7' '249.3719316372543' 'present']
 ['3' '262.09549186780316' 'present']
 ['7' '271.67288294786016' 'present']
 ['7' '299.2673700010304' 'present']
 ['5' '307.45381190541184' 'present']
 ['7' '315.9301647132978' 'marauded']
 ['3' '329.22252352094876' 'present']
 ['3' '329.7807614366322' 'marauded']
 ['7' '330.1219430815768' 'presentdestroyed']
 ['3' '337.46898080594343' 'presentdestroyed']
 ['7' '338.8709475841247' 'present']
 ['3' '351.41077708154404' 'present']
 ['3' '354.14102367248273' 'present']]","[['F44' '100.09123102944761' 'mated']
 ['F94' '101.73578667915255' 'mated']
 ['F66' '163.1246182164201' 'absent']
 ['F13' '164.39725329478034' 'mated']
 ['F68' '164.98821723577254' 'mated']
 ['F6' '170.76539019838043' 'mated']
 ['F57' '173.59112657954296' 'mated']
 ['F26' '194.75533828227327' 'mated']
 ['F1' '202.18239088696546' 'mated']
 ['F35' '233.417966319713' 'mated']
 ['F105' '233.6706682906547' 'mated']
 ['F82' '233.8683071490725' 'mated']
 ['F21' '243.4523760592923' 'absent']
 ['F16' '260.3973707326578' 'mated']
 ['F30' '317.60492033561115' 'absentdestroyed']]",2000.0,0.0,559.0,71.57220009964297,15.95442905994119,1350.0,227.50918111802218,48.529146780335864,362.0,61.13628171108245,13.072123572345552,0.0,0.0,0.0,0.0,0.0,0.0
7,0.054,12,360.38962834382033,"[['10' '39.83665427659876' 'present']
 ['10' '55.769944748775586' 'marauded']
 ['10' '56.179453861889144' 'presentdestroyed']
 ['10' '56.82945473275763' 'destroyed']
 ['10' '56.91658500889137' 'destroyed']
 ['10' '61.25026467738423' 'presentdestroyed']
 ['10' '73.71929918498381' 'present']
 ['10' '99.48950979606899' 'present']
 ['10' '117.81367383042462' 'present']
 ['11' '130.97148730354743' 'present']
 ['5' '159.23425326038907' 'present']
 ['5' '164.15455924947017' 'marauded']
 ['3' '177.03474444760258' 'present']
 ['10' '185.97734410818776' 'present']
 ['10' '203.02319002704064' 'present']
 ['10' '226.30811700848398' 'present']
 ['10' '226.35441330478028' 'marauded']
 ['10' '250.89380404919382' 'present']
 ['10' '281.3178985925241' 'marauded']
 ['10' '288.0880911854241' 'presentdestroyed']
 ['10' '288.1343874817204' 'presentdestroyed']
 ['10' '316.82200730361876' 'present']
 ['10' '320.5398990955398' 'present']
 ['11' '335.8833460580362' 'present']]","[['F36' '65.7180671236883' 'mated']
 ['F80' '158.0298366556145' 'absent']
 ['F66' '163.14776636456824' 'mated']
 ['F0' '163.25092966845418' 'mated']
 ['F68' '164.96506908762439' 'absentdestroyed']
 ['F104' '184.13599647488365' 'mated']
 ['F55' '197.29069882849262' 'mated']
 ['F100' '201.44109662733942' 'mated']
 ['F71' '222.24052524882293' 'mated']
 ['F33' '242.07150067022397' 'mated']
 ['F21' '243.47552420744046' 'mated']
 ['F62' '260.8573140673195' 'mated']
 ['F38' '270.6886206178972' 'mated']
 ['F51' '280.24600747992406' 'mated']]",2000.0,1000.0,571.0,71.99055506647677,14.486123319700713,1544.0,257.7839468360404,54.99102283319108,152.0,24.542037363319032,5.14670975966088,17.0,1.7000000000000004,0.1700000000000001,88.0,4.169956843141921,0.1993312757201643
8,0.0,10,360.2802405331793,"[['5' '6.472810528829333' 'present']
 ['7' '10.730444932746149' 'present']
 ['7' '13.149268400227898' 'present']
 ['7' '19.582455198478254' 'present']
 ['5' '27.028308487172772' 'marauded']
 ['11' '29.384409142192876' 'presentdestroyed']
 ['11' '36.21913186800644' 'present']
 ['11' '43.06554915203375' 'present']
 ['11' '43.111845448330044' 'present']
 ['11' '45.37285800371199' 'present']
 ['5' '49.64547174034537' 'present']
 ['5' '67.84982328170685' 'present']
 ['7' '70.72164112638634' 'present']
 ['7' '72.39296831339824' 'present']
 ['11' '73.7676408940065' 'present']
 ['11' '78.05930138187202' 'present']
 ['5' '82.50484985855527' 'present']
 ['5' '83.51680627591846' 'present']
 ['7' '92.4075921517919' 'marauded']
 ['5' '99.43681726843872' 'destroyed']
 ['5' '99.48311356473502' 'destroyed']
 ['7' '101.87248471539559' 'marauded']
 ['5' '111.18131616616023' 'present']
 ['7' '115.03157317631467' 'present']
 ['11' '134.18738501072707' 'present']
 ['7' '149.06912240507856' 'present']
 ['11' '151.43287737243938' 'present']
 ['7' '153.4676748419799' 'present']
 ['5' '181.71317491144575' 'present']
 ['7' '187.56577015562317' 'present']
 ['5' '190.93469780942058' 'present']
 ['11' '197.8052924762083' 'present']
 ['10' '202.63529942948625' 'present']
 ['11' '202.76048153567436' 'present']
 ['7' '208.01230703085233' 'present']
 ['5' '214.5183524108087' 'present']
 ['5' '232.3121232738793' 'marauded']
 ['7' '234.23821965533352' 'presentdestroyed']
 ['5' '234.93468402980648' 'presentdestroyed']
 ['5' '238.0676565888202' 'presentdestroyed']
 ['5' '239.969204031038' 'present']
 ['11' '245.66214416929336' 'present']
 ['5' '248.16596224810237' 'present']
 ['7' '251.2473139060069' 'present']
 ['5' '266.229369758509' 'present']
 ['7' '271.71917924415646' 'present']
 ['7' '276.9555091852064' 'present']
 ['5' '279.82721337965097' 'marauded']
 ['7' '281.1199961742315' 'presentdestroyed']
 ['5' '285.1382174267475' 'presentdestroyed']
 ['5' '291.6329103801357' 'present']
 ['5' '299.1718564131406' 'present']
 ['11' '300.2846316105374' 'present']
 ['11' '301.41699976543475' 'marauded']
 ['11' '303.951213811882' 'presentdestroyed']
 ['11' '321.0521080801846' 'marauded']
 ['7' '322.78841948854716' 'presentdestroyed']
 ['7' '327.579537393308' 'presentdestroyed']
 ['5' '339.6239456038564' 'present']
 ['11' '340.6424205383909' 'marauded']
 ['7' '344.8189659964813' 'destroyed']
 ['7' '348.0293711399864' 'presentdestroyed']
 ['7' '351.00555278062177' 'present']
 ['7' '351.4264419347376' 'marauded']
 ['7' '357.04896791142886' 'destroyed']]","[['F93' '121.29605515947165' 'absent']
 ['F61' '131.13793401368284' 'mated']
 ['F7' '141.34304835148166' 'mated']
 ['F41' '149.55984045730165' 'absent']
 ['F80' '158.05298480376266' 'mated']
 ['F13' '164.3741051466322' 'absent']
 ['F42' '169.02567628094036' 'mated']
 ['F78' '186.7797649742854' 'mated']
 ['F98' '195.02757600379047' 'mated']
 ['F85' '197.02236313660978' 'mated']
 ['F99' '203.59732945796966' 'mated']
 ['F90' '204.44180335371465' 'mated']
 ['F64' '208.93613905320987' 'mated']
 ['F35' '233.39481817156485' 'destroyed']
 ['F105' '233.64752014250655' 'destroyed']]",2000.0,2000.0,571.0,70.68996548377984,13.961142472184722,1387.0,234.71948798692262,50.186268075594974,331.0,54.73148221285327,11.726055635132468,0.0,0.0,0.0,0.0,0.0,0.0
9,0.0,7,360.00661602615463,"[['11' '0.21640692657923405' 'present']
 ['10' '9.774780367063006' 'present']
 ['11' '13.179750247377818' 'present']
 ['10' '17.55327095619477' 'present']
 ['11' '29.16239899747036' 'present']
 ['10' '34.8052752505817' 'present']
 ['11' '40.74910642069715' 'present']
 ['11' '41.50877539754193' 'present']
 ['11' '47.24729410585308' 'marauded']
 ['10' '47.83458657312947' 'presentdestroyed']
 ['11' '49.454989733776856' 'presentdestroyed']
 ['11' '55.750705909749335' 'present']
 ['11' '78.01300508557571' 'present']
 ['10' '89.56469976950767' 'present']
 ['10' '97.00699017629756' 'present']
 ['11' '105.0098128546899' 'present']
 ['10' '126.07640154012505' 'present']
 ['10' '128.91039126038163' 'present']
 ['10' '140.67415387364812' 'marauded']
 ['7' '156.9925722658042' 'present']
 ['11' '178.63851894676276' 'present']
 ['11' '179.19323053752154' 'marauded']
 ['10' '188.4015858571659' 'present']
 ['11' '198.11684498942373' 'present']
 ['10' '203.58596860892024' 'present']
 ['10' '210.1009138653036' 'present']
 ['7' '217.11297397932577' 'present']
 ['10' '222.18204319797064' 'present']
 ['11' '231.53338617057977' 'present']
 ['10' '237.75492050695166' 'marauded']
 ['11' '237.80156613149484' 'destroyed']
 ['11' '245.07441927939144' 'presentdestroyed']
 ['11' '245.49352833257316' 'present']
 ['11' '256.23254705166687' 'present']
 ['10' '265.38990692949926' 'present']
 ['11' '265.4442199812526' 'present']
 ['11' '270.1587557684997' 'present']
 ['10' '271.7098499521328' 'present']
 ['11' '282.25394123998177' 'present']
 ['10' '299.6189467577378' 'present']
 ['10' '310.77344196977134' 'present']
 ['10' '318.29669965597634' 'present']
 ['10' '319.8732883421881' 'marauded']
 ['2' '320.61829569772414' 'presentdestroyed']
 ['11' '322.56481429952464' 'destroyed']
 ['11' '330.5667459356475' 'present']]","[['F75' '126.57827604001682' 'mated']
 ['F12' '130.48362958128774' 'mated']
 ['F89' '131.41358073060528' 'mated']
 ['F32' '180.5314368189378' 'destroyed']
 ['F72' '213.13800584399507' 'mated']
 ['F81' '232.4341251947219' 'mated']
 ['F53' '274.4234928466442' 'mated']
 ['F30' '317.6280684837593' 'mated']]",3000.0,0.0,562.0,70.54901061853022,14.258710566584563,1516.0,258.85555864873163,55.934494148986296,184.0,30.68001865681818,6.649056267053486,0.0,0.0,0.0,0.0,0.0,0.0
10,0.054,7,360.3811041301209,"[['7' '6.916249574794689' 'present']
 ['1' '24.983418814640387' 'present']
 ['11' '26.469539364297066' 'marauded']
 ['7' '29.997044052330534' 'presentdestroyed']
 ['1' '33.386743481010924' 'presentdestroyed']
 ['11' '37.098862423755605' 'present']
 ['1' '40.785832447700514' 'present']
 ['1' '60.32159077457963' 'present']
 ['11' '73.81393719030281' 'present']
 ['1' '75.88610765623719' 'present']
 ['11' '84.65722897449473' 'present']
 ['11' '85.21321164176246' 'present']
 ['7' '93.6218671813214' 'present']
 ['11' '118.3716665157477' 'present']
 ['11' '126.23880896374494' 'present']
 ['7' '129.02550491645803' 'marauded']
 ['7' '137.55141794472632' 'present']
 ['11' '144.17667739264255' 'present']
 ['1' '149.11813859101366' 'marauded']
 ['11' '150.32169327934804' 'presentdestroyed']
 ['1' '154.79029706440437' 'presentdestroyed']
 ['7' '159.10226209523827' 'present']
 ['11' '194.47923105847136' 'marauded']
 ['7' '210.129943780579' 'present']
 ['11' '211.27570313731422' 'present']
 ['1' '214.44034407993706' 'present']
 ['11' '217.77423847574312' 'present']
 ['1' '219.42118148973253' 'present']
 ['7' '222.3795021484477' 'present']
 ['1' '243.5724438856455' 'present']
 ['11' '244.81815414130267' 'present']
 ['7' '250.95362838785073' 'marauded']
 ['11' '265.0194894707459' 'present']
 ['7' '265.2572615890747' 'present']
 ['11' '272.8965292112991' 'marauded']
 ['1' '274.98293908332795' 'presentdestroyed']
 ['11' '284.1584832426938' 'present']
 ['1' '300.4276567419443' 'present']
 ['11' '307.17392600036106' 'present']
 ['7' '309.85144129860095' 'present']
 ['1' '316.4171307851967' 'present']
 ['7' '321.5686350596976' 'marauded']
 ['11' '330.23582005892155' 'present']
 ['1' '331.6563536498333' 'marauded']
 ['7' '336.16640367399197' 'presentdestroyed']
 ['11' '338.6502827339208' 'present']
 ['11' '341.22553415283676' 'present']
 ['1' '348.3272125285202' 'marauded']
 ['11' '355.5641812736448' 'destroyed']
 ['11' '357.8658975651736' 'marauded']]","[['F36' '65.69491897554015' 'absent']
 ['F91' '82.20165899226382' 'absent']
 ['F3' '101.63446048178554' 'absent']
 ['F89' '131.39043258245712' 'absentdestroyed']
 ['F34' '170.69122036247424' 'mated']
 ['F100' '201.41794847919127' 'destroyed']
 ['F97' '204.4350512821632' 'mated']
 ['F103' '207.28052075162879' 'mated']
 ['F45' '211.25212684080438' 'mated']
 ['F40' '219.63705560870986' 'mated']
 ['F9' '231.33295524458174' 'mated']
 ['F74' '268.42594940235085' 'mated']]",3000.0,1000.0,564.0,72.13631286309713,15.22470370548325,1332.0,225.8656910968765,48.40004284221793,319.0,56.882632136391834,12.589212636052656,13.0,1.3,0.13000000000000006,85.0,3.9735382928123224,0.1864711934156376
11,0.054,17,360.56345735867353,"[['10' '3.8018704976894973' 'present']
 ['2' '4.613538069371555' 'present']
 ['10' '10.743182220566679' 'present']
 ['2' '20.354861582021726' 'present']
 ['1' '41.078747146398605' 'present']
 ['10' '43.959144609035334' 'present']
 ['10' '56.53141122889899' 'present']
 ['10' '57.245547533922654' 'present']
 ['10' '58.00709283604892' 'present']
 ['2' '65.1140518063997' 'marauded']
 ['10' '90.40085022204738' 'present']
 ['10' '109.43386589859726' 'marauded']
 ['10' '112.54330311006092' 'presentdestroyed']
 ['2' '121.06560154895713' 'present']
 ['2' '122.42746805810012' 'present']
 ['2' '128.88484766388146' 'present']
 ['2' '143.01662720760746' 'present']
 ['2' '146.318408786989' 'present']
 ['1' '158.34895680588087' 'present']
 ['2' '162.29112380913236' 'present']
 ['10' '166.18850158065135' 'marauded']
 ['2' '181.80594660412547' 'present']
 ['10' '219.0034397079548' 'marauded']
 ['2' '262.77309549757507' 'present']
 ['10' '264.00467798495646' 'present']
 ['10' '267.362639724023' 'present']
 ['10' '290.09493163363885' 'marauded']
 ['10' '291.24096185996734' 'destroyed']
 ['10' '296.29926681625193' 'presentdestroyed']
 ['1' '333.09488706406023' 'present']
 ['2' '347.9181377363403' 'marauded']]","[['F60' '23.286334842985408' 'mated']
 ['F36' '65.671770827392' 'destroyed']
 ['F91' '82.22480714041197' 'mated']
 ['F65' '82.93013851147423' 'mated']
 ['F49' '83.29462698259042' 'mated']
 ['F24' '144.46784564140233' 'mated']
 ['F50' '145.2473197374308' 'mated']
 ['F102' '163.48077692255194' 'mated']
 ['F88' '174.23901592592009' 'mated']
 ['F67' '174.94633724647971' 'mated']
 ['F58' '213.02435303230465' 'mated']
 ['F43' '218.28111188653213' 'mated']
 ['F95' '238.51679128107412' 'mated']
 ['F52' '270.1248943528169' 'mated']
 ['F48' '279.16464266460974' 'mated']
 ['F22' '309.73649116066844' 'mated']
 ['F19' '331.29081771414553' 'mated']
 ['F39' '332.0363749492463' 'mated']]",3000.0,2000.0,572.0,70.57968815698803,14.771097699925964,1453.0,247.17033530101267,53.13940641731825,231.0,36.823102746939405,7.7279497480498245,13.0,1.3,0.13000000000000006,89.0,4.158723477997509,0.1950445816186554
