id,probability_maraud,successful_mating,next_foraging_time,mar_attempts,mate_attempts,x_pos,y_pos,foraging_events,foraging_hrs,foraging_sqhrs,staying_events,staying_hrs,staying_sqhrs,repairing_events,repairing_hrs,repairing_sqhrs,marauding_events,marauding_hrs,marauding_sqhrs,traveling_events,traveling_hrs,traveling_sqhrs
0,0.0,12,359.95435933149344,"[['17' '5.295300699335391' 'marauded']
 ['17' '27.086559170141495' 'present']
 ['18' '98.12457153333034' 'present']
 ['22' '113.66050672946899' 'marauded']
 ['22' '116.03759683931202' 'destroyed']
 ['17' '125.5549904762347' 'present']
 ['17' '128.64936322349' 'present']
 ['17' '133.03569717929895' 'present']
 ['17' '148.8470651639299' 'present']
 ['22' '149.9387701393792' 'present']
 ['18' '160.05785943075693' 'present']
 ['22' '162.54744025677186' 'present']
 ['22' '171.07655620873524' 'present']
 ['18' '187.12023469818638' 'present']
 ['18' '221.48032361780508' 'marauded']
 ['18' '223.52538164427855' 'presentdestroyed']
 ['23' '226.21618495417007' 'presentdestroyed']
 ['17' '259.8456728868819' 'marauded']
 ['23' '309.9372658589319' 'present']
 ['23' '320.6817324595637' 'present']
 ['18' '329.4858123698697' 'marauded']
 ['22' '345.84722694349244' 'present']
 ['18' '346.79520706837667' 'present']
 ['18' '354.246374017808' 'marauded']]","[['F15' '16.89469312805867' 'absent']
 ['F140' '67.10058088684437' 'absent']
 ['F61' '75.12312376009314' 'mated']
 ['F27' '85.40505053389127' 'mated']
 ['F128' '109.0798931659242' 'mated']
 ['F196' '109.1423426949585' 'absent']
 ['F99' '123.96194012697369' 'mated']
 ['F48' '124.39349489642741' 'mated']
 ['F67' '140.12286850289627' 'mated']
 ['F164' '153.54449150967446' 'mated']
 ['F143' '164.90054595377438' 'mated']
 ['F45' '178.0895229734255' 'mated']
 ['F129' '179.0513545664768' 'absent']
 ['F167' '187.5369694669152' 'mated']
 ['F5' '224.0654358037317' 'destroyed']
 ['F172' '232.65121884188073' 'mated']
 ['F178' '241.8953406238046' 'mated']
 ['F35' '267.2914480773223' '']
 ['F54' '291.5133592872433' 'absent']
 ['F8' '331.45897553872834' 'absentdestroyed']]",0.0,0.0,569.0,72.95116168600656,14.817353086892188,1478.0,251.74000531930926,54.297825001683364,197.0,35.434969398096165,7.989108953068345,0.0,0.0,0.0,0.0,0.0,0.0
1,0.0,8,360.31555575090226,"[['22' '18.03791760599303' 'present']
 ['22' '21.617402384907056' 'marauded']
 ['17' '40.10547366290932' 'present']
 ['17' '100.88412164389989' 'marauded']
 ['17' '128.2662124877214' 'present']
 ['17' '143.26334711021636' 'marauded']
 ['17' '155.91760044362863' 'present']
 ['23' '163.93036517461917' 'present']
 ['23' '174.84349210839596' 'marauded']
 ['17' '188.64473214842187' 'present']
 ['18' '224.50904475273992' 'present']
 ['22' '235.0874345571413' 'present']
 ['22' '239.43900943469097' 'present']
 ['23' '252.04683503704058' 'present']
 ['22' '252.49991724235332' 'present']
 ['23' '258.5245816082539' 'marauded']
 ['23' '297.83141275435463' 'present']
 ['23' '305.6016453141237' 'present']
 ['23' '320.2648167777677' 'marauded']]","[['F85' '89.62103650250545' 'absent']
 ['F7' '92.35390233248833' 'mated']
 ['F106' '121.86156305306704' 'mated']
 ['F94' '145.626322364587' 'destroyed']
 ['F206' '146.68327444475915' 'destroyed']
 ['F101' '152.1295145089773' 'mated']
 ['F160' '154.1312016341447' 'mated']
 ['F158' '164.16203925837533' 'mated']
 ['F20' '192.56279029019547' 'absent']
 ['F16' '205.612894382045' 'absent']
 ['F199' '234.86311137826632' 'absent']
 ['F163' '241.9296106348229' 'mated']
 ['F111' '247.26897743982857' 'mated']
 ['F185' '293.5534035693177' 'mated']]",0.0,100.0,575.0,71.97809536597336,15.039392838059035,1485.0,251.22169343175605,53.0844808083201,211.0,36.86625903860526,8.126363117601066,0.0,0.0,0.0,0.0,0.0,0.0
2,0.0,16,360.04671405534884,"[['17' '6.466790379061815' 'present']
 ['17' '20.194371138914676' 'present']
 ['23' '84.14664685638886' 'present']
 ['17' '116.95434785718022' 'present']
 ['18' '133.3931596744405' 'marauded']
 ['23' '136.02085823787593' 'destroyed']
 ['23' '139.8913622020716' 'presentdestroyed']
 ['17' '170.92553862897' 'present']
 ['23' '187.15554729769795' 'present']
 ['18' '200.82359113360317' 'present']
 ['23' '201.23779542138513' 'present']
 ['17' '222.73817344760317' 'marauded']
 ['23' '230.58046386619202' 'present']
 ['23' '245.39014674493185' 'present']
 ['17' '273.53867843989366' 'present']
 ['22' '275.83042138090116' 'present']
 ['18' '285.51314280890733' 'present']
 ['23' '301.10092519257284' 'present']]","[['F154' '16.84375718919021' 'mated']
 ['F29' '95.07488550323681' 'mated']
 ['F196' '109.14697232458813' 'mated']
 ['F100' '142.8111096931033' 'mated']
 ['F26' '145.40908754140224' 'mated']
 ['F114' '149.82785058923164' 'mated']
 ['F188' '150.37266797489477' 'mated']
 ['F53' '155.16922014043217' 'mated']
 ['F161' '175.54188001027043' 'absent']
 ['F78' '183.54373807259904' 'mated']
 ['F86' '188.14540813554146' 'mated']
 ['F20' '192.56510510501028' 'mated']
 ['F49' '208.19649130869715' 'mated']
 ['F202' '238.2251795621193' 'mated']
 ['F51' '256.45389799110745' 'mated']
 ['F35' '267.2960777069519' 'mated']
 ['F80' '318.7231072365413' 'mated']]",0.0,200.0,562.0,71.80538898855691,14.978757291499518,1636.0,276.11594085378414,59.18760319609111,78.0,12.190378518027916,2.332099278679645,0.0,0.0,0.0,0.0,0.0,0.0
3,0.0,6,360.66055813732675,"[['22' '3.1553972106504173' 'present']
 ['23' '6.130923597763695' 'marauded']
 ['17' '19.72026259738489' 'present']
 ['23' '19.92153193882861' 'present']
 ['23' '52.43436580506956' 'present']
 ['23' '62.77066809361926' 'present']
 ['22' '78.40285466694652' 'present']
 ['22' '82.15390919803158' 'present']
 ['23' '84.29880171108034' 'present']
 ['22' '153.15393366536296' 'present']
 ['18' '157.65047231954856' 'marauded']
 ['18' '160.06958279904916' 'presentdestroyed']
 ['17' '163.80640822812515' 'presentdestroyed']
 ['23' '176.44099574123263' 'marauded']
 ['23' '189.67905023597473' 'present']
 ['18' '211.52930254245328' 'present']
 ['17' '213.12211595160858' 'present']
 ['18' '270.90772211739653' 'present']
 ['23' '283.41674616010266' 'marauded']
 ['22' '292.57807254504627' 'present']
 ['23' '342.4993972638227' 'present']
 ['22' '345.04852092669233' 'marauded']
 ['18' '345.6934341735649' 'presentdestroyed']]","[['F50' '0.297916386446598' 'mated']
 ['F74' '69.3133815059263' 'mated']
 ['F17' '165.14313860051473' 'absentdestroyed']
 ['F146' '218.30264472246037' 'mated']
 ['F163' '241.9143200068704' 'absent']
 ['F171' '242.02383335943549' 'absent']
 ['F157' '253.16430911776428' 'mated']
 ['F33' '268.6022509571822' 'mated']
 ['F55' '275.98190261076786' 'mated']]",0.0,300.0,559.0,65.71151973371772,12.473535453983757,1546.0,263.8839491560982,56.822645762680885,179.0,30.554523556385313,6.758315670252163,0.0,0.0,0.0,0.0,0.0,0.0
4,0.0,9,360.2968801565378,"[['22' '53.21255811014114' 'present']
 ['22' '74.44163922930267' 'present']
 ['22' '147.3738055679205' 'marauded']
 ['17' '184.98765109533272' 'present']
 ['17' '194.68720157451884' 'present']
 ['17' '198.7880261638417' 'marauded']
 ['17' '200.82711495617738' 'presentdestroyed']
 ['18' '242.41442456651964' 'present']
 ['18' '259.17604384955933' 'present']
 ['22' '275.839283480727' 'marauded']
 ['18' '276.1709390160462' 'presentdestroyed']
 ['17' '285.6748319677899' 'present']
 ['18' '358.1034175019782' 'present']]","[['F48' '124.3911800816126' 'absent']
 ['F119' '125.55028953090495' 'mated']
 ['F142' '148.95179770776997' 'absentdestroyed']
 ['F188' '150.36749189161353' 'destroyed']
 ['F198' '163.63481665889066' 'mated']
 ['F215' '169.28076319034474' 'mated']
 ['F107' '172.46870645207215' 'mated']
 ['F75' '222.01736798018374' 'mated']
 ['F132' '244.74156915691253' 'mated']
 ['F182' '254.15207285180554' 'absent']
 ['F176' '269.2055413944504' 'absent']
 ['F183' '275.2216225992137' 'mated']
 ['F148' '293.09175268241694' 'mated']
 ['F79' '313.48046316400496' 'mated']]",100.0,0.0,573.0,67.59696112322627,13.150363683603157,1629.0,274.2793329316313,59.072206003178195,106.0,18.200832881351666,3.9795382885053026,0.0,0.0,0.0,0.0,0.0,0.0
5,0.0,2,360.1549869573939,"[['23' '36.6010948563383' 'present']
 ['23' '38.828965192038005' 'present']
 ['22' '64.73394783289278' 'present']
 ['23' '92.86311227681378' 'present']
 ['17' '101.43199503617451' 'present']
 ['23' '126.87186627267756' 'present']
 ['23' '192.64962926524274' 'present']
 ['23' '208.92604174228882' 'marauded']
 ['22' '211.1467258363061' 'presentdestroyed']
 ['23' '240.6437772301182' 'present']
 ['22' '247.5474812833744' 'marauded']
 ['23' '256.66985965005574' 'present']
 ['22' '264.2147388043705' 'present']
 ['18' '270.32461255323176' 'present']
 ['18' '284.2732590976525' 'present']
 ['23' '309.6202555783022' 'marauded']
 ['17' '311.480247178594' 'presentdestroyed']
 ['18' '337.699140062407' 'present']]","[['F200' '170.29687599362111' 'mated']
 ['F31' '186.96979131395227' 'absent']
 ['F116' '208.14570135792803' 'mated']
 ['F182' '254.15438766662035' 'absentdestroyed']]",100.0,100.0,567.0,69.52489428972687,14.336897083288958,1632.0,272.15401001416876,57.63682023700466,123.0,18.43521274937091,3.621121014044248,0.0,0.0,0.0,0.0,0.0,0.0
6,0.0,9,360.432598662181,"[['18' '51.57766961277786' 'marauded']
 ['23' '87.3288038886615' 'present']
 ['22' '129.31498674439143' 'present']
 ['18' '155.141795849688' 'present']
 ['23' '230.5720141404053' 'present']
 ['22' '235.1172505336978' 'present']
 ['22' '235.90754918885813' 'present']
 ['22' '245.15269281654636' 'present']
 ['22' '246.208952299399' 'present']
 ['17' '255.6958182016804' 'present']
 ['17' '265.7918542806266' 'present']
 ['22' '275.2415424004427' 'present']
 ['18' '318.80052189535775' 'present']
 ['23' '347.1662137385622' 'present']]","[['F140' '67.10575697012563' 'mated']
 ['F87' '98.53835452508554' 'mated']
 ['F181' '124.32474110960983' 'mated']
 ['F94' '145.6295960070925' 'mated']
 ['F206' '146.68654808726464' 'mated']
 ['F153' '147.39242689010922' 'mated']
 ['F139' '149.85723363657178' 'mated']
 ['F21' '255.02271072230212' 'mated']
 ['F117' '282.0225488918708' 'absent']
 ['F62' '282.05452748069007' 'absent']
 ['F32' '345.0403910435678' 'mated']]",100.0,200.0,559.0,68.29372917985701,13.815783976816157,1686.0,285.7293497499387,61.038747604960285,35.0,6.025184275203285,1.2975850980159063,0.0,0.0,0.0,0.0,0.0,0.0
7,0.0,8,360.1203529373222,"[['23' '5.779493071889362' 'marauded']
 ['22' '28.86673887630315' 'present']
 ['17' '30.12784915447422' 'present']
 ['18' '80.95894742418682' 'present']
 ['17' '143.376322923354' 'present']
 ['18' '146.50729038705086' 'present']
 ['22' '182.4505982069216' 'present']
 ['17' '186.52417815587708' 'present']
 ['22' '195.80290543326248' 'present']
 ['22' '252.50836696814005' 'present']
 ['23' '281.5828638960292' 'present']]","[['F156' '51.747163097724965' 'mated']
 ['F83' '77.74459129787628' 'mated']
 ['F126' '91.91154036408138' 'mated']
 ['F214' '104.08212179602586' 'mated']
 ['F98' '222.09594514094888' 'mated']
 ['F171' '242.0261481742503' 'mated']
 ['F194' '249.61123930250383' 'mated']
 ['F155' '327.74084720947053' 'mated']]",100.0,300.0,559.0,70.1766138063799,14.307840876196186,1659.0,283.7395162667016,61.03081314451151,34.0,6.123698614219726,1.3986522475174958,0.0,0.0,0.0,0.0,0.0,0.0
8,0.0,7,359.9635871224634,"[['17' '8.898775429579718' 'present']
 ['23' '10.93267552688457' 'present']
 ['17' '19.731985965677126' 'present']
 ['23' '32.70888509278911' 'present']
 ['18' '45.28145285220923' 'present']
 ['18' '62.078745542581856' 'present']
 ['17' '116.64774815328983' 'present']
 ['18' '116.72813970948191' 'present']
 ['23' '131.96973912666016' 'present']
 ['17' '133.85760596864552' 'marauded']
 ['17' '176.164906477537' 'present']
 ['18' '200.0021544418431' 'present']
 ['17' '205.389907195489' 'present']
 ['18' '210.956108428303' 'present']
 ['17' '232.84516980162527' 'present']
 ['18' '239.6164888077304' 'marauded']
 ['23' '251.2093773993824' 'present']
 ['23' '253.09979086250618' 'present']
 ['18' '276.94206890333845' 'present']
 ['22' '286.8120034958958' 'present']
 ['17' '292.00222703335976' 'present']
 ['23' '301.1115189222547' 'present']
 ['18' '311.7133954699322' 'present']
 ['23' '314.2378973818801' 'present']]","[['F173' '0.8570503875857635' 'mated']
 ['F142' '148.95411252258478' 'mated']
 ['F40' '198.99918253413972' 'mated']
 ['F68' '204.1230967520108' 'mated']
 ['F108' '216.31705585510346' 'mated']
 ['F102' '252.64359983321268' 'mated']
 ['F170' '270.86366393739826' 'mated']]",200.0,0.0,566.0,68.61373770365937,13.490309857412637,1627.0,279.14344806572655,60.47785092847608,75.0,12.316319709414374,2.653127331352054,0.0,0.0,0.0,0.0,0.0,0.0
9,0.0,9,360.15476895984864,"[['17' '13.836700512984686' 'present']
 ['18' '18.345664748590405' 'present']
 ['18' '89.49035195747268' 'present']
 ['17' '118.2361485625609' 'present']
 ['17' '145.68068795413737' 'present']
 ['23' '169.20426334640877' 'present']
 ['22' '172.32381323279995' 'present']
 ['22' '197.20864745405757' 'present']
 ['17' '238.0495958513231' 'marauded']
 ['17' '243.90124882684424' 'presentdestroyed']
 ['23' '357.60626947418365' 'present']]","[['F112' '23.288089796119213' 'mated']
 ['F28' '130.63563575672586' 'mated']
 ['F105' '139.9796002478118' 'mated']
 ['F69' '179.20046781276662' 'mated']
 ['F197' '210.43937448516405' 'mated']
 ['F34' '211.11664147327593' 'mated']
 ['F77' '216.41114502155864' 'mated']
 ['F176' '269.2022677519449' 'absent']
 ['F175' '276.9835290427065' 'mated']
 ['F58' '337.83918109873747' 'mated']]",200.0,100.0,569.0,69.44402164495861,14.106096179254397,1690.0,284.77489008858225,60.948405110049166,36.0,6.017649760630332,1.2962051084981119,0.0,0.0,0.0,0.0,0.0,0.0
10,0.0,8,359.9779993449607,"[['17' '2.4193082664530077' 'present']
 ['18' '13.954352532101197' 'present']
 ['23' '25.206092029713655' 'present']
 ['22' '46.569759103682266' 'present']
 ['22' '73.13602867251731' 'marauded']
 ['23' '92.48918501721052' 'present']
 ['23' '139.2374587299933' 'present']
 ['22' '140.74956358125658' 'present']
 ['22' '149.11308837606379' 'present']
 ['22' '181.73216853833108' 'present']
 ['18' '186.1419358175848' 'marauded']
 ['22' '256.945903782821' 'present']
 ['18' '270.84603798255245' 'present']
 ['23' '301.4527618062408' 'present']]","[['F179' '44.2810205619887' 'mated']
 ['F37' '98.8978214347276' 'mated']
 ['F184' '108.0944027866196' 'mated']
 ['F76' '204.35601375020207' 'mated']
 ['F90' '222.3829502855286' 'mated']
 ['F190' '232.99494910107535' 'mated']
 ['F182' '254.15766130912584' 'mated']
 ['F30' '321.80639679464895' 'mated']]",200.0,200.0,567.0,71.28133263850339,15.185595326243638,1658.0,276.73050867840414,58.76962604362189,69.0,12.128997978744783,2.7568189616169967,0.0,0.0,0.0,0.0,0.0,0.0
11,0.0,10,360.23601283669507,"[['17' '16.70599033090923' 'present']
 ['17' '92.1105739641445' 'present']
 ['17' '96.18375060893169' 'present']
 ['22' '138.1771283748778' 'present']
 ['17' '182.17087412836602' 'marauded']
 ['18' '210.3857687542474' 'present']
 ['17' '255.26283777478014' 'marauded']
 ['22' '340.20721267638316' 'marauded']
 ['18' '344.9913104482851' 'presentdestroyed']]","[['F154' '16.83858110590896' 'absent']
 ['F149' '41.26768988858276' 'mated']
 ['F44' '106.21409281216326' 'mated']
 ['F96' '130.03861511911106' 'mated']
 ['F100' '142.80593360982206' 'absent']
 ['F94' '145.61977507957602' 'absent']
 ['F42' '191.08471481551967' 'mated']
 ['F210' '212.32312280914536' 'mated']
 ['F97' '212.33531169695883' 'mated']
 ['F71' '215.37264552453547' 'mated']
 ['F14' '274.69252312077833' 'mated']
 ['F103' '276.3887926521389' 'mated']
 ['F63' '353.74693277196667' 'mated']]",200.0,300.0,573.0,71.98483410260913,15.41452102557237,1621.0,270.0372905370917,57.321990758150974,104.0,18.120493730472212,3.953270076390728,0.0,0.0,0.0,0.0,0.0,0.0
12,0.0,12,360.32108284413,"[['17' '1.2959368689677992' 'present']
 ['17' '36.782324738444785' 'present']
 ['22' '42.808795796151365' 'marauded']
 ['17' '104.33235024361366' 'present']
 ['22' '108.48250200444991' 'present']
 ['18' '161.82551804322122' 'present']
 ['18' '165.54303352340898' 'present']
 ['22' '207.46584441898432' 'marauded']
 ['17' '241.78667557890608' 'present']
 ['18' '269.06589877298364' 'present']
 ['22' '287.23529909387815' 'present']
 ['17' '308.08688498630664' 'present']
 ['17' '324.18453356978506' 'present']
 ['18' '329.47408900157745' 'present']]","[['F23' '93.30671112062218' 'mated']
 ['F39' '132.41420807512918' 'mated']
 ['F193' '134.72973655347448' 'mated']
 ['F208' '139.01623398827056' 'mated']
 ['F2' '216.31246065321872' 'mated']
 ['F65' '219.20969411524717' 'mated']
 ['F212' '230.4102282944387' 'mated']
 ['F204' '246.6510747306676' 'mated']
 ['F207' '248.13354460807466' 'mated']
 ['F194' '249.6060632192226' 'absent']
 ['F147' '257.8492106099475' 'absent']
 ['F79' '313.47583353437534' 'absent']
 ['F137' '316.68921496062734' 'mated']
 ['F8' '331.4659199831728' 'mated']
 ['F47' '348.23848514576883' 'mated']]",300.0,0.0,551.0,69.1100043283646,14.96490396152409,1638.0,279.0026893113982,60.05663848537168,80.0,12.026692601371195,2.536908970947495,0.0,0.0,0.0,0.0,0.0,0.0
13,0.0,8,360.1450394575285,"[['22' '8.10995418491012' 'present']
 ['23' '23.41285632792823' 'present']
 ['17' '25.381625065948718' 'present']
 ['17' '27.821773188496344' 'present']
 ['23' '87.56326675478495' 'present']
 ['22' '90.06041969209079' 'present']
 ['18' '128.06807174119484' 'present']
 ['23' '139.74401059175074' 'marauded']
 ['22' '161.44237925592208' 'present']
 ['17' '186.86649857639065' 'present']
 ['22' '209.1229854091636' 'present']
 ['23' '236.9155217408273' 'present']
 ['18' '249.95495680763736' 'present']
 ['22' '283.8162217254948' 'marauded']
 ['17' '284.35531605610254' 'presentdestroyed']
 ['17' '284.6878031336338' 'presentdestroyed']
 ['22' '286.04729191011927' 'presentdestroyed']
 ['23' '351.2329470208305' 'present']]","[['F130' '14.677862833373728' 'mated']
 ['F85' '89.62798094694989' 'mated']
 ['F4' '100.03061404621381' 'mated']
 ['F214' '104.07557451101488' 'absent']
 ['F209' '121.91579584897515' 'mated']
 ['F211' '151.96282244686225' 'mated']
 ['F110' '174.5097436206889' 'mated']
 ['F161' '175.54920009744674' 'mated']
 ['F194' '249.60374840440778' 'absent']
 ['F195' '267.32241804446716' 'mated']]",300.0,100.0,565.0,70.19247938804321,14.39895440921007,1659.0,277.7589917413651,59.034948759707085,70.0,12.054422262498028,2.7142908284601592,0.0,0.0,0.0,0.0,0.0,0.0
14,0.0,6,359.7231247366099,"[['22' '43.638340158562116' 'marauded']
 ['23' '54.81696035748238' 'present']
 ['23' '60.88136040437245' 'present']
 ['18' '90.98445310518427' 'present']
 ['17' '96.19357153644816' 'present']
 ['23' '127.19992530845752' 'present']
 ['18' '178.25175835075513' 'present']
 ['18' '184.6485375373915' 'present']
 ['18' '187.22100989326162' 'present']
 ['17' '195.63225636364112' 'present']
 ['23' '228.56653098330605' 'present']
 ['17' '269.18584866606284' 'present']
 ['22' '289.87286555083824' 'present']
 ['18' '303.60464786832176' 'present']
 ['22' '331.44334841697145' 'present']
 ['18' '336.2809017375468' 'present']]","[['F203' '69.98974284505897' 'mated']
 ['F115' '105.17398904905983' 'mated']
 ['F6' '115.79427308106561' 'mated']
 ['F153' '147.3877972604796' 'absent']
 ['F93' '155.445176334729' 'mated']
 ['F176' '269.2120886794614' 'mated']
 ['F124' '295.2907725939603' 'mated']]",300.0,200.0,570.0,67.50800268060942,13.190193695618285,1696.0,286.45690675899203,61.661782994403524,39.0,6.042212827770758,1.2394313570191422,0.0,0.0,0.0,0.0,0.0,0.0
15,0.0,11,360.38727741380893,"[['17' '1.304386594754542' 'present']
 ['18' '7.22339950646111' 'present']
 ['17' '54.700946230521176' 'present']
 ['22' '75.62777047309478' 'present']
 ['22' '134.1419811028327' 'present']
 ['17' '150.05966010640662' 'present']
 ['23' '189.87877810956272' 'present']
 ['23' '226.20828168203496' 'present']
 ['22' '232.33177130945975' 'present']
 ['23' '234.70910678527875' 'marauded']
 ['22' '236.85773235512752' 'presentdestroyed']
 ['18' '246.4164055664954' 'present']
 ['23' '279.4697595373165' 'present']
 ['22' '294.5207683064958' 'present']
 ['22' '348.90341509017105' 'present']]","[['F149' '41.25519371812519' 'absent']
 ['F70' '81.78679290398927' 'mated']
 ['F151' '88.6746385436522' 'mated']
 ['F191' '90.89848593107799' 'mated']
 ['F189' '132.21692647666563' 'mated']
 ['F17' '165.1500830449592' 'mated']
 ['F73' '183.27500815573376' 'mated']
 ['F91' '187.8216291970991' 'mated']
 ['F166' '206.22152527783632' 'mated']
 ['F88' '212.48828100846393' 'mated']
 ['F60' '227.68889377556133' 'mated']
 ['F163' '241.92126445131487' 'destroyed']
 ['F25' '277.60228502500394' 'mated']]",300.0,300.0,569.0,72.46220911215222,16.036458800485814,1665.0,281.33437709021604,60.523006630397326,40.0,6.231755028116847,1.2896183880973502,0.0,0.0,0.0,0.0,0.0,0.0
16,0.0,6,360.4858076629573,"[['23' '41.405965828297326' 'present']
 ['17' '52.654109002662246' 'present']
 ['18' '56.214723199864515' 'present']
 ['23' '67.82742839125143' 'present']
 ['23' '70.64890384984724' 'present']
 ['22' '107.0799172288542' 'present']
 ['18' '120.53611686054272' 'present']
 ['23' '131.1871410023292' 'marauded']
 ['23' '169.21588317242228' 'present']
 ['22' '180.36484169767567' 'present']
 ['18' '187.13141161282698' 'present']
 ['18' '189.42589142224594' 'present']
 ['23' '192.73522824107923' 'present']
 ['22' '192.7628193413896' 'present']
 ['18' '192.9873429934333' 'marauded']
 ['22' '197.19615128360002' 'presentdestroyed']
 ['22' '283.80586955893233' 'present']
 ['17' '347.1383826441691' 'present']]","[['F37' '98.8857009070019' 'absent']
 ['F11' '109.57810648403954' 'mated']
 ['F43' '113.13176924178667' 'mated']
 ['F164' '153.53986188004484' 'absent']
 ['F118' '185.52719172580208' 'mated']
 ['F167' '187.53233983728558' 'absent']
 ['F113' '200.8512436003655' 'mated']
 ['F147' '257.8515254247623' 'mated']
 ['F120' '258.4514940090666' 'mated']]",400.0,0.0,559.0,70.26870178735612,14.39910921434832,1636.0,277.5586314936284,59.52928388967852,71.0,12.445347544111925,2.8026492506714695,0.0,0.0,0.0,0.0,0.0,0.0
17,0.054,12,360.7190748203876,"[['18' '21.437667846342556' 'present']
 ['22' '47.54259744056423' 'present']
 ['22' '75.61932074730804' 'present']
 ['23' '134.59305471740677' 'present']
 ['22' '138.98208438231956' 'present']
 ['22' '180.3732914234624' 'present']
 ['18' '206.60669451312893' 'present']
 ['18' '244.38028490155165' 'present']
 ['22' '247.99261588392176' 'present']
 ['23' '277.6186146655506' 'present']
 ['23' '291.35874947862646' 'present']
 ['18' '344.8600563159342' 'present']]","[['F138' '80.39011870421373' 'mated']
 ['F59' '84.9088679364101' 'mated']
 ['F122' '101.17889076080058' 'mated']
 ['F18' '128.29694322497772' 'mated']
 ['F0' '136.92143324225734' 'mated']
 ['F94' '145.61322779456503' 'absent']
 ['F56' '161.36824810363356' 'mated']
 ['F1' '180.0311915455843' 'mated']
 ['F205' '204.33080065823575' 'mated']
 ['F116' '208.13875691348358' 'absent']
 ['F186' '232.17910016222928' 'mated']
 ['F38' '233.93647526042093' 'mated']
 ['F159' '269.60553001698935' 'mated']
 ['F57' '279.81641525543614' 'mated']
 ['F62' '282.0618475678664' 'absent']]",400.0,100.0,561.0,70.54420264619016,14.416411017598477,1717.0,287.2271994972362,60.99318764864508,0.0,0.0,0.0,14.0,1.4000000000000001,0.14000000000000007,95.0,0.8902898897580673,0.00934499314128944
18,0.054,8,360.4068932040456,"[['22' '4.096625225584153' 'present']
 ['17' '104.79259574548055' 'present']
 ['23' '134.7863079599609' 'marauded']
 ['23' '165.89817341587948' 'present']
 ['22' '188.11857465158718' 'present']
 ['23' '188.83786397726163' 'present']
 ['23' '198.89319099087487' 'present']
 ['22' '205.00530290200692' 'present']
 ['22' '246.20200785495456' 'present']
 ['17' '327.85134065634855' 'present']
 ['17' '334.0276589896529' 'present']
 ['17' '355.97611852317084' 'present']]","[['F84' '90.53457851096822' 'mated']
 ['F10' '125.79909371205126' 'mated']
 ['F213' '156.14597376375275' 'mated']
 ['F129' '179.05790185148777' 'mated']
 ['F135' '183.9586500004722' 'mated']
 ['F66' '191.81260303877312' 'mated']
 ['F16' '205.61807046532624' 'mated']
 ['F95' '235.42980302470434' 'absent']
 ['F81' '244.64150755303024' 'mated']]",400.0,200.0,562.0,69.43495246476374,14.110309830370502,1684.0,282.2680905826436,59.846455923874814,33.0,6.200564632153807,1.435639888056668,13.0,1.3,0.13000000000000006,90.0,0.8570787037689952,0.00934499314128944
19,0.0,7,360.51739852341717,"[['23' '13.079006424157877' 'present']
 ['22' '21.950138326432814' 'present']
 ['22' '33.32134680282668' 'marauded']
 ['18' '38.25582432947304' 'destroyed']
 ['18' '50.046436305869214' 'present']
 ['23' '54.62092717257933' 'present']
 ['23' '58.385693885406575' 'present']
 ['23' '62.77529772324889' 'marauded']
 ['23' '85.56750734999069' 'marauded']
 ['22' '161.7941575944661' 'marauded']
 ['23' '167.78292697631537' 'presentdestroyed']
 ['18' '175.02895513409388' 'present']
 ['18' '177.56455267602215' 'present']
 ['23' '221.9001446651239' 'present']
 ['22' '229.84495113360174' 'present']
 ['18' '232.97910505587674' 'present']
 ['23' '286.2556156265235' 'present']
 ['17' '355.73737041377444' 'present']]","[['F61' '75.11794767681188' 'absent']
 ['F133' '142.4920990429112' 'mated']
 ['F17' '165.1385089708851' 'destroyed']
 ['F64' '206.5856786510789' 'mated']
 ['F187' '230.04016860054972' 'mated']
 ['F13' '232.91053871497544' 'mated']
 ['F95' '235.43211783951915' 'mated']
 ['F169' '239.11025036656795' 'mated']
 ['F3' '277.75369262774734' 'mated']]",400.0,300.0,564.0,70.33190891064295,14.72422753339347,1569.0,265.4511954776854,57.132987018433845,148.0,24.293773144602383,5.026825112913975,0.0,0.0,0.0,0.0,0.0,0.0
20,0.0,9,359.7411480024295,"[['17' '38.57577667575032' 'present']
 ['17' '60.67087888593774' 'present']
 ['22' '73.27923801209054' 'present']
 ['23' '76.0903309031941' 'present']
 ['23' '82.05568753087593' 'marauded']
 ['22' '120.52330773336863' 'present']
 ['23' '172.23928523273662' 'present']
 ['18' '187.51660051649964' 'marauded']
 ['23' '188.1345587382786' 'presentdestroyed']
 ['18' '204.8594543926985' 'present']
 ['17' '217.8200656991999' 'marauded']
 ['18' '249.9634065334241' 'marauded']
 ['17' '315.8750052738075' 'present']
 ['17' '320.979159040212' 'present']
 ['17' '323.3613500524482' 'marauded']
 ['17' '325.2272443442413' 'destroyed']]","[['F15' '16.897007942873483' 'mated']
 ['F149' '41.26036980140644' 'absent']
 ['F82' '67.83605342291948' 'mated']
 ['F52' '69.78817611102059' 'mated']
 ['F123' '98.46919914455421' 'mated']
 ['F192' '110.76905554997757' 'mated']
 ['F141' '178.29773773457856' 'mated']
 ['F201' '205.33965601713535' 'absent']
 ['F162' '242.95141241790566' 'mated']
 ['F46' '247.11199992505036' 'mated']
 ['F54' '291.51567410205814' 'mated']]",500.0,0.0,564.0,69.86101477683232,14.88017255381632,1555.0,259.7555342579933,55.04722276632878,172.0,30.41598989876963,6.8194074090593135,0.0,0.0,0.0,0.0,0.0,0.0
21,0.0,9,360.1738770253843,"[['18' '0.0032736425054932755' 'present']
 ['18' '19.821421977599595' 'present']
 ['23' '30.057075091068786' 'marauded']
 ['18' '34.73958470415982' 'presentdestroyed']
 ['23' '35.90089903917419' 'destroyed']
 ['22' '43.80307997786424' 'present']
 ['23' '64.50761596913955' 'present']
 ['23' '99.45021774166405' 'present']
 ['23' '105.17980232501644' 'marauded']
 ['23' '135.45806363858986' 'present']
 ['23' '176.09897639004944' 'present']
 ['17' '184.56583097312537' 'marauded']
 ['18' '188.43949841584254' 'presentdestroyed']
 ['22' '255.40482178572432' 'present']
 ['17' '259.953163784978' 'present']
 ['22' '274.02820088008076' 'marauded']
 ['22' '330.56130015212483' 'present']
 ['18' '343.5170652267222' 'present']
 ['18' '358.50430586371954' 'present']]","[['F134' '16.76999071750388' 'mated']
 ['F15' '16.891419485553175' 'absent']
 ['F168' '28.4541789843201' 'mated']
 ['F131' '75.34404672340021' 'mated']
 ['F115' '105.16881296577857' 'absent']
 ['F150' '151.24476236514866' 'mated']
 ['F19' '159.61503011151103' 'mated']
 ['F127' '203.01094327848472' 'mated']
 ['F177' '215.75449461385733' 'mated']
 ['F92' '221.66666738126455' 'mated']
 ['F9' '248.2760010443855' 'absent']
 ['F155' '327.73429992445955' 'absent']
 ['F174' '330.81688512977695' 'mated']]",500.0,100.0,550.0,75.66970727856724,18.501815010059104,1540.0,260.25288611799306,55.8539995825762,140.0,24.201694795861883,5.2109542637100645,0.0,0.0,0.0,0.0,0.0,0.0
22,0.054,10,360.48742194578944,"[['17' '20.404535884312324' 'present']
 ['18' '66.99802081359057' 'present']
 ['23' '71.03003993886578' 'present']
 ['17' '98.52114068451776' 'present']
 ['17' '146.44928220669829' 'present']
 ['17' '146.45582949170927' 'present']
 ['17' '176.23460625586566' 'present']
 ['23' '194.40688866428042' 'present']
 ['18' '220.09850184716984' 'marauded']
 ['18' '275.90503123096454' 'marauded']
 ['23' '290.21285715396453' 'present']
 ['17' '301.01034208855833' 'marauded']]","[['F136' '18.37968544545229' 'mated']
 ['F156' '51.741987014443716' 'absent']
 ['F145' '83.31132627097323' 'mated']
 ['F109' '83.4038710484718' 'mated']
 ['F104' '92.8215558358557' 'mated']
 ['F152' '93.95366412316412' 'mated']
 ['F12' '98.36426672676144' 'mated']
 ['F37' '98.89087699028316' 'absent']
 ['F125' '160.6891902699521' 'mated']
 ['F24' '184.1189878705389' 'mated']
 ['F31' '186.9749673972335' 'mated']
 ['F166' '206.21634919455508' 'absent']
 ['F36' '312.53817900835065' 'mated']]",500.0,200.0,566.0,70.974185058086,14.57755602675358,1590.0,268.3951679688905,57.59274560914607,106.0,18.294428542268506,3.9252491648636645,15.0,1.5000000000000002,0.15000000000000008,90.0,0.8587243401114009,0.008980624142661186
23,0.054,14,360.2908323969,"[['17' '13.846506225895565' 'present']
 ['18' '23.743465902966683' 'present']
 ['17' '63.959893774801934' 'present']
 ['17' '119.92229005609053' 'present']
 ['18' '182.84204742267477' 'present']
 ['18' '223.53520257179503' 'present']
 ['18' '231.2626113168537' 'present']
 ['18' '287.7257855634537' 'present']
 ['18' '319.1305974777193' 'present']]","[['F140' '67.09730724433888' 'absent']
 ['F61' '75.11563286199707' 'absent']
 ['F89' '87.54625847362419' 'mated']
 ['F165' '94.18426213046135' 'mated']
 ['F22' '147.2530671182485' 'mated']
 ['F144' '167.2870111662236' 'mated']
 ['F41' '193.73348366368785' 'mated']
 ['F121' '203.2411179440898' 'mated']
 ['F201' '205.34197083195016' 'mated']
 ['F5' '224.0687094462372' 'mated']
 ['F72' '230.2483584994934' 'mated']
 ['F199' '234.86828746154757' 'mated']
 ['F9' '248.28063067401513' 'mated']
 ['F180' '259.228423601985' 'mated']
 ['F117' '282.02772497515207' 'mated']
 ['F62' '282.0670236511476' 'mated']]",500.0,300.0,547.0,72.12407252996321,15.606534363608672,1661.0,285.2678162910459,62.16325878092018,0.0,0.0,0.0,18.0,1.8000000000000005,0.1800000000000001,102.0,0.9227119304933261,0.009666495198902612
