id,probability_maraud,successful_mating,next_foraging_time,mar_attempts,mate_attempts,x_pos,y_pos,foraging_events,foraging_hrs,foraging_sqhrs,staying_events,staying_hrs,staying_sqhrs,repairing_events,repairing_hrs,repairing_sqhrs,marauding_events,marauding_hrs,marauding_sqhrs,traveling_events,traveling_hrs,traveling_sqhrs
0,0.0,6,360.9253505128782,"[['2' '65.76812502374226' 'present']
 ['2' '98.47264825419917' 'present']
 ['17' '98.72708297159899' 'present']
 ['14' '104.30167413357086' 'present']
 ['2' '117.7254494874517' 'present']
 ['3' '196.4270587348977' 'present']
 ['2' '199.62064028766224' 'marauded']
 ['2' '200.23811867758596' 'presentdestroyed']
 ['17' '207.87985305207545' 'present']
 ['14' '230.90070339437702' 'marauded']
 ['17' '299.38756148607075' 'present']]","[['F179' '87.67893236362019' 'mated']
 ['F94' '167.98756014893567' 'mated']
 ['F84' '189.9139856336' 'mated']
 ['F112' '230.27920246956322' 'absent']
 ['F157' '280.6079298711663' 'mated']
 ['F186' '286.1868200682261' 'mated']
 ['F31' '304.3655393890575' 'absent']
 ['F49' '314.29983922987805' 'mated']
 ['F126' '357.6492306744365' 'absent']]",0.0,0.0,566.0,73.15153694229905,15.881355607444974,1602.0,274.56207749318446,59.76550464319619,78.0,12.289590882673817,2.455266668860125,0.0,0.0,0.0,0.0,0.0,0.0
1,0.0,8,360.59514057497216,"[['14' '23.078133142533744' 'present']
 ['3' '49.34061777915323' 'present']
 ['17' '49.95737759682677' 'present']
 ['17' '60.1166911027651' 'present']
 ['17' '62.490010522344114' 'present']
 ['3' '71.37743196835073' 'present']
 ['17' '87.46501441369281' 'present']
 ['17' '152.9549801734243' 'present']
 ['2' '168.11911400011536' 'present']
 ['3' '196.0285050505356' 'present']
 ['2' '199.77447366032305' 'present']
 ['2' '212.54599201384468' 'present']
 ['14' '221.18284398443583' 'marauded']
 ['2' '244.8447893739979' 'present']
 ['14' '272.0554203104326' 'present']
 ['17' '298.8646106490862' 'marauded']
 ['17' '330.5002383409878' 'present']
 ['2' '335.3208089475098' 'marauded']
 ['2' '345.4118980762092' 'present']
 ['3' '350.08547096315306' 'present']]","[['F7' '36.29495603129369' 'mated']
 ['F63' '138.63613087192445' 'mated']
 ['F38' '155.84275549797772' 'mated']
 ['F50' '159.36438968504422' 'absent']
 ['F205' '177.13558421624754' 'mated']
 ['F18' '188.45528581272694' 'mated']
 ['F46' '214.26293347742055' 'mated']
 ['F133' '227.78284256996722' 'destroyed']
 ['F188' '230.82946255373136' 'absent']
 ['F105' '248.9879683929391' 'mated']
 ['F31' '304.37726275734974' 'absentdestroyed']
 ['F136' '306.26633342291075' 'absentdestroyed']
 ['F65' '327.2058395945248' 'mated']]",0.0,100.0,563.0,73.10991869841415,15.443408697977958,1582.0,268.84382183515623,57.455251063549525,109.0,18.315790759635036,3.8805866453696303,0.0,0.0,0.0,0.0,0.0,0.0
2,0.054,9,360.1403509042607,"[['17' '69.14663235162718' 'marauded']
 ['17' '114.55706612880857' 'present']
 ['17' '146.02134963052455' 'marauded']
 ['14' '157.79707753933653' 'marauded']
 ['14' '175.38565710541616' 'present']
 ['14' '189.65787645457561' 'present']
 ['14' '190.19752943738624' 'marauded']
 ['3' '196.02156060609119' 'destroyed']
 ['3' '196.93367591707676' 'presentdestroyed']
 ['17' '203.60621421534745' 'present']
 ['14' '241.47011026668005' 'present']
 ['14' '284.5787890745944' 'present']
 ['17' '324.5006872876315' 'present']
 ['3' '333.9047727051038' 'present']]","[['F99' '60.040240332028894' 'absent']
 ['F191' '175.77417636054076' 'mated']
 ['F139' '181.79379048591034' 'mated']
 ['F175' '200.50827003989454' 'mated']
 ['F20' '204.93338763921486' 'mated']
 ['F170' '213.19559494234218' 'absent']
 ['F131' '217.1985813367706' 'mated']
 ['F82' '257.82325200866524' 'mated']
 ['F11' '273.83874935513234' 'mated']
 ['F90' '289.3438682218694' 'mated']
 ['F185' '352.34038385118174' 'mated']]",0.0,200.0,571.0,69.34138577361267,14.061371458821394,1586.0,264.0534140005482,56.44830352287247,149.0,24.852239944235,5.295334112869443,12.0,1.2,0.12000000000000005,83.0,0.7453004457504943,0.007823216735253777
3,0.054,11,359.99568635193043,"[['17' '4.2256232544451215' 'present']
 ['2' '4.543467222298758' 'present']
 ['14' '30.46745193898367' 'marauded']
 ['2' '34.03912905728399' 'presentdestroyed']
 ['17' '38.65080501527776' 'present']
 ['14' '124.47982100059465' 'present']
 ['17' '168.5411185856961' 'present']
 ['2' '178.8736719595704' 'present']
 ['2' '198.21542162348547' 'present']
 ['2' '207.64060874845615' 'present']
 ['2' '215.2270396209748' 'marauded']
 ['17' '233.13787244063423' 'present']
 ['17' '257.64331960753907' 'present']
 ['2' '276.7510190430939' 'present']
 ['2' '277.97400152996136' 'present']
 ['2' '287.41036247835336' 'present']
 ['2' '288.15901422369194' 'present']
 ['2' '316.8588793098942' 'present']]","[['F214' '89.75021139410354' 'absent']
 ['F4' '108.73299764005485' 'mated']
 ['F189' '117.14902195887494' 'mated']
 ['F43' '138.5999628296918' 'mated']
 ['F55' '148.21708298097434' 'mated']
 ['F72' '154.056206319089' 'mated']
 ['F95' '163.27045162870078' 'mated']
 ['F32' '166.24254795833366' 'mated']
 ['F26' '191.75924070200708' 'mated']
 ['F192' '211.13913712659692' 'mated']
 ['F212' '224.6587851053176' 'mated']
 ['F182' '243.71494654796376' 'mated']]",0.0,300.0,570.0,70.22165795509574,14.803070719847623,1583.0,275.2482716851094,59.631262571622294,72.0,12.384337225488677,2.79878486425132,17.0,1.7000000000000004,0.1700000000000001,86.0,0.7792116532416773,0.0079303840877915
4,0.0,12,360.14759136302615,"[['3' '17.497844857355098' 'present']
 ['3' '17.504392142366086' 'present']
 ['17' '22.211443486451277' 'present']
 ['2' '28.152616854531566' 'present']
 ['3' '43.7130978045284' 'present']
 ['14' '78.56773645868539' 'present']
 ['3' '78.5981689426213' 'present']
 ['3' '81.99574824470304' 'present']
 ['3' '94.5130381001556' 'present']
 ['14' '98.37824479030336' 'present']
 ['2' '99.13500306498216' 'present']
 ['14' '99.93095541006878' 'present']
 ['3' '211.38108809918057' 'present']
 ['14' '228.76279527187737' 'present']
 ['3' '238.61240467012098' 'present']
 ['3' '269.4770459341532' 'present']
 ['3' '337.7665961023618' 'present']]","[['F125' '64.94683113088445' 'mated']
 ['F214' '89.75348503660904' 'mated']
 ['F142' '95.80265587665374' 'mated']
 ['F187' '140.8095761245045' 'mated']
 ['F29' '155.10456369854177' 'mated']
 ['F39' '165.42874671707915' 'mated']
 ['F69' '166.82191814532155' 'mated']
 ['F85' '185.17672812161487' 'absent']
 ['F26' '191.74425890581497' 'absent']
 ['F130' '197.79715865215834' 'mated']
 ['F155' '212.59082372094358' 'mated']
 ['F24' '215.455124997911' 'mated']
 ['F119' '235.33104770199654' 'mated']
 ['F162' '295.871184627721' 'mated']]",100.0,0.0,579.0,69.7795208604304,14.029835940981156,1742.0,290.39633162430846,61.5703575570332,0.0,0.0,0.0,0.0,0.0,0.0,0.0,0.0,0.0
5,0.0,5,360.8206638865921,"[['17' '19.14197213353029' 'present']
 ['17' '27.517530601389083' 'present']
 ['3' '56.65871352853255' 'present']
 ['3' '56.81454886569657' 'present']
 ['3' '75.17058548963405' 'present']
 ['3' '94.93631580889452' 'present']
 ['3' '132.54671384861106' 'marauded']
 ['2' '145.67166444614455' 'present']
 ['14' '164.19733620390176' 'marauded']
 ['3' '188.87859760000345' 'present']
 ['3' '263.65295470919745' 'present']
 ['2' '272.3423233700132' 'marauded']
 ['2' '310.15592535503373' 'present']
 ['3' '335.14394318347763' 'present']]","[['F103' '71.38291662950813' 'absent']
 ['F8' '123.88999822378271' 'mated']
 ['F83' '164.55595384551197' 'destroyed']
 ['F206' '176.97097557973268' 'mated']
 ['F66' '196.3693466886908' 'mated']
 ['F70' '207.2045088607581' 'mated']
 ['F1' '239.23600466592586' 'absent']
 ['F150' '251.03459105350203' 'mated']]",100.0,100.0,558.0,72.34463750671578,15.79172007943234,1594.0,269.7365092806592,57.95155119024104,116.0,18.423196855263935,3.8440753161408288,0.0,0.0,0.0,0.0,0.0,0.0
6,0.0,10,360.06357465100285,"[['3' '13.973338588218605' 'present']
 ['17' '21.553371587250357' 'present']
 ['14' '23.843244443501174' 'present']
 ['3' '26.14177505543657' 'present']
 ['14' '106.49184036914536' 'marauded']
 ['3' '130.2781520273168' 'present']
 ['3' '150.38503589056089' 'present']
 ['2' '157.37651080478847' 'present']
 ['17' '194.87276673438106' 'present']
 ['2' '265.5556365054876' 'present']
 ['3' '275.67197162625035' 'marauded']
 ['14' '297.4673753363594' 'present']
 ['17' '316.84593240269373' 'present']
 ['3' '349.89566375647627' 'marauded']]","[['F13' '109.88926161366659' 'destroyed']
 ['F100' '125.79317191416561' 'mated']
 ['F168' '185.05199952032592' 'mated']
 ['F161' '191.29931635598194' 'mated']
 ['F132' '200.59460961698977' 'mated']
 ['F76' '201.7610102732053' 'mated']
 ['F154' '201.78545020360548' 'mated']
 ['F159' '208.95353984117443' 'mated']
 ['F71' '213.70213238365685' 'mated']
 ['F108' '218.3596758104138' 'mated']
 ['F67' '245.29732808974254' 'absent']
 ['F75' '257.1876113000026' 'mated']]",100.0,200.0,564.0,67.01033829763038,13.842186788411741,1624.0,274.7790686704855,59.411970257654474,100.0,18.312018264701,4.141257091348498,0.0,0.0,0.0,0.0,0.0,0.0
7,0.0,10,360.2632150722069,"[['2' '12.72942764656569' 'present']
 ['17' '27.692352573602008' 'marauded']
 ['14' '36.93928308114418' 'present']
 ['17' '59.61474224120586' 'present']
 ['17' '75.8029168577855' 'present']
 ['17' '116.53990401932184' 'marauded']
 ['3' '135.11961118627514' 'present']
 ['3' '249.81121344960306' 'present']
 ['3' '251.00927021898738' 'present']
 ['17' '254.4045886047477' 'present']
 ['2' '330.5165567372379' 'present']
 ['17' '330.95000152079785' 'present']
 ['14' '359.91234103463296' 'present']]","[['F5' '28.318641804732476' 'destroyed']
 ['F101' '98.74404167513063' 'mated']
 ['F158' '102.52418529915703' 'absent']
 ['F145' '128.36036026425634' 'mated']
 ['F193' '141.18378554280687' 'mated']
 ['F124' '166.32119775440216' 'absent']
 ['F27' '175.78377946850426' 'mated']
 ['F149' '207.93821713302685' 'mated']
 ['F51' '218.5367985150384' 'mated']
 ['F56' '236.55577026260684' 'mated']
 ['F198' '251.93345116631968' 'mated']
 ['F2' '275.8129438045029' 'mated']
 ['F167' '290.0986160456505' 'mated']
 ['F113' '347.1525054449689' 'absent']]",100.0,300.0,557.0,68.32575116264172,14.23511184571801,1667.0,279.52427302344176,59.06324497900782,77.0,12.171190564117941,2.5121802058280447,0.0,0.0,0.0,0.0,0.0,0.0
8,0.0,8,359.9333427522247,"[['17' '2.4207873372482296' 'present']
 ['2' '34.759583894284546' 'present']
 ['17' '46.37362743424325' 'present']
 ['14' '65.28798671604696' 'present']
 ['2' '126.44017897953354' 'present']
 ['3' '163.7625809176986' 'present']
 ['3' '225.6932944072751' 'marauded']
 ['3' '262.63165141995125' 'present']
 ['14' '292.4791397948638' 'marauded']
 ['14' '302.3290637175069' 'present']]","[['F210' '116.31595500024014' 'mated']
 ['F147' '128.80287276578284' 'mated']
 ['F124' '166.32447139690765' 'mated']
 ['F115' '166.85562226813286' 'mated']
 ['F47' '195.52786176588106' 'mated']
 ['F121' '197.14025131431396' 'absent']
 ['F80' '202.6112483966264' 'mated']
 ['F201' '204.42767884736898' 'mated']
 ['F188' '230.82428647045012' 'destroyed']
 ['F15' '237.53039049415932' 'mated']]",200.0,0.0,563.0,72.69377122428705,15.643931071574537,1612.0,275.23446937105496,59.13300889781392,73.0,12.138151780624112,2.582647838003926,0.0,0.0,0.0,0.0,0.0,0.0
9,0.0,9,360.40300031261114,"[['14' '69.3928670686692' 'present']
 ['17' '108.13838105940135' 'present']
 ['17' '121.02875044134879' 'present']
 ['2' '124.037889971044' 'present']
 ['14' '173.30058605711818' 'present']
 ['14' '189.46358231997476' 'present']
 ['14' '247.59541685666625' 'marauded']
 ['3' '333.68672403559606' 'present']]","[['F103' '71.38523144432294' 'mated']
 ['F33' '102.16998507708713' 'mated']
 ['F134' '107.2539636524434' 'mated']
 ['F93' '120.01938919319191' 'absent']
 ['F34' '151.1385685684247' 'mated']
 ['F22' '156.4037242452045' 'mated']
 ['F199' '163.3593474800666' 'mated']
 ['F9' '194.2010659771273' 'absent']
 ['F79' '196.15864146550993' 'mated']
 ['F66' '196.367031873876' 'absent']
 ['F114' '236.86890086657525' 'mated']
 ['F1' '239.24757873999994' 'mated']
 ['F75' '257.18433765749705' 'absent']]",200.0,100.0,560.0,67.58260643598608,13.020055111724783,1689.0,286.4805530406613,61.631856494706184,33.0,6.075264163705063,1.3471384273786366,0.0,0.0,0.0,0.0,0.0,0.0
10,0.0,10,359.93275221354236,"[['17' '29.570620419043582' 'present']
 ['3' '196.9261850189807' 'present']
 ['17' '231.03840920564758' 'present']
 ['14' '248.73528133706853' 'present']
 ['17' '289.57326571798313' 'present']
 ['2' '290.4419814470279' 'present']
 ['2' '302.30404542439993' 'present']
 ['3' '332.0431387979197' 'present']
 ['14' '344.3771317115757' 'present']]","[['F68' '92.41567915071336' 'mated']
 ['F208' '118.508386596405' 'mated']
 ['F166' '160.23603845105362' 'mated']
 ['F118' '199.33248775970088' 'mated']
 ['F120' '228.42407140500316' 'mated']
 ['F104' '246.5599011264934' 'mated']
 ['F163' '269.19013731956755' 'mated']
 ['F45' '274.92048078672815' 'mated']
 ['F213' '297.5179758157752' 'mated']
 ['F28' '306.2377149163358' 'mated']]",200.0,200.0,558.0,67.11401105515348,12.482902332053541,1747.0,293.0017825906426,62.28131884654992,0.0,0.0,0.0,0.0,0.0,0.0,0.0,0.0,0.0
11,0.0,7,360.59096442026936,"[['3' '5.744162359864527' 'marauded']
 ['2' '37.19994621266364' 'present']
 ['3' '54.36173511082332' 'present']
 ['17' '101.91046298390198' 'present']
 ['17' '144.97100183792332' 'present']
 ['3' '152.06555181578412' 'present']
 ['17' '194.88663410656835' 'present']
 ['3' '226.86025187372732' 'present']
 ['2' '254.54587911007937' 'present']
 ['2' '268.9755034530717' 'present']
 ['17' '289.40453994083964' 'present']
 ['2' '289.45768757109465' 'present']
 ['17' '351.3133248556487' 'marauded']
 ['3' '357.51205840401093' 'presentdestroyed']]","[['F77' '62.44933744343559' 'mated']
 ['F102' '172.88147431171112' 'mated']
 ['F172' '201.76902903210777' 'mated']
 ['F80' '202.60893358181158' 'absent']
 ['F17' '211.1062087317847' 'mated']
 ['F112' '230.28437855284446' 'mated']
 ['F165' '248.43260332697614' 'mated']
 ['F176' '273.3026691250572' 'mated']
 ['F49' '314.28962114292807' 'absent']]",200.0,300.0,578.0,74.2849699390643,16.135626590803245,1619.0,273.80881777425657,57.97982633765623,74.0,12.117567374728155,2.6479530346979376,0.0,0.0,0.0,0.0,0.0,0.0
12,0.0,6,360.4838210336567,"[['3' '0.8237083110574008' 'present']
 ['3' '1.9221782761240451' 'present']
 ['3' '21.037395709581467' 'marauded']
 ['17' '53.910807384859744' 'present']
 ['14' '69.38496379653408' 'present']
 ['2' '111.09158013661978' 'present']
 ['14' '160.2067530948795' 'present']
 ['14' '218.94524008881413' 'present']
 ['2' '310.1675451810473' 'marauded']
 ['14' '356.3110195774406' 'marauded']]","[['F111' '33.12251493064471' 'absent']
 ['F96' '71.81436849773236' 'mated']
 ['F171' '85.57592486878842' 'mated']
 ['F57' '182.15102932906836' 'mated']
 ['F26' '191.7488885354446' 'absent']
 ['F48' '198.03821071266628' 'mated']
 ['F190' '232.5539025026317' 'mated']
 ['F23' '283.80909131565426' 'mated']
 ['F49' '314.2928947854336' 'destroyed']
 ['F58' '337.5727548814073' 'absent']]",300.0,0.0,555.0,69.57332649203605,14.644655319723112,1600.0,274.8473032381106,59.07243384538902,77.0,15.585471507782596,3.7358643426324263,0.0,0.0,0.0,0.0,0.0,0.0
13,0.0,12,359.9233368736372,"[['3' '9.56217470451561' 'marauded']
 ['14' '24.764193632262412' 'marauded']
 ['17' '46.26613653614718' 'marauded']
 ['2' '108.57212015266359' 'present']
 ['2' '118.49071199625587' 'present']
 ['17' '149.0496211081247' 'marauded']
 ['2' '157.36032861778637' 'present']
 ['3' '158.11878152829857' 'marauded']
 ['3' '174.41819795966103' 'present']
 ['2' '181.85954002377545' 'present']
 ['17' '269.68119123447815' 'present']
 ['14' '272.0457854084415' 'present']
 ['17' '281.6375255448152' 'present']
 ['14' '302.4073225978829' 'present']
 ['2' '329.6451199761541' 'present']]","[['F141' '63.805337055734164' 'mated']
 ['F13' '109.89443769694785' 'mated']
 ['F93' '120.02170400800672' 'mated']
 ['F6' '138.28721576545814' 'mated']
 ['F86' '144.03300213318056' 'mated']
 ['F184' '148.5374208884361' 'mated']
 ['F34' '151.13625375360988' 'destroyed']
 ['F29' '155.09938761526053' 'destroyed']
 ['F3' '169.80561080072025' 'mated']
 ['F121' '197.14352495681945' 'mated']
 ['F62' '207.7276207564044' 'mated']
 ['F119' '235.32124198908568' 'absent']
 ['F67' '245.30250417302378' 'mated']
 ['F178' '290.42427472975805' 'mated']
 ['F37' '341.086495530579' 'mated']]",300.0,100.0,575.0,72.94627561160735,15.45481885222214,1485.0,256.5226817369627,55.689213438435736,177.0,30.617487537913828,6.414904473535342,0.0,0.0,0.0,0.0,0.0,0.0
14,0.054,10,360.1267998850964,"[['17' '38.66062594279424' 'present']
 ['17' '62.27486158713164' 'present']
 ['2' '117.59513982509758' 'present']
 ['2' '117.60902871398646' 'present']
 ['3' '126.37882891356978' 'marauded']
 ['17' '143.1685318816635' 'marauded']
 ['17' '212.83538063753667' 'present']
 ['17' '233.82521310152234' 'present']
 ['2' '275.36309457597156' 'present']
 ['17' '330.9383816947843' 'present']
 ['2' '335.43006820676914' 'marauded']
 ['3' '340.1063389830825' 'presentdestroyed']
 ['3' '358.97997463964754' 'present']]","[['F52' '49.52232536039998' 'absent']
 ['F117' '101.30893316268197' 'mated']
 ['F173' '125.44672902357611' 'absent']
 ['F147' '128.7976966825016' 'destroyed']
 ['F97' '153.73448754162308' 'mated']
 ['F107' '154.06405944751006' 'mated']
 ['F183' '184.64125455921686' 'mated']
 ['F85' '185.18327540662585' 'mated']
 ['F30' '193.04007517323535' 'mated']
 ['F9' '194.2043396196328' 'mated']
 ['F76' '201.75638064357568' 'absent']
 ['F60' '226.08601037208413' 'mated']
 ['F209' '231.5543333698205' 'mated']
 ['F200' '307.87187535455354' 'mated']]",300.0,200.0,571.0,69.33485893518649,13.83279511359656,1596.0,270.056333367263,57.6041704373064,106.0,18.195391650483895,3.881897742922808,19.0,1.9000000000000006,0.1900000000000001,76.0,0.7194027107805269,0.0077160493827160516
15,0.0,7,360.35740128252394,"[['2' '15.904013314425145' 'present']
 ['17' '35.9647042436185' 'present']
 ['17' '57.51459835136625' 'present']
 ['2' '58.70607471537998' 'present']
 ['14' '70.33266807275847' 'present']
 ['14' '106.38489592470093' 'marauded']
 ['17' '107.435923528718' 'presentdestroyed']
 ['2' '117.70941135463606' 'present']
 ['17' '144.98272520621555' 'present']
 ['14' '237.679642472127' 'present']
 ['3' '295.32813483494215' 'marauded']
 ['14' '310.24014439684777' 'present']]","[['F204' '1.0430015570201814' 'absent']
 ['F99' '60.04756041920521' 'mated']
 ['F13' '109.88408553038533' 'destroyed']
 ['F173' '125.44904383839092' 'mated']
 ['F42' '135.47549427396973' 'mated']
 ['F148' '138.3197520224102' 'mated']
 ['F59' '210.38378229994635' 'mated']
 ['F53' '284.5671819275374' 'mated']
 ['F12' '302.03531314238097' 'destroyed']
 ['F113' '347.1571350745985' 'mated']]",300.0,300.0,560.0,73.19793954722213,15.885197355776356,1661.0,274.74571718044075,58.240838928164024,69.0,12.06785531174459,2.5228721086137047,0.0,0.0,0.0,0.0,0.0,0.0
16,0.0,9,360.2388143398008,"[['14' '1.3721753597019315' 'present']
 ['2' '11.496894922501527' 'present']
 ['3' '40.618763917656146' 'marauded']
 ['17' '73.67955307413487' 'present']
 ['2' '92.98714812663883' 'present']
 ['17' '121.34323938285209' 'present']
 ['14' '174.20790466848715' 'marauded']
 ['14' '190.18540890966054' 'present']
 ['14' '192.75317526830128' 'marauded']
 ['14' '210.15944258886876' 'present']
 ['14' '215.58610861109455' 'present']
 ['3' '274.5365715785094' 'marauded']
 ['17' '279.53830901602083' 'presentdestroyed']
 ['3' '293.10236800596107' 'present']
 ['17' '293.86235220825625' 'present']
 ['17' '306.82824411769616' 'marauded']
 ['2' '313.20109851372996' 'presentdestroyed']
 ['2' '328.3084118325061' 'present']
 ['14' '357.1474504545969' 'present']]","[['F109' '0.8615968718435195' 'mated']
 ['F156' '54.84136291438663' 'mated']
 ['F127' '108.11538260082457' 'absent']
 ['F196' '112.94252198237967' 'mated']
 ['F41' '163.1496258174175' 'mated']
 ['F118' '199.3259404746899' 'absentdestroyed']
 ['F202' '251.66901348153917' 'mated']
 ['F12' '302.0385867848865' 'mated']
 ['F31' '304.382438840631' 'mated']
 ['F58' '337.57506969622216' 'mated']
 ['F126' '357.65386030406614' 'mated']]",400.0,0.0,574.0,70.6289115110857,14.729496758959145,1527.0,258.9484569929155,55.8794830640162,178.0,30.43997400550666,6.677228904900594,0.0,0.0,0.0,0.0,0.0,0.0
17,0.054,14,360.12933106901426,"[['14' '28.668723456130273' 'present']
 ['14' '34.070087939685244' 'present']
 ['3' '49.598249116034864' 'present']
 ['14' '79.76798748412294' 'marauded']
 ['3' '134.48234653442088' 'marauded']
 ['3' '171.35095082343705' 'marauded']
 ['2' '175.45371916096204' 'destroyed']
 ['3' '254.36192647422578' 'present']
 ['2' '292.31672988766195' 'present']
 ['14' '308.0853493307583' 'present']
 ['2' '352.14011091266923' 'marauded']]","[['F116' '66.66949881947987' 'mated']
 ['F177' '93.26590915583452' 'mated']
 ['F158' '102.53253148266505' 'mated']
 ['F146' '105.30661313987338' 'mated']
 ['F147' '128.7944230399961' 'absent']
 ['F91' '155.3749547327656' 'mated']
 ['F194' '190.33658256898545' 'mated']
 ['F195' '194.21711795273131' 'mated']
 ['F175' '200.5030939566133' 'absent']
 ['F133' '227.78747219959683' 'mated']
 ['F81' '262.89134927413505' 'mated']
 ['F215' '265.72207118749986' 'mated']
 ['F152' '300.9013002704852' 'mated']
 ['F74' '302.24662950196375' 'mated']
 ['F129' '302.61327380970187' 'mated']
 ['F136' '306.27096305254037' 'mated']
 ['F185' '352.3352077679005' 'destroyed']]",400.0,100.0,561.0,72.25565940887994,15.104254634543052,1489.0,261.1760302192899,57.22219854044659,132.0,24.666991897153085,5.75884047547092,12.0,1.2,0.12000000000000005,93.0,0.8610183388478279,0.009173525377229088
18,0.0,7,360.1129314246803,"[['17' '0.33335879810320684' 'present']
 ['14' '18.459485666050924' 'present']
 ['17' '46.714417078026756' 'present']
 ['14' '51.934936441820675' 'present']
 ['3' '52.873392732322266' 'present']
 ['14' '62.64282459122817' 'present']
 ['3' '92.05469364501342' 'present']
 ['3' '115.79522077891785' 'present']
 ['2' '133.39221513742064' 'present']
 ['2' '134.4437184667438' 'present']
 ['14' '191.81024542908776' 'marauded']
 ['2' '204.32224601682273' 'present']
 ['17' '207.6520102105983' 'present']
 ['2' '222.44615548704945' 'marauded']
 ['14' '230.89004239605418' 'present']
 ['2' '244.11340855699981' 'present']
 ['17' '302.18644596449013' 'present']
 ['2' '308.7353285102964' 'marauded']
 ['14' '315.1600995108187' 'presentdestroyed']
 ['17' '336.6740137560074' 'marauded']]","[['F111' '33.12769101392596' 'mated']
 ['F123' '66.34208602418563' 'mated']
 ['F89' '91.79407352345045' 'mated']
 ['F64' '98.23349774204952' 'mated']
 ['F4' '108.72782155677359' 'absent']
 ['F151' '115.68511658880652' 'mated']
 ['F14' '144.32210954001204' 'mated']
 ['F122' '178.2803246089534' 'mated']
 ['F26' '191.75406461872583' 'absent']
 ['F31' '304.3720866740685' 'absent']]",400.0,200.0,564.0,72.08820501750257,15.686558961274597,1554.0,263.3447579779562,56.991796157560806,143.0,24.576125775447387,5.398019471337346,0.0,0.0,0.0,0.0,0.0,0.0
19,0.0,9,360.22754907317733,"[['14' '7.968507108366452' 'present']
 ['2' '13.128308279861226' 'present']
 ['17' '25.49995614090091' 'present']
 ['3' '74.11825464369228' 'present']
 ['14' '75.76129766239542' 'present']
 ['17' '97.96789250759979' 'present']
 ['2' '198.72179838958078' 'present']
 ['2' '217.98885449036098' 'present']
 ['17' '301.88368733373926' 'present']
 ['3' '327.06237584223356' 'present']
 ['17' '328.07653814386714' 'present']
 ['14' '335.1256653279886' 'marauded']
 ['3' '335.13413747056677' 'destroyed']]","[['F25' '26.413385958318464' 'mated']
 ['F98' '117.50423259334953' 'mated']
 ['F144' '125.9088117965996' 'mated']
 ['F206' '176.96262939622466' 'absent']
 ['F88' '195.34336830345248' 'mated']
 ['F170' '213.20077102562342' 'mated']
 ['F128' '214.5127770320575' 'mated']
 ['F188' '230.83600983874234' 'mated']
 ['F203' '286.4853479907298' 'mated']
 ['F160' '348.03444522629917' 'mated']]",400.0,300.0,570.0,68.98391555343134,13.557961698909036,1653.0,284.92944842057494,61.01244438091037,39.0,6.1547347056955735,1.3575056533341547,0.0,0.0,0.0,0.0,0.0,0.0
20,0.0,6,360.30869359481113,"[['17' '41.03616184587619' 'present']
 ['3' '99.80558001406389' 'present']
 ['2' '101.98575727069561' 'present']
 ['14' '125.23298680791115' 'present']
 ['3' '127.57139409526475' 'present']
 ['17' '165.35160902612222' 'present']
 ['14' '184.6541647344256' 'present']
 ['2' '219.43993756800236' 'present']
 ['17' '250.86927175170584' 'marauded']
 ['17' '258.1623680469614' 'present']
 ['14' '268.68597625549916' 'present']
 ['17' '274.8981954634696' 'present']
 ['3' '285.68414199707917' 'marauded']
 ['2' '298.4029867377808' 'marauded']
 ['3' '327.5721957548075' 'marauded']
 ['17' '338.0159327041651' 'present']]","[['F169' '121.23111003592284' 'mated']
 ['F174' '121.64792886782273' 'mated']
 ['F211' '129.18159169564112' 'mated']
 ['F78' '187.60438411835824' 'mated']
 ['F137' '203.33962631350826' 'mated']
 ['F119' '235.32641807236692' 'absent']
 ['F21' '250.50757773643318' 'mated']
 ['F53' '284.56200584425613' 'absent']
 ['F178' '290.4190986464768' 'destroyed']]",500.0,0.0,572.0,70.06965335258654,14.128345936879311,1538.0,265.7102715948785,58.04170687898488,135.0,24.29991042616374,5.3357681549820235,0.0,0.0,0.0,0.0,0.0,0.0
21,0.0,9,360.03130311235327,"[['17' '51.847072275558254' 'present']
 ['14' '95.89560333100562' 'marauded']
 ['17' '124.84579280670891' 'present']
 ['2' '157.37092234746817' 'present']
 ['2' '167.98283729099688' 'present']
 ['3' '171.33922745514482' 'present']
 ['2' '211.38295885077827' 'present']
 ['14' '250.422257753196' 'present']
 ['14' '251.05632197514106' 'present']
 ['17' '253.65562839617334' 'present']
 ['17' '264.3051455575306' 'present']
 ['17' '274.17529451472103' 'present']
 ['3' '281.568267422357' 'present']
 ['3' '332.0534909644822' 'present']]","[['F204' '1.0495488420311678' 'mated']
 ['F110' '28.112742080805283' 'mated']
 ['F92' '53.496148762265435' 'mated']
 ['F61' '80.96176775430693' 'mated']
 ['F177' '93.26359434101971' 'absent']
 ['F140' '143.6842707044266' 'mated']
 ['F50' '159.36670449985903' 'absent']
 ['F16' '166.8981359087923' 'mated']
 ['F207' '226.86060767672294' 'mated']
 ['F1' '239.24063429555548' 'absent']
 ['F0' '303.9233888945517' 'mated']
 ['F44' '359.99488616731844' 'mated']]",500.0,100.0,562.0,68.94813173470621,13.805746920957617,1679.0,285.1221122222833,61.4912662319948,34.0,6.0926257293516715,1.3262939008708787,0.0,0.0,0.0,0.0,0.0,0.0
22,0.0,8,360.3293814144257,"[['3' '0.007903272135122905' 'present']
 ['3' '43.719645089539384' 'present']
 ['2' '45.72787010111915' 'present']
 ['3' '50.35994250931151' 'marauded']
 ['3' '52.881842458109006' 'presentdestroyed']
 ['2' '91.68366885547859' 'marauded']
 ['3' '93.43960462083429' 'presentdestroyed']
 ['3' '105.86729026317514' 'present']
 ['2' '106.51440277887717' 'present']
 ['17' '126.2288046290743' 'present']
 ['14' '156.9512925613207' 'present']
 ['2' '166.2030848911276' 'present']
 ['17' '167.7779324946639' 'present']
 ['17' '199.17606080432677' 'present']
 ['14' '225.73312677702785' 'present']
 ['2' '229.63496341087074' 'present']
 ['14' '241.3103759116486' 'present']
 ['17' '252.14660856736026' 'present']
 ['17' '253.65003993885304' 'present']
 ['3' '262.37116629582187' 'present']
 ['2' '305.3540190335932' 'marauded']
 ['14' '329.7612218529123' 'marauded']
 ['14' '334.5967407802162' 'destroyed']
 ['14' '359.3606155177234' 'present']]","[['F180' '25.47518799026378' 'mated']
 ['F5' '28.323817888013725' 'mated']
 ['F73' '87.66768899010191' 'mated']
 ['F89' '91.79175870863564' 'absentdestroyed']
 ['F35' '139.30850360605857' 'mated']
 ['F143' '143.45724865816098' 'mated']
 ['F166' '160.22909400660916' 'absent']
 ['F181' '229.4250566299758' 'mated']
 ['F10' '246.35871244464894' 'mated']
 ['F54' '269.6870736201465' 'mated']]",500.0,200.0,571.0,68.08777966806208,13.012650954745837,1593.0,267.5403380886136,57.690684881259514,143.0,24.4774164726668,5.2274803694862895,0.0,0.0,0.0,0.0,0.0,0.0
23,0.0,14,360.3134544766517,"[['3' '0.0023148148148148147' 'present']
 ['17' '25.811243187642066' 'present']
 ['17' '39.4545493687075' 'present']
 ['3' '121.34358889409222' 'present']
 ['2' '127.61663219885823' 'present']
 ['3' '180.22818943023765' 'present']
 ['17' '241.14459328659382' 'present']
 ['14' '250.43260991975848' 'present']
 ['17' '325.4841274095526' 'present']]","[['F52' '49.52750144368123' 'mated']
 ['F92' '53.49151913263581' 'absent']
 ['F135' '59.430846525568775' 'mated']
 ['F127' '108.11865624333007' 'mated']
 ['F153' '111.82723466559115' 'mated']
 ['F87' '115.30540058590441' 'mated']
 ['F106' '132.65391895165303' 'mated']
 ['F19' '142.6123414295411' 'mated']
 ['F164' '145.3974117071714' 'mated']
 ['F50' '159.37133412948864' 'mated']
 ['F83' '164.56250113052295' 'mated']
 ['F16' '166.8935062791627' 'absent']
 ['F40' '170.38484737999826' 'mated']
 ['F118' '199.3226668321844' 'absent']
 ['F138' '214.97127730706617' 'mated']
 ['F51' '218.5321688854088' 'absent']
 ['F36' '240.22225816016186' 'mated']
 ['F197' '351.1378834893679' 'mated']]",500.0,300.0,562.0,67.7311957204176,13.303997373737609,1758.0,292.3243587009739,61.972675524527816,0.0,0.0,0.0,0.0,0.0,0.0,0.0,0.0,0.0
