id,probability_maraud,successful_mating,next_foraging_time,mar_attempts,mate_attempts,x_pos,y_pos,foraging_events,foraging_hrs,foraging_sqhrs,staying_events,staying_hrs,staying_sqhrs,repairing_events,repairing_hrs,repairing_sqhrs,marauding_events,marauding_hrs,marauding_sqhrs,traveling_events,traveling_hrs,traveling_sqhrs
0,0.0,11,360.0611391837973,"[['7' '25.3361438428479' 'present']
 ['4' '45.03762217920507' 'present']
 ['4' '104.49190489432058' 'present']
 ['4' '109.7483330125188' 'present']
 ['16' '129.86740018012986' 'present']
 ['4' '165.9950821689198' 'marauded']
 ['7' '189.8499593623572' 'marauded']
 ['4' '193.19398253999077' 'presentdestroyed']
 ['7' '197.6119193927563' 'present']
 ['16' '233.1370050826452' 'present']
 ['7' '358.2244195849261' 'present']]","[['F57' '97.98535182536678' 'absent']
 ['F69' '99.82602943972758' 'mated']
 ['F19' '104.2751621778252' 'mated']
 ['F78' '108.83160299978678' 'mated']
 ['F201' '144.32692970354032' 'mated']
 ['F17' '153.26031862438657' 'mated']
 ['F16' '172.2524748985148' 'destroyed']
 ['F114' '194.43138806288263' 'absentdestroyed']
 ['F208' '202.61828660528275' 'absent']
 ['F141' '205.86979353416433' 'mated']
 ['F211' '215.94341462076753' 'absent']
 ['F161' '252.77951133881785' 'absent']
 ['F148' '257.41659775864485' 'mated']
 ['F20' '258.6127465725408' 'mated']
 ['F3' '270.6985290547749' 'mated']
 ['F188' '280.2798811341116' 'mated']
 ['F130' '333.40740521644346' 'mated']
 ['F210' '334.7760305291128' 'absent']]",0.0,0.0,569.0,67.70654447313102,13.2862258046129,1653.0,280.3986140989326,60.726656647902836,69.0,12.200843920593591,2.6404204418109987,0.0,0.0,0.0,0.0,0.0,0.0
1,0.0,11,359.8278155319898,"[['14' '21.386032595349555' 'present']
 ['4' '22.445932511033597' 'present']
 ['4' '35.75815398939289' 'present']
 ['4' '91.31112961433612' 'present']
 ['16' '126.37153501142487' 'present']
 ['14' '199.98679617349433' 'present']
 ['4' '226.93599139679694' 'present']
 ['7' '244.46900727992517' 'marauded']
 ['7' '353.3494375305433' 'present']]","[['F108' '16.427040984343936' 'mated']
 ['F143' '42.80929047785247' 'mated']
 ['F8' '68.0341813196946' 'mated']
 ['F2' '124.9279932833307' 'mated']
 ['F154' '141.80251012901925' 'mated']
 ['F13' '162.16683497857196' 'absent']
 ['F119' '187.39942978430778' 'mated']
 ['F171' '218.3075152280067' 'mated']
 ['F10' '254.70444571892995' 'mated']
 ['F104' '289.1446090731112' 'mated']
 ['F47' '317.3805395015853' 'mated']
 ['F163' '344.3179246324073' 'mated']]",0.0,100.0,562.0,73.22731224149673,16.614182209220957,1652.0,280.73827714665066,60.6624001961634,40.0,6.035251227398195,1.1193357525504635,0.0,0.0,0.0,0.0,0.0,0.0
2,0.0,9,360.1161115241803,"[['7' '6.003624471803619' 'present']
 ['16' '13.919351281211416' 'present']
 ['4' '59.528440160241296' 'present']
 ['16' '65.66584174607137' 'present']
 ['7' '71.74525551298525' 'present']
 ['4' '82.11174274780323' 'marauded']
 ['14' '117.37097856838012' 'present']
 ['14' '118.006127670334' 'present']
 ['7' '135.88386430850565' 'marauded']
 ['16' '137.4550107205585' 'destroyed']
 ['14' '146.44896817235778' 'present']
 ['14' '160.55192870146402' 'present']
 ['4' '169.4102525563058' 'present']
 ['7' '203.4983760240481' 'present']
 ['4' '221.2965168834356' 'present']
 ['7' '243.38962392389632' 'marauded']
 ['14' '284.39217760147704' 'marauded']
 ['4' '301.6893611291469' 'present']
 ['4' '317.4937094715444' 'present']
 ['7' '328.3109708195001' 'present']
 ['14' '348.67698125459333' 'marauded']]","[['F165' '178.8105712169176' 'mated']
 ['F102' '183.98357093724192' 'mated']
 ['F109' '187.60567461414746' 'mated']
 ['F101' '199.05378326951387' 'mated']
 ['F41' '199.18736441285364' 'mated']
 ['F168' '206.2301172913321' 'mated']
 ['F184' '229.82604174760175' 'mated']
 ['F161' '252.77488170918824' 'absent']
 ['F148' '257.41196812901524' 'absent']
 ['F158' '305.7037154096271' 'mated']
 ['F107' '318.31281331866677' 'mated']]",0.0,200.0,563.0,71.39119031545309,14.976317385216243,1539.0,258.0768205709659,55.07174386479649,177.0,30.551523278541165,6.645054196388122,0.0,0.0,0.0,0.0,0.0,0.0
3,0.0,13,360.39366706648985,"[['4' '38.48544187050725' 'present']
 ['16' '41.57775998695425' 'present']
 ['4' '49.67610539842864' 'present']
 ['7' '54.00870534190134' 'present']
 ['14' '59.14444922972021' 'present']
 ['14' '75.24804984027664' 'present']
 ['14' '78.78872355637327' 'present']
 ['4' '82.84591048902483' 'present']
 ['16' '83.74878530527161' 'present']
 ['16' '100.0860592221517' 'present']
 ['4' '122.23084281008175' 'present']
 ['7' '140.82523992570606' 'present']
 ['16' '232.12280389032' 'present']
 ['4' '262.3946750820234' 'present']
 ['14' '268.69903640706207' 'present']
 ['16' '273.8731084592794' 'present']
 ['14' '287.5811662900729' 'present']
 ['7' '319.25408262177314' 'present']
 ['7' '325.24931273031797' 'present']
 ['14' '357.72455596013185' 'present']]","[['F196' '51.368965014326626' 'mated']
 ['F105' '53.33713716573875' 'mated']
 ['F189' '79.90518714715837' 'mated']
 ['F31' '100.94042154597349' 'mated']
 ['F103' '111.34524960507427' 'mated']
 ['F6' '166.01348407844446' 'mated']
 ['F16' '172.25478971332961' 'mated']
 ['F18' '195.9457218920088' 'absent']
 ['F62' '217.92915270170755' 'mated']
 ['F80' '234.96275905851022' 'mated']
 ['F131' '245.83975452272455' 'mated']
 ['F55' '249.1200932511057' 'absent']
 ['F192' '249.7941632485203' 'mated']
 ['F94' '311.52311037795266' 'mated']
 ['F183' '312.0767801514721' 'mated']]",0.0,300.0,555.0,71.86497770098997,15.126527253227332,1695.0,288.1593466077243,62.1204385046477,0.0,0.0,0.0,0.0,0.0,0.0,0.0,0.0,0.0
4,0.054,9,360.00278419777845,"[['14' '41.99886632850251' 'present']
 ['7' '44.07688895382088' 'present']
 ['14' '47.70960976869012' 'present']
 ['7' '139.5940464555261' 'marauded']
 ['14' '153.56457906525085' 'present']
 ['14' '166.82389331124054' 'present']
 ['14' '209.69711940346264' 'present']
 ['7' '246.21753136834926' 'present']
 ['16' '249.37852747351607' 'present']
 ['16' '256.5304944549277' 'present']
 ['14' '268.57632811023296' 'present']
 ['14' '275.79257748927733' 'present']
 ['14' '290.3209725823374' 'marauded']]","[['F152' '6.5635043206396' 'mated']
 ['F37' '69.52864092607437' 'mated']
 ['F63' '80.59799599312421' 'absent']
 ['F111' '90.83440330183912' 'mated']
 ['F125' '91.58931961241034' 'mated']
 ['F95' '118.13439270975788' 'mated']
 ['F93' '121.5867915551894' 'mated']
 ['F70' '190.17099375644176' 'absent']
 ['F132' '275.225643388699' 'mated']
 ['F188' '280.27756631929674' 'absent']
 ['F195' '287.77654916809456' 'mated']
 ['F29' '287.8947308136074' 'mated']
 ['F127' '295.41912477105313' 'absentdestroyed']]",100.0,0.0,569.0,73.09489483176458,15.401445014267777,1592.0,272.2438020507496,58.731589152877405,68.0,12.112526858262571,2.767213295656519,18.0,1.8000000000000005,0.1800000000000001,91.0,0.8587094595670253,0.009152091906721537
5,0.0,9,359.9999553756824,"[['14' '12.079741026569232' 'present']
 ['14' '14.71750580289738' 'present']
 ['4' '36.453353509523964' 'marauded']
 ['7' '38.15269457149684' 'destroyed']
 ['16' '93.06879802382814' 'present']
 ['14' '104.025621608728' 'present']
 ['7' '141.31061540438955' 'marauded']
 ['16' '151.96320630932314' 'present']
 ['16' '233.14895479945113' 'marauded']
 ['7' '357.96417796104737' 'present']]","[['F172' '37.56626444909041' 'destroyed']
 ['F63' '80.60031080793902' 'mated']
 ['F56' '96.90950733216239' 'mated']
 ['F74' '97.92269790684237' 'mated']
 ['F42' '129.3823386640558' 'mated']
 ['F176' '152.43160148778153' 'mated']
 ['F151' '163.3436112380109' 'mated']
 ['F77' '187.8226451999809' 'absent']
 ['F81' '221.2978306405824' 'mated']
 ['F26' '224.202243018941' 'mated']
 ['F169' '236.7901339311959' 'destroyed']
 ['F123' '324.38252932286997' 'mated']]",100.0,100.0,560.0,71.39752829526199,15.390706381279072,1624.0,270.43286458363394,57.1631414311787,107.0,18.20403045551937,4.065195322143408,0.0,0.0,0.0,0.0,0.0,0.0
6,0.0,12,360.39936641121517,"[['14' '14.902429638688934' 'marauded']
 ['7' '19.89522590855876' 'presentdestroyed']
 ['7' '20.347435106008525' 'destroyed']
 ['4' '43.29632543352461' 'marauded']
 ['14' '60.962737359530344' 'present']
 ['16' '61.06603968481188' 'present']
 ['7' '62.4677089178493' 'marauded']
 ['7' '81.5625720121681' 'marauded']
 ['7' '86.27070832486356' 'presentdestroyed']
 ['14' '94.49300387355505' 'present']
 ['4' '94.75504527455266' 'marauded']
 ['4' '96.2491427388619' 'presentdestroyed']
 ['14' '104.01581589581711' 'present']
 ['4' '113.31489513825373' 'present']
 ['4' '181.42924358142147' 'present']
 ['14' '220.27837904387764' 'marauded']
 ['4' '221.56196781412336' 'presentdestroyed']
 ['16' '244.52452065385518' 'present']
 ['16' '252.33657863480224' 'marauded']
 ['4' '300.93292675866707' 'present']
 ['7' '344.219179120526' 'present']]","[['F143' '42.80601683534698' 'absent']
 ['F200' '124.77828462177816' 'mated']
 ['F12' '144.52174727753103' 'mated']
 ['F167' '146.3101506939533' 'mated']
 ['F176' '152.42179577487067' 'absent']
 ['F180' '166.85760375154106' 'mated']
 ['F165' '178.80825640210278' 'absent']
 ['F115' '192.08009812997565' 'mated']
 ['F118' '203.14881251203076' 'absent']
 ['F141' '205.8646174508831' 'absent']
 ['F100' '210.32969674944587' 'absent']
 ['F212' '215.41476036152213' 'mated']
 ['F89' '238.94813939584643' 'mated']
 ['F193' '270.3968489738556' 'mated']
 ['F38' '271.42014937742044' 'mated']
 ['F32' '281.9203903748166' 'mated']
 ['F44' '287.2604777745519' 'mated']
 ['F146' '314.6185668171221' 'mated']]",100.0,200.0,577.0,71.47967123089592,14.47627676750369,1468.0,245.91342749556566,52.28922678281331,250.0,42.73570244002743,9.182876287180209,0.0,0.0,0.0,0.0,0.0,0.0
7,0.054,10,360.2210430606623,"[['14' '3.801545729140927' 'present']
 ['4' '14.299707977069168' 'present']
 ['16' '16.39974081347086' 'present']
 ['14' '18.834430272582644' 'present']
 ['16' '67.42716342666364' 'present']
 ['14' '75.23555366981907' 'present']
 ['4' '83.13952686661176' 'present']
 ['14' '92.68376783033766' 'present']
 ['16' '98.62085184611573' 'present']
 ['14' '132.05510396157587' 'present']
 ['14' '170.6471983574509' 'marauded']
 ['4' '260.43207384382305' 'marauded']
 ['4' '284.72549385099757' 'present']
 ['14' '348.9409339887297' 'present']
 ['4' '354.4874066874123' 'present']]","[['F199' '40.46989738158718' 'mated']
 ['F145' '101.03346708852091' 'absent']
 ['F60' '134.83675949544264' 'mated']
 ['F162' '161.03831643571468' 'mated']
 ['F138' '181.4771558718343' 'mated']
 ['F182' '206.03751735168754' 'mated']
 ['F153' '210.10755571716282' 'mated']
 ['F211' '215.94668826327302' 'mated']
 ['F27' '232.2393660961638' 'mated']
 ['F106' '232.70055842803797' 'mated']
 ['F66' '265.364610999449' 'destroyed']
 ['F132' '275.2200549313786' 'absent']
 ['F127' '295.421439585868' 'absent']
 ['F136' '296.4501392752048' 'mated']
 ['F99' '311.5639291475552' 'absent']]",100.0,300.0,569.0,73.0822852422205,15.85123221984256,1593.0,271.96050705127317,59.09765215814559,74.0,12.165744204917813,2.492322568136114,20.0,2.0000000000000004,0.20000000000000012,84.0,0.8014672277722311,0.008637688614540468
8,0.0,8,360.30438295743187,"[['4' '11.534092883928237' 'marauded']
 ['16' '26.39425960412598' 'present']
 ['7' '30.035990643586683' 'present']
 ['4' '67.76789380195869' 'marauded']
 ['7' '114.06119403345622' 'marauded']
 ['7' '135.87731702349467' 'present']
 ['16' '144.25241171386693' 'marauded']
 ['14' '171.53934344245633' 'present']
 ['7' '211.24091487260765' 'present']
 ['14' '254.2131204921942' 'marauded']
 ['4' '317.4862185734483' 'present']
 ['4' '343.4219321550603' 'present']
 ['4' '359.12477861637274' 'present']]","[['F120' '29.938390701883193' 'mated']
 ['F137' '31.898476718429187' 'mated']
 ['F60' '134.83348585293714' 'absent']
 ['F119' '187.39425370102654' 'absent']
 ['F209' '220.55251721780414' 'mated']
 ['F30' '224.81441427670086' 'mated']
 ['F131' '245.8295364357746' 'absent']
 ['F22' '263.18763297758727' 'mated']
 ['F175' '265.17812965726097' 'mated']
 ['F98' '290.16094764260873' 'mated']
 ['F112' '351.0400801608759' 'mated']]",200.0,0.0,556.0,68.00493055746787,13.978905494011215,1545.0,261.4233503587358,56.226771040322426,183.0,30.724319483515256,6.348710632611837,0.0,0.0,0.0,0.0,0.0,0.0
9,0.0,12,360.03152148547053,"[['14' '2.8492057334581897' 'present']
 ['7' '5.066519169379889' 'present']
 ['16' '16.674765642361663' 'present']
 ['7' '52.26333458525658' 'present']
 ['4' '71.66994363400154' 'present']
 ['16' '98.60835567565816' 'present']
 ['7' '98.83745455675272' 'present']
 ['14' '132.67777205813195' 'marauded']
 ['16' '146.19463450251104' 'present']
 ['16' '159.14841329547053' 'present']
 ['4' '160.27326703955544' 'present']
 ['14' '215.59622076048453' 'present']
 ['7' '290.1195595407218' 'marauded']
 ['7' '302.6622639605097' 'present']
 ['14' '343.1706564387802' 'present']
 ['7' '349.50202840777297' 'marauded']
 ['4' '354.4929951447327' 'presentdestroyed']
 ['7' '357.24018239144044' 'present']]","[['F91' '77.82245425798857' 'mated']
 ['F145' '101.03864317180216' 'mated']
 ['F24' '127.47430445108316' 'mated']
 ['F11' '143.35620456210762' 'mated']
 ['F25' '185.79336470381983' 'mated']
 ['F77' '187.82496001479572' 'mated']
 ['F114' '194.43656414616387' 'mated']
 ['F18' '195.9522691770198' 'mated']
 ['F147' '204.48897347875035' 'mated']
 ['F160' '231.97271992803448' 'mated']
 ['F161' '252.7846874220991' 'mated']
 ['F202' '258.48270766007914' 'mated']
 ['F193' '270.39357533135006' 'absent']
 ['F4' '300.5450941373778' 'absent']]",200.0,100.0,565.0,65.26564574638394,12.743650659321522,1625.0,276.2990880818326,59.812415541918924,110.0,18.445787007300734,3.927223306119081,0.0,0.0,0.0,0.0,0.0,0.0
10,0.0,9,360.3266702618129,"[['4' '19.894226688787676' 'present']
 ['16' '113.42870756772236' 'present']
 ['4' '203.14244838426748' 'marauded']
 ['14' '283.0411524970394' 'marauded']
 ['14' '323.8777749392411' 'present']
 ['16' '335.3054176986295' 'marauded']
 ['16' '340.41824184255944' 'presentdestroyed']
 ['14' '349.8992599521735' 'present']]","[['F105' '53.331961082457504' 'absent']
 ['F124' '54.25750721357425' 'mated']
 ['F79' '65.99476487211183' 'mated']
 ['F164' '88.31858202562158' 'mated']
 ['F1' '138.95186783324465' 'mated']
 ['F181' '231.3620900070765' 'mated']
 ['F169' '236.7934075737014' 'mated']
 ['F58' '241.2036774794017' 'mated']
 ['F204' '242.02867889787473' 'absent']
 ['F205' '254.14595628099852' 'mated']
 ['F39' '261.4369554890419' 'mated']
 ['F104' '289.13480336020035' 'destroyed']]",200.0,200.0,566.0,70.96444442153812,14.040478161210613,1610.0,270.6240445073427,58.35830513530079,119.0,18.47824295865181,3.7505762291831406,0.0,0.0,0.0,0.0,0.0,0.0
11,0.0,5,360.56760170647436,"[['7' '38.15963901594128' 'present']
 ['16' '40.72759231126141' 'present']
 ['4' '43.431141465725446' 'present']
 ['4' '76.91242228927598' 'present']
 ['7' '83.7014779823088' 'present']
 ['14' '107.18106349152005' 'marauded']
 ['4' '131.45242122867586' 'present']
 ['14' '200.93243580807746' 'present']
 ['16' '204.9375741205927' 'present']
 ['14' '223.56725197747596' 'marauded']
 ['14' '229.26356164116967' 'presentdestroyed']
 ['4' '249.7715513710045' 'present']
 ['4' '272.28962146102947' 'marauded']]","[['F143' '42.80274319284149' 'absent']
 ['F142' '71.34823651591527' 'mated']
 ['F201' '144.32175362025907' 'absent']
 ['F34' '154.91435965194736' 'mated']
 ['F110' '202.79640345859642' 'mated']
 ['F87' '234.8846657303904' 'mated']
 ['F149' '252.13751686854027' 'mated']
 ['F132' '275.22236974619346' 'destroyed']]",200.0,300.0,572.0,72.12974059432892,15.431612741298132,1578.0,269.84138518769583,58.39426142551942,104.0,18.20880046689399,4.002180842940981,0.0,0.0,0.0,0.0,0.0,0.0
12,0.0,9,360.4985452870915,"[['14' '20.35155849729673' 'present']
 ['7' '47.308425676221454' 'present']
 ['14' '52.28080134852296' 'present']
 ['16' '68.20730675128385' 'marauded']
 ['4' '76.90451901714086' 'present']
 ['14' '109.72298432123623' 'present']
 ['7' '147.06139973206433' 'present']
 ['14' '162.97099361099208' 'present']
 ['16' '168.24429573371415' 'marauded']
 ['14' '210.6052742947297' 'marauded']
 ['16' '236.79446280743457' 'present']
 ['7' '256.76665625857186' 'marauded']
 ['16' '262.27512533147336' 'presentdestroyed']
 ['7' '271.9044224187374' 'present']
 ['7' '349.6123805743355' 'present']
 ['7' '350.68889888987786' 'marauded']
 ['4' '351.4385329717989' 'presentdestroyed']
 ['4' '351.8320250394199' 'presentdestroyed']
 ['14' '356.60502978105075' 'presentdestroyed']]","[['F121' '119.0278966885683' 'mated']
 ['F46' '122.1521575261066' 'mated']
 ['F72' '135.6565426387602' 'mated']
 ['F198' '157.42363859572026' 'mated']
 ['F13' '162.17415506574827' 'absent']
 ['F70' '190.17562338607138' 'mated']
 ['F133' '191.93344963974457' 'mated']
 ['F139' '202.4671687701773' 'mated']
 ['F117' '265.88316549068077' 'mated']
 ['F38' '271.41360209240946' 'absent']
 ['F28' '325.1641865759087' 'mated']]",300.0,0.0,558.0,70.09645180679126,14.981673106343937,1526.0,259.45873819763,56.324857841517314,158.0,30.45421785935487,7.128389457503244,0.0,0.0,0.0,0.0,0.0,0.0
13,0.0,14,360.1703159056074,"[['16' '13.46823460198721' 'marauded']
 ['16' '89.1197043365492' 'present']
 ['7' '112.21376410728627' 'present']
 ['4' '228.25153931069497' 'present']
 ['16' '249.38874556046602' 'present']
 ['4' '257.9616188168508' 'present']
 ['7' '310.03117887378676' 'present']
 ['16' '335.8722484068098' 'marauded']
 ['7' '353.3611608988355' 'present']]","[['F64' '29.247486191693415' 'mated']
 ['F43' '53.061256856577764' 'mated']
 ['F84' '80.11755990400945' 'mated']
 ['F57' '97.99267191254309' 'mated']
 ['F85' '101.9572554945001' 'mated']
 ['F113' '115.99616971138684' 'mated']
 ['F215' '158.27301152554512' 'mated']
 ['F45' '187.2362719808468' 'mated']
 ['F186' '219.71770939810278' 'mated']
 ['F140' '222.37128486548872' 'mated']
 ['F135' '223.12694517525944' 'mated']
 ['F128' '268.74958057403995' 'mated']
 ['F82' '279.95937076339567' 'mated']
 ['F187' '312.53441304694326' 'mated']]",300.0,100.0,572.0,73.53792119383208,16.747620368961478,1594.0,274.32587285307966,59.78328321523942,76.0,12.141137565138742,2.470997494790533,0.0,0.0,0.0,0.0,0.0,0.0
14,0.054,6,360.17525508016365,"[['4' '19.331217917174527' 'present']
 ['7' '42.19293814801592' 'present']
 ['4' '69.14567464089592' 'present']
 ['16' '83.75913747183412' 'present']
 ['16' '95.57605543315665' 'marauded']
 ['4' '106.35576595576462' 'present']
 ['4' '132.6357541102492' 'present']
 ['7' '158.0973016664458' 'present']
 ['4' '203.05747597174417' 'present']
 ['16' '233.12719936973434' 'present']
 ['16' '246.12269574521855' 'marauded']
 ['4' '302.80589826103295' 'present']
 ['7' '305.37067686757666' 'marauded']
 ['4' '307.08031487560635' 'presentdestroyed']
 ['7' '340.65062338072175' 'present']]","[['F54' '49.59801477185133' 'mated']
 ['F185' '60.866427324024976' 'mated']
 ['F213' '88.97980389255464' 'mated']
 ['F50' '143.525895258957' 'mated']
 ['F208' '202.62663278879077' 'mated']
 ['F184' '229.8190973031573' 'absent']
 ['F192' '249.786843161344' 'absentdestroyed']
 ['F158' '305.6952656838403' 'destroyed']
 ['F170' '332.78088316502493' 'mated']]",300.0,200.0,560.0,69.26325944927414,14.035586955415015,1584.0,270.1333770435155,57.871759684723486,101.0,18.213311008370525,3.984471398706141,16.0,1.6000000000000003,0.1600000000000001,88.0,0.856927172418559,0.009173525377229088
15,0.0,6,360.2371323529948,"[['4' '9.471262618946565' 'present']
 ['16' '33.97226362422111' 'present']
 ['16' '86.5474980486995' 'present']
 ['16' '91.23806164101373' 'marauded']
 ['16' '126.90820581110972' 'present']
 ['14' '128.98782916733924' 'present']
 ['14' '144.8812958815427' 'present']
 ['4' '151.8489899952401' 'present']
 ['14' '175.12118438166968' 'present']
 ['16' '179.8051187949062' 'marauded']
 ['7' '192.49995693414206' 'marauded']
 ['16' '198.87012676189045' 'presentdestroyed']
 ['16' '219.74520894871512' 'present']
 ['14' '230.09769314174397' 'present']
 ['16' '232.11435416453327' 'present']
 ['14' '237.59788195283045' 'present']
 ['16' '239.516410154119' 'marauded']
 ['7' '250.7594340375613' 'present']
 ['14' '351.39276000680434' 'present']]","[['F214' '39.2486991325103' 'mated']
 ['F96' '118.37943030412787' 'mated']
 ['F174' '127.85889791067572' 'mated']
 ['F144' '153.50455024987278' 'mated']
 ['F76' '156.85237999653066' 'mated']
 ['F173' '224.4956221160103' 'mated']
 ['F131' '245.8328100782801' 'destroyed']]",300.0,300.0,557.0,71.46848160047385,15.338155548815006,1566.0,264.2084662389077,56.721254627107456,147.0,24.4355410352296,5.283149626087322,0.0,0.0,0.0,0.0,0.0,0.0
16,0.054,5,360.12629200086144,"[['14' '4.546604992049119' 'present']
 ['14' '26.270262419164457' 'present']
 ['14' '70.43690231430128' 'present']
 ['14' '87.8670168913737' 'present']
 ['4' '101.66045618520906' 'present']
 ['7' '149.09525048459835' 'present']
 ['4' '329.99644921182403' 'present']
 ['4' '341.42895207889944' 'marauded']
 ['4' '351.6793934278354' 'marauded']]","[['F177' '25.737812863876943' 'mated']
 ['F194' '99.83932076786562' 'absent']
 ['F19' '104.27053254819556' 'absent']
 ['F174' '127.85562426817023' 'absent']
 ['F151' '163.3362911508346' 'absent']
 ['F45' '187.22836870871168' 'absent']
 ['F118' '203.15715869553878' 'mated']
 ['F206' '212.35603545175135' 'absent']
 ['F204' '242.0352261828857' 'mated']
 ['F148' '257.40542084400425' 'absent']
 ['F36' '283.0317271818276' 'mated']
 ['F65' '302.2598212327803' 'mated']]",400.0,0.0,558.0,71.92324873567343,15.671989062582474,1597.0,273.6390502613941,59.30569170100326,66.0,12.118644888528756,2.696892560760388,17.0,1.7000000000000004,0.1700000000000001,82.0,0.7301627946774545,0.007480281207133067
17,0.0,10,360.26152403672523,"[['4' '1.2406061152519159' 'present']
 ['16' '157.38776535730665' 'present']
 ['4' '178.9671105317304' 'present']
 ['14' '184.5936925741004' 'present']
 ['16' '186.4484132674091' 'present']
 ['14' '224.13194810917497' 'present']
 ['16' '241.057686624002' 'present']
 ['14' '257.0575685450358' 'marauded']
 ['7' '259.2744352305631' 'presentdestroyed']
 ['4' '285.54480025638594' 'marauded']
 ['7' '291.95090785210976' 'presentdestroyed']
 ['7' '302.872887019253' 'present']
 ['16' '310.74832507669953' 'present']
 ['7' '342.3807756416196' 'present']]","[['F120' '29.933214618601944' 'absent']
 ['F68' '55.56922981652305' 'mated']
 ['F51' '121.23874820406498' 'mated']
 ['F21' '191.64580827867294' 'mated']
 ['F126' '196.52629739916676' 'mated']
 ['F100' '210.33701683662218' 'mated']
 ['F52' '237.00899923031184' 'mated']
 ['F150' '242.77187781683446' 'mated']
 ['F5' '243.16470561748244' 'mated']
 ['F7' '270.48863521822625' 'mated']
 ['F104' '289.1399794434816' 'destroyed']
 ['F92' '303.775080750412' 'mated']]",400.0,100.0,568.0,65.67981114821747,12.56385886399084,1640.0,282.3853875228943,60.93452949503814,60.0,12.071730133894777,2.942154025600373,0.0,0.0,0.0,0.0,0.0,0.0
18,0.0,10,360.1690353577957,"[['7' '17.730553525296884' 'present']
 ['7' '31.57647513196141' 'present']
 ['16' '72.70903819167799' 'present']
 ['14' '136.0425180651937' 'present']
 ['4' '151.34876998365684' 'present']
 ['16' '157.84395586380043' 'present']
 ['16' '208.04070210862832' 'present']
 ['16' '222.52992458915082' 'present']
 ['4' '230.7114422692245' 'present']
 ['16' '311.148768437324' 'present']
 ['14' '356.83251341660105' 'present']]","[['F172' '37.57358453626673' 'mated']
 ['F15' '137.94630552754475' 'mated']
 ['F88' '144.33333662548978' 'mated']
 ['F16' '172.24592761350382' 'absent']
 ['F49' '178.1296543777419' 'mated']
 ['F14' '218.0666084780507' 'mated']
 ['F61' '221.5930883992866' 'mated']
 ['F9' '238.78674227473164' 'mated']
 ['F0' '269.9525322250943' 'mated']
 ['F127' '295.4287596730443' 'mated']
 ['F134' '307.96514901989616' 'mated']
 ['F94' '311.5179342946714' 'absent']
 ['F183' '312.0716040681909' 'absent']]",400.0,200.0,565.0,69.16246529356627,14.586900030067316,1698.0,290.8594094213252,62.51071913291926,0.0,0.0,0.0,0.0,0.0,0.0,0.0,0.0,0.0
19,0.0,6,360.4937507665907,"[['7' '75.44834095453355' 'present']
 ['4' '99.04914840800002' 'marauded']
 ['7' '104.41800575129619' 'presentdestroyed']
 ['4' '121.23256702211035' 'present']
 ['16' '154.44094086609812' 'present']
 ['4' '159.54746609179887' 'present']
 ['7' '226.9179415878048' 'marauded']
 ['7' '235.9806281649714' 'marauded']
 ['16' '253.02330135591993' 'present']
 ['14' '297.61120976527087' 'present']
 ['7' '327.8857023921898' 'present']
 ['7' '347.2158041885037' 'present']
 ['14' '354.4761390121839' 'marauded']]","[['F122' '84.33686093022436' 'mated']
 ['F157' '102.26180812811661' 'destroyed']
 ['F48' '110.8061216152796' 'absent']
 ['F33' '123.55191313246978' 'mated']
 ['F13' '162.17742870825376' 'mated']
 ['F40' '190.03104670906174' 'mated']
 ['F168' '206.22494120805086' 'absent']
 ['F9' '238.78442745991683' 'destroyed']
 ['F55' '249.1247228807353' 'mated']
 ['F178' '319.01845023684274' 'mated']]",400.0,300.0,569.0,72.06491031474421,15.050988488351667,1543.0,265.11086980065636,56.72205428017887,144.0,22.854757807713018,4.694270588642066,0.0,0.0,0.0,0.0,0.0,0.0
20,0.0,10,360.4237389960403,"[['4' '53.52924707065546' 'present']
 ['16' '99.32718543562571' 'present']
 ['16' '100.09355012024777' 'present']
 ['7' '144.83292660156923' 'present']
 ['7' '147.05104756550185' 'present']
 ['4' '169.42005826921667' 'present']
 ['4' '172.87573644744418' 'marauded']
 ['14' '211.6231215995936' 'present']
 ['16' '255.28929235341693' 'present']
 ['16' '264.5003410277999' 'present']
 ['16' '289.8639635317187' 'marauded']
 ['4' '303.531016450278' 'present']
 ['7' '326.01875387007755' 'present']]","[['F71' '56.568687431371046' 'mated']
 ['F194' '99.84163558268042' 'mated']
 ['F155' '103.89288406086081' 'mated']
 ['F203' '108.37436621478449' 'mated']
 ['F35' '135.71030850133803' 'mated']
 ['F129' '163.85936831927685' 'mated']
 ['F166' '193.68087308454088' 'mated']
 ['F179' '202.72241644540395' 'mated']
 ['F211' '215.94109980595272' 'absent']
 ['F53' '217.30566756821187' 'mated']
 ['F66' '265.3697870827302' 'mated']]",500.0,0.0,548.0,69.63568883690495,14.741088706806446,1619.0,278.2829526707282,60.58888020666815,75.0,12.095865949748571,2.436799274577349,0.0,0.0,0.0,0.0,0.0,0.0
21,0.0,8,360.255183738647,"[['14' '7.138112223197905' 'present']
 ['4' '23.759498723241556' 'present']
 ['4' '88.59441508554828' 'present']
 ['16' '106.41834646479514' 'marauded']
 ['7' '113.15199705898641' 'destroyed']
 ['16' '150.59167893415045' 'present']
 ['7' '152.94864407793756' 'present']
 ['16' '158.7230324477178' 'present']
 ['16' '215.24222903185228' 'marauded']
 ['16' '217.31290871464387' 'presentdestroyed']
 ['14' '236.56819494243194' 'present']
 ['7' '240.3147910386134' 'present']
 ['14' '259.1611188570066' 'present']
 ['4' '279.213494822923' 'marauded']
 ['7' '295.4232563669107' 'present']
 ['4' '303.54082216318886' 'present']
 ['16' '336.71269945909' 'present']
 ['16' '340.06524776035053' 'present']]","[['F207' '69.05138732928819' 'mated']
 ['F59' '122.73962874264524' 'mated']
 ['F73' '122.7621381536412' 'mated']
 ['F23' '131.95631444446587' 'mated']
 ['F90' '144.01599986153926' 'mated']
 ['F13' '162.16452016375715' 'absent']
 ['F159' '173.44641568475356' 'mated']
 ['F45' '187.2250950662062' 'absent']
 ['F45' '187.23164235121718' 'absent']
 ['F75' '190.3839638696811' 'mated']
 ['F83' '287.8320901884291' 'mated']
 ['F158' '305.70044176712156' 'absent']]",500.0,100.0,582.0,69.19312321655157,13.790149533979468,1614.0,272.2528001837659,58.09456222843621,99.0,18.583374393757456,4.192173502462866,0.0,0.0,0.0,0.0,0.0,0.0
22,0.0,7,359.9644503958339,"[['14' '11.230724034419689' 'present']
 ['7' '16.96317284809779' 'present']
 ['7' '32.08826589296044' 'marauded']
 ['14' '54.841924432901045' 'present']
 ['4' '103.94145379337711' 'present']
 ['4' '149.85849989040943' 'marauded']
 ['4' '178.78872871786461' 'present']
 ['14' '179.78176961814953' 'marauded']
 ['7' '204.83542514534307' 'marauded']
 ['7' '211.27624011607907' 'presentdestroyed']
 ['7' '224.89258832050623' 'present']
 ['14' '228.88826610208318' 'present']
 ['14' '258.36082298036774' 'present']
 ['16' '263.26866362696177' 'present']
 ['4' '269.1930364684004' 'present']
 ['4' '270.17800205259545' 'present']
 ['14' '288.83466816883396' 'present']
 ['4' '301.5848766321854' 'present']
 ['14' '321.5454909910698' 'present']
 ['14' '340.1910834207368' 'present']
 ['7' '345.64552583209263' 'marauded']
 ['14' '357.2351459284587' 'present']]","[['F116' '3.9338001889410426' 'mated']
 ['F172' '37.56108836580916' 'destroyed']
 ['F156' '75.98836429754132' 'mated']
 ['F48' '110.80939525778508' 'mated']
 ['F176' '152.4264254045003' 'absentdestroyed']
 ['F25' '185.78604461664352' 'destroyed']
 ['F86' '190.81270103907556' 'mated']
 ['F190' '241.40548591506803' 'mated']
 ['F99' '311.56910523083644' 'mated']
 ['F210' '334.78120661239404' 'mated']]",500.0,200.0,561.0,70.08537952280568,14.727689732156804,1529.0,259.28122172585563,56.05691177587031,186.0,30.667646360264374,6.44154519036477,0.0,0.0,0.0,0.0,0.0,0.0
23,0.0,7,360.82160613778314,"[['7' '45.772864675068675' 'present']
 ['4' '57.23239959770612' 'marauded']
 ['7' '61.493638288781604' 'presentdestroyed']
 ['14' '78.24205882983708' 'present']
 ['16' '83.95075891660481' 'present']
 ['16' '127.40895166950497' 'present']
 ['16' '152.27255010626882' 'marauded']
 ['16' '152.8881466154554' 'presentdestroyed']
 ['4' '238.135101651094' 'present']
 ['14' '279.6890290434488' 'marauded']
 ['4' '316.1859801688107' 'present']]","[['F197' '21.532808072522815' 'mated']
 ['F191' '41.66419689283408' 'mated']
 ['F145' '101.02883745889127' 'absent']
 ['F157' '102.26412294293142' 'mated']
 ['F215' '158.26646424053413' 'destroyed']
 ['F97' '164.1243211046099' 'mated']
 ['F208' '202.61501296277726' 'absent']
 ['F206' '212.35930909425684' 'mated']
 ['F67' '239.72951411684883' 'mated']
 ['F36' '283.0284535393221' 'destroyed']
 ['F4' '300.55344032088584' 'mated']
 ['F99' '311.5592995179256' 'absent']]",500.0,300.0,566.0,73.04904410845,15.221339746484622,1556.0,268.5559103331156,58.73465820500826,107.0,18.417176646865677,3.998997767033244,0.0,0.0,0.0,0.0,0.0,0.0
