id,probability_maraud,successful_mating,next_foraging_time,mar_attempts,mate_attempts,x_pos,y_pos,foraging_events,foraging_hrs,foraging_sqhrs,staying_events,staying_hrs,staying_sqhrs,repairing_events,repairing_hrs,repairing_sqhrs,marauding_events,marauding_hrs,marauding_sqhrs,traveling_events,traveling_hrs,traveling_sqhrs
0,0.0,5,360.2895609631038,"[['8' '5.068459044238071' 'present']
 ['17' '6.716861551427447' 'present']
 ['5' '9.236543793915008' 'present']
 ['21' '19.567787433294047' 'marauded']
 ['5' '25.849974624461005' 'presentdestroyed']
 ['21' '29.888416703699757' 'marauded']
 ['21' '31.31609102906429' 'presentdestroyed']
 ['21' '52.57479377552896' 'present']
 ['21' '84.39263845537688' 'present']
 ['8' '94.88267131426892' 'marauded']
 ['5' '109.72601564608877' 'present']
 ['21' '121.70298497261756' 'present']
 ['5' '163.1065537734045' 'present']
 ['8' '163.39885043041835' 'marauded']
 ['21' '169.1350775435299' 'presentdestroyed']
 ['3' '184.7465193948622' 'present']
 ['8' '186.8084495057214' 'present']
 ['21' '192.1089600150936' 'present']
 ['21' '195.802880067569' 'marauded']
 ['21' '196.3204276035301' 'destroyed']
 ['21' '198.7544647571026' 'presentdestroyed']
 ['5' '199.25988011602874' 'presentdestroyed']
 ['17' '201.5083937664307' 'presentdestroyed']
 ['8' '228.79651301797543' 'present']
 ['21' '229.98907476816166' 'present']
 ['3' '232.82528618307424' 'marauded']
 ['21' '248.2437461952484' 'present']
 ['5' '252.54108654621416' 'present']
 ['5' '299.17930632938777' 'present']
 ['8' '300.6290870244786' 'marauded']
 ['21' '303.8271921786504' 'presentdestroyed']
 ['21' '314.35490477224386' 'marauded']
 ['21' '333.1355612055591' 'present']
 ['21' '334.8828729059277' 'present']
 ['21' '351.2497875637328' 'marauded']
 ['5' '352.78006380815856' 'presentdestroyed']
 ['8' '358.4036281105747' 'presentdestroyed']]","[['F180' '122.02025902504768' 'absent']
 ['F49' '131.14366387668392' 'absent']
 ['F140' '143.05527108905162' 'mated']
 ['F14' '186.07588422753958' 'mated']
 ['F166' '217.7115737767413' 'absent']
 ['F39' '264.82838955220234' 'mated']
 ['F10' '286.7285784607557' 'mated']
 ['F188' '334.0454754305564' 'mated']]",0.0,0.0,564.0,71.20200140259392,14.802664567186284,1383.0,234.02774852628596,50.00740436912688,326.0,54.87217297950678,11.55635365283182,0.0,0.0,0.0,0.0,0.0,0.0
1,0.0,11,360.3357633628241,"[['14' '2.874691341498243' 'marauded']
 ['8' '11.06548400111255' 'marauded']
 ['8' '13.6859235993086' 'presentdestroyed']
 ['13' '31.71674021831695' 'present']
 ['14' '33.53117292812478' 'present']
 ['13' '38.340002890508174' 'marauded']
 ['12' '45.164676619807985' 'present']
 ['12' '47.56275948316327' 'marauded']
 ['14' '54.93191250886636' 'present']
 ['14' '57.52933543072664' 'marauded']
 ['13' '79.55026971800856' 'present']
 ['14' '85.30351263643657' 'present']
 ['12' '92.62680307181186' 'present']
 ['12' '113.68260145211725' 'present']
 ['9' '132.31297580490855' 'present']
 ['13' '134.71711957493983' 'present']
 ['12' '167.51537056578218' 'marauded']
 ['13' '168.5120021877796' 'presentdestroyed']
 ['12' '171.12204708421586' 'presentdestroyed']
 ['13' '178.1823013097404' 'present']
 ['14' '184.96202697304426' 'present']
 ['13' '200.3156066816102' 'present']
 ['13' '203.32693349838053' 'present']
 ['13' '204.32906207965164' 'present']
 ['14' '209.0698765503295' 'present']
 ['13' '217.27632828321762' 'marauded']
 ['12' '218.30819708252503' 'presentdestroyed']
 ['9' '237.59461325349352' 'present']
 ['13' '245.23721542082083' 'present']
 ['14' '248.51063091106488' 'present']
 ['12' '256.2959409431644' 'present']
 ['13' '257.46677661085414' 'marauded']
 ['12' '265.6176705422513' 'present']
 ['12' '284.6569532038311' 'present']
 ['13' '286.13733904979387' 'present']
 ['8' '307.193215651249' 'present']
 ['13' '311.1302389589463' 'present']
 ['13' '321.35888709213054' 'present']
 ['14' '333.0466883889958' 'present']
 ['9' '348.0802143570995' 'marauded']
 ['13' '349.69363011865573' 'presentdestroyed']
 ['8' '353.96649151965164' 'presentdestroyed']
 ['14' '354.5229193582828' 'presentdestroyed']
 ['14' '358.2691978288838' 'present']
 ['12' '358.7770355860622' 'present']
 ['12' '359.4861039863287' 'present']]","[['F43' '70.76408343731987' 'mated']
 ['F197' '91.00400559548555' 'mated']
 ['F85' '115.87369588161769' 'mated']
 ['F71' '118.16986096931092' 'mated']
 ['F97' '147.3223144765969' 'mated']
 ['F168' '165.72821148519614' 'mated']
 ['F67' '177.6329716247154' 'mated']
 ['F82' '187.5495256843312' 'mated']
 ['F160' '201.97331976587859' 'mated']
 ['F194' '209.4755149047778' 'mated']
 ['F166' '217.72794198926874' 'destroyed']
 ['F112' '222.81016146007366' 'destroyed']
 ['F123' '227.3692963374914' 'mated']
 ['F39' '264.81202133967486' 'destroyed']]",0.0,500.0,563.0,68.27141771973584,14.430644037317077,1389.0,236.68567305000533,50.653759062456494,330.0,55.1107278417206,11.716277269997006,0.0,0.0,0.0,0.0,0.0,0.0
2,0.054,6,360.26625014959376,"[['8' '4.810868232669135' 'present']
 ['7' '17.150757759142223' 'present']
 ['7' '17.575288233942334' 'marauded']
 ['8' '50.73837477840756' 'present']
 ['18' '54.10571709275755' 'present']
 ['7' '54.92622883591398' 'marauded']
 ['7' '58.01858975624889' 'destroyed']
 ['7' '58.89362988446656' 'destroyed']
 ['8' '81.16827506542515' 'present']
 ['7' '82.17268740333817' 'present']
 ['8' '83.35473635762361' 'present']
 ['8' '90.27656256823094' 'present']
 ['18' '90.78688243021351' 'present']
 ['18' '99.81115585117871' 'present']
 ['7' '106.34987092051774' 'present']
 ['18' '113.74465244980608' 'marauded']
 ['18' '114.01381887633028' 'presentdestroyed']
 ['7' '131.51445324632456' 'marauded']
 ['8' '132.73573510675052' 'destroyed']
 ['8' '138.87465390547686' 'present']
 ['7' '144.50634578495405' 'present']
 ['7' '147.99816916777075' 'present']
 ['18' '159.61518129778284' 'present']
 ['18' '161.51610778085666' 'present']
 ['7' '161.6231563602374' 'present']
 ['18' '164.57212953161797' 'marauded']
 ['18' '173.83564370371596' 'present']
 ['18' '175.10665733062575' 'marauded']
 ['7' '187.6364751550846' 'present']
 ['18' '190.14045012328492' 'present']
 ['8' '195.5579116814113' 'present']
 ['8' '201.18729520674358' 'present']
 ['18' '210.89704111747264' 'present']
 ['8' '211.31270242489072' 'present']
 ['9' '211.53373362777165' 'present']
 ['7' '218.06215663599102' 'marauded']
 ['7' '218.43485070540365' 'presentdestroyed']
 ['7' '228.58485746562562' 'present']
 ['8' '230.44104457496132' 'present']
 ['7' '231.918782575175' 'present']
 ['18' '237.66125049648656' 'marauded']
 ['7' '242.73505211937302' 'presentdestroyed']
 ['18' '246.9705935103526' 'present']
 ['18' '249.67366055393086' 'present']
 ['18' '254.04553955792693' 'marauded']
 ['18' '255.28158045332762' 'destroyed']
 ['7' '255.97674167724523' 'presentdestroyed']
 ['3' '256.578755814705' 'destroyed']
 ['7' '267.0608832148178' 'present']
 ['7' '269.620930959217' 'present']
 ['7' '276.90607358430054' 'marauded']
 ['18' '277.21537345995046' 'presentdestroyed']
 ['7' '279.19613161942874' 'destroyed']
 ['3' '305.27804147123396' 'marauded']
 ['18' '305.8618752860396' 'presentdestroyed']
 ['7' '309.07151161640815' 'presentdestroyed']
 ['7' '312.2978788743133' 'presentdestroyed']
 ['7' '318.1743165569564' 'present']
 ['18' '325.5107189243698' 'present']
 ['8' '330.60901852111135' 'present']
 ['18' '335.82368928717483' 'marauded']
 ['7' '336.6183891298813' 'presentdestroyed']
 ['18' '341.4800197333365' 'presentdestroyed']
 ['18' '345.97209393858594' 'marauded']
 ['18' '353.16812234442733' 'destroyed']
 ['3' '353.23162111190356' 'presentdestroyed']]","[['F208' '29.62364935163562' 'mated']
 ['F132' '55.48617713505112' 'destroyed']
 ['F132' '55.52569349572674' 'destroyed']
 ['F143' '107.48728973836133' 'mated']
 ['F28' '183.37251555158892' 'mated']
 ['F141' '212.84728297784963' 'mated']
 ['F154' '225.06942611658548' 'absentdestroyed']
 ['F54' '233.47915457478175' 'absent']
 ['F100' '247.6885895578075' 'mated']
 ['F51' '331.0592597444049' 'mated']]",0.0,1000.0,563.0,71.83067135341848,15.360892118405536,1208.0,206.03667001412865,44.39325709193285,474.0,79.69654669905162,16.735195077306255,8.0,0.7999999999999999,0.08000000000000002,64.0,1.7043383564344787,0.04768947187928667
3,0.054,5,360.1227922211343,"[['2' '0.8399077368827175' 'present']
 ['14' '20.82844838662205' 'present']
 ['8' '24.09094583579263' 'present']
 ['8' '27.80998064337462' 'marauded']
 ['16' '30.72094080418187' 'destroyed']
 ['16' '40.706758335494314' 'marauded']
 ['16' '46.980717465809434' 'presentdestroyed']
 ['14' '70.31599347087995' 'present']
 ['16' '75.11934946176181' 'present']
 ['16' '79.16023037939499' 'marauded']
 ['8' '86.30841277282123' 'presentdestroyed']
 ['14' '91.40256093623833' 'present']
 ['16' '96.58124305508926' 'present']
 ['16' '114.1315780696521' 'marauded']
 ['16' '117.6180956716208' 'destroyed']
 ['8' '129.35722383081358' 'present']
 ['8' '129.98148805248096' 'present']
 ['16' '138.37811301879407' 'present']
 ['16' '138.41084944384897' 'present']
 ['12' '147.45783299954934' 'present']
 ['16' '154.4749579890605' 'present']
 ['14' '169.60805142551988' 'present']
 ['14' '170.89387318229714' 'present']
 ['14' '175.15079969364788' 'present']
 ['9' '183.24655274671733' 'present']
 ['2' '186.6100743180273' 'present']
 ['14' '202.02858869789685' 'marauded']
 ['8' '202.5030698583929' 'presentdestroyed']
 ['13' '207.21197618140258' 'presentdestroyed']
 ['14' '209.40249955268658' 'present']
 ['14' '222.81440133114972' 'present']
 ['8' '230.91728857597562' 'present']
 ['2' '235.76209478628874' 'marauded']
 ['16' '236.85747818928942' 'presentdestroyed']
 ['16' '240.03837810442027' 'destroyed']
 ['2' '250.03701930049704' 'present']
 ['16' '250.7024887310683' 'present']
 ['2' '251.30280829774495' 'present']
 ['16' '260.01840475685935' 'present']
 ['16' '264.94421203426816' 'present']
 ['16' '271.6984638326282' 'present']
 ['16' '280.19292890018085' 'present']
 ['16' '292.5797768922546' 'present']
 ['7' '314.08963346709237' 'present']
 ['8' '318.3825256295172' 'present']
 ['13' '320.15894116006166' 'marauded']
 ['14' '325.3722899229313' 'presentdestroyed']
 ['8' '332.0731043170428' 'present']
 ['16' '340.5017354007959' 'present']
 ['14' '354.3449705959936' 'present']]","[['F132' '55.50254534757859' 'absent']
 ['F132' '67.57000399485575' 'mated']
 ['F174' '169.50699465765092' 'mated']
 ['F31' '189.4847626537135' 'mated']
 ['F80' '206.17445109029322' 'destroyed']
 ['F210' '251.73950154821236' 'absent']
 ['F1' '286.30037084873743' 'mated']
 ['F73' '296.96825409780155' 'absent']
 ['F73' '296.9914022459497' 'absent']
 ['F75' '308.2867448695776' 'mated']]",0.0,1500.0,562.0,70.86398462125771,14.550042898960527,1413.0,243.4451527492817,52.65057338875207,254.0,42.752961611956884,9.162837133392086,10.0,0.9999999999999999,0.10000000000000003,74.0,2.01341041112783,0.05947788065843617
4,0.0,16,360.0239349358334,"[['20' '7.300397391205866' 'present']
 ['9' '20.28332666705078' 'present']
 ['20' '29.71950608425621' 'present']
 ['18' '41.442066538139734' 'marauded']
 ['20' '47.95267284071694' 'destroyed']
 ['7' '49.12200238260128' 'present']
 ['7' '58.179011290153205' 'present']
 ['14' '63.99516547672356' 'present']
 ['20' '70.8120828343588' 'present']
 ['20' '71.68203354653583' 'marauded']
 ['20' '75.80320874510723' 'presentdestroyed']
 ['20' '85.43414283264018' 'marauded']
 ['13' '94.58907634837428' 'marauded']
 ['20' '106.19516655662763' 'present']
 ['13' '112.92025645612449' 'present']
 ['20' '120.29929590456025' 'present']
 ['18' '138.52453673896872' 'present']
 ['20' '138.7633929288756' 'present']
 ['20' '143.65690414706344' 'marauded']
 ['13' '149.71209155012303' 'presentdestroyed']
 ['13' '155.7028942956208' 'marauded']
 ['20' '155.70818221577832' 'destroyed']
 ['13' '159.46200613347935' 'presentdestroyed']
 ['13' '161.0627241551577' 'presentdestroyed']
 ['20' '167.48374481758546' 'present']
 ['7' '168.98858554876088' 'present']
 ['13' '177.05699141142702' 'present']
 ['20' '179.65535596629556' 'present']
 ['20' '180.4087459454617' 'present']
 ['13' '184.62146383991356' 'present']
 ['21' '185.41035501432341' 'present']
 ['20' '195.94109074605566' 'present']
 ['7' '203.68886975847133' 'marauded']
 ['20' '205.70334526853497' 'presentdestroyed']
 ['21' '208.16412998037748' 'presentdestroyed']
 ['20' '209.9747406516778' 'destroyed']
 ['20' '227.64992120612325' 'marauded']
 ['7' '232.8176540169617' 'destroyed']
 ['3' '254.0621424611745' 'present']
 ['5' '255.13436922218855' 'present']
 ['7' '260.31620013668913' 'present']
 ['13' '260.8983040390836' 'present']
 ['7' '261.36943578873655' 'present']
 ['20' '276.66632536517415' 'present']
 ['20' '276.69441873169137' 'present']
 ['18' '276.93217242573235' 'present']
 ['14' '283.4149254468722' 'present']
 ['13' '290.74439533643135' 'present']
 ['13' '300.56566248603326' 'present']
 ['7' '302.59975720458004' 'present']
 ['18' '306.17718403493' 'present']
 ['20' '322.4167724909087' 'marauded']
 ['20' '327.9222606309875' 'presentdestroyed']
 ['20' '331.87428533624967' 'present']
 ['20' '336.6498591247861' 'present']
 ['20' '340.05555080607746' 'present']
 ['20' '347.94798059709507' 'present']
 ['20' '359.6316539812511' 'present']]","[['F186' '8.459731120331153' 'absent']
 ['F138' '74.3449020244226' 'destroyed']
 ['F15' '106.38290597692885' 'mated']
 ['F4' '142.69099850472819' 'mated']
 ['F108' '164.81809104654994' 'mated']
 ['F20' '170.12285274859425' 'mated']
 ['F146' '183.55033419178903' 'mated']
 ['F187' '183.60229301997435' 'mated']
 ['F115' '186.0730260942094' 'mated']
 ['F120' '187.24027926383818' 'mated']
 ['F96' '188.00248344502256' 'mated']
 ['F101' '213.6545926520224' 'mated']
 ['F77' '214.97358508017336' 'mated']
 ['F103' '250.3296808219316' 'absent']
 ['F167' '254.39655230147687' 'mated']
 ['F83' '255.42849736839375' 'mated']
 ['F207' '290.6794171785518' 'mated']
 ['F18' '304.9400052196755' 'mated']
 ['F76' '340.127794682829' 'mated']]",500.0,0.0,562.0,67.28586938100729,13.281039473949042,1393.0,237.71691356690786,51.95049678075859,327.0,55.025991232296285,11.616970494685264,0.0,0.0,0.0,0.0,0.0,0.0
5,0.054,8,360.37861646470634,"[['16' '4.226234779362622' 'present']
 ['21' '4.286167296221221' 'present']
 ['21' '5.489442118079656' 'present']
 ['16' '10.815638848130698' 'marauded']
 ['18' '11.453490392630261' 'presentdestroyed']
 ['21' '33.60922802432125' 'marauded']
 ['21' '38.88234557408246' 'presentdestroyed']
 ['16' '44.43960437537928' 'present']
 ['21' '45.997072909348134' 'marauded']
 ['16' '46.16036253271988' 'presentdestroyed']
 ['21' '46.417109009613235' 'presentdestroyed']
 ['16' '58.57463909866511' 'present']
 ['16' '61.767020268205684' 'present']
 ['18' '64.16573039985799' 'present']
 ['18' '78.72686494942056' 'present']
 ['16' '82.46938379517594' 'present']
 ['18' '88.9628171444359' 'present']
 ['18' '90.1597647452583' 'present']
 ['16' '92.84222052689012' 'present']
 ['18' '93.80096508324175' 'present']
 ['21' '97.36012307638616' 'marauded']
 ['18' '116.40156317684097' 'marauded']
 ['16' '123.6914848920181' 'presentdestroyed']
 ['21' '136.01352051326933' 'marauded']
 ['16' '140.08053548925193' 'presentdestroyed']
 ['21' '147.82997017915235' 'marauded']
 ['16' '160.54430693884592' 'present']
 ['18' '165.92066768721375' 'present']
 ['16' '168.3955469762634' 'marauded']
 ['16' '174.12291077382082' 'presentdestroyed']
 ['21' '181.34926781460942' 'present']
 ['16' '183.0274425525907' 'present']
 ['21' '185.24777153256144' 'present']
 ['21' '192.72676398707358' 'present']
 ['18' '197.13800277158998' 'present']
 ['21' '201.85306290664715' 'present']
 ['21' '209.1385242066431' 'marauded']
 ['18' '209.3504147982501' 'destroyed']
 ['16' '215.6239512659295' 'presentdestroyed']
 ['18' '222.87966220238064' 'present']
 ['17' '229.41145658572603' 'present']
 ['16' '231.28826924318986' 'marauded']
 ['21' '236.7219685129224' 'presentdestroyed']
 ['16' '248.18930134558448' 'present']
 ['21' '253.14331715505665' 'present']
 ['8' '264.22580561292244' 'present']
 ['16' '270.48098816471185' 'present']
 ['21' '273.4714538439115' 'present']
 ['21' '274.68190155981495' 'present']
 ['16' '283.04019484101434' 'present']
 ['18' '286.55412560306644' 'marauded']
 ['18' '291.10077944258774' 'presentdestroyed']
 ['16' '296.2505213273712' 'present']
 ['8' '297.1457647511551' 'present']
 ['16' '301.50831312442375' 'present']
 ['21' '301.852392563256' 'present']
 ['18' '320.4860434473486' 'present']
 ['18' '324.3348585610543' 'present']
 ['21' '327.6263032244156' 'marauded']
 ['17' '332.6481926146492' 'presentdestroyed']
 ['16' '344.71133877881056' 'present']
 ['18' '345.6527652624425' 'present']
 ['17' '352.1631697833984' 'present']
 ['18' '355.7752203919876' 'present']]","[['F203' '9.72208061688945' 'mated']
 ['F138' '74.30265339548887' 'absent']
 ['F117' '100.09273692365612' 'destroyed']
 ['F180' '122.0086849509736' 'destroyed']
 ['F60' '154.63311996058044' 'destroyed']
 ['F19' '180.5642431014435' 'mated']
 ['F124' '185.64194506437894' 'mated']
 ['F92' '210.18613741887714' 'destroyed']
 ['F166' '217.67685155451906' 'absent']
 ['F166' '217.6999997026672' 'absent']
 ['F122' '229.50262036860812' 'mated']
 ['F16' '258.8404703600213' 'mated']
 ['F105' '260.54289107062533' 'mated']
 ['F8' '273.4728077905255' 'mated']
 ['F113' '349.0966943427343' 'mated']]",500.0,500.0,562.0,71.5380278436641,14.93301487132376,1249.0,211.81750150183504,45.438306926561125,428.0,73.81190488959838,15.911070588609167,11.0,1.0999999999999999,0.11000000000000004,73.0,2.0178384436304295,0.05947788065843617
6,0.0,15,360.5509999734127,"[['18' '7.313106648472129' 'marauded']
 ['18' '7.485251365562978' 'presentdestroyed']
 ['18' '11.747885514079725' 'presentdestroyed']
 ['18' '27.116187927205637' 'present']
 ['7' '28.978805360691194' 'present']
 ['18' '34.092308320443735' 'present']
 ['18' '43.41983457391378' 'present']
 ['18' '47.13806052169604' 'present']
 ['18' '48.951661422152' 'present']
 ['18' '53.18555064709773' 'present']
 ['8' '55.50499778465338' 'present']
 ['18' '57.13555383774118' 'present']
 ['18' '68.06516251493697' 'present']
 ['18' '73.7965515587058' 'present']
 ['18' '75.16200070268425' 'present']
 ['18' '79.44654112843756' 'present']
 ['18' '83.5412831242747' 'present']
 ['18' '85.38231025251571' 'present']
 ['8' '90.23026627193464' 'present']
 ['8' '90.25341442008279' 'present']
 ['18' '90.75894014361197' 'present']
 ['18' '93.74987464849205' 'present']
 ['18' '93.7730227966402' 'present']
 ['18' '105.76677019022392' 'marauded']
 ['18' '107.05766365162695' 'presentdestroyed']
 ['8' '123.86675017488965' 'present']
 ['8' '130.99364705825352' 'marauded']
 ['18' '141.2250326502372' 'present']
 ['18' '144.24416641632394' 'present']
 ['14' '146.0344779493952' 'present']
 ['7' '146.82405432618037' 'present']
 ['14' '148.89260691988946' 'present']
 ['16' '151.62044904499174' 'present']
 ['18' '152.7651646307688' 'present']
 ['18' '153.64173156411096' 'marauded']
 ['18' '161.3050737227563' 'destroyed']
 ['18' '163.30974926057814' 'present']
 ['18' '164.03734803017542' 'present']
 ['18' '166.3787530725871' 'present']
 ['18' '172.6261504087501' 'present']
 ['18' '176.43137422581287' 'present']
 ['14' '176.57802067791292' 'marauded']
 ['18' '184.77986128573528' 'present']
 ['18' '191.05025386396736' 'present']
 ['18' '192.57690302872447' 'present']
 ['8' '192.63719245303477' 'present']
 ['18' '194.88971520729174' 'present']
 ['18' '197.11006048498845' 'present']
 ['18' '201.98206697789234' 'marauded']
 ['18' '219.32203874245394' 'present']
 ['18' '220.46588563358787' 'present']
 ['17' '226.04373381070295' 'present']
 ['18' '236.4196719272605' 'marauded']
 ['18' '247.40035622465143' 'present']
 ['7' '253.3944024791088' 'present']
 ['18' '253.77826231760858' 'present']
 ['18' '264.3622240307382' 'present']
 ['18' '265.03158022585444' 'present']
 ['14' '266.3605065994121' 'present']
 ['16' '286.0859643951621' 'present']
 ['8' '294.8773627704947' 'present']
 ['18' '300.57164165701687' 'present']
 ['14' '309.95054199861056' 'present']
 ['18' '315.041052540822' 'present']
 ['18' '315.8678911958567' 'present']
 ['17' '323.3465481623039' 'present']
 ['18' '323.6457101535664' 'present']
 ['14' '329.6418880756315' 'present']
 ['14' '333.80728792336384' 'marauded']
 ['18' '339.2268818250678' 'presentdestroyed']
 ['18' '351.68822764644517' 'present']
 ['14' '358.1277236237598' 'present']]","[['F34' '59.010790166322245' 'mated']
 ['F40' '64.05748313031246' 'mated']
 ['F21' '66.12977593167231' 'absent']
 ['F147' '90.05766185677996' 'absent']
 ['F212' '107.1539992934533' 'destroyed']
 ['F126' '107.41109939271382' 'absentdestroyed']
 ['F180' '121.98280453456735' 'absent']
 ['F190' '127.59648161800081' 'mated']
 ['F109' '173.66444028516943' 'mated']
 ['F3' '178.2894716430382' 'destroyed']
 ['F146' '183.53876011771496' 'absentdestroyed']
 ['F187' '183.59071894590028' 'absentdestroyed']
 ['F177' '200.05888379505618' 'mated']
 ['F204' '226.64508506002687' 'mated']
 ['F166' '229.75588427587027' 'mated']
 ['F5' '231.69547986220297' 'mated']
 ['F54' '233.5023027229299' 'mated']
 ['F149' '244.7009454356829' 'mated']
 ['F182' '259.5542379622956' 'mated']
 ['F0' '271.73218125933624' 'absent']
 ['F125' '272.8392489240155' 'mated']
 ['F131' '276.78598441705435' 'absent']
 ['F50' '295.2371526041357' 'mated']
 ['F201' '317.85241814236196' 'mated']
 ['F53' '319.3132386601494' 'mated']
 ['F76' '340.11622060875493' 'destroyed']]",500.0,1000.0,574.0,72.02947981598474,14.55951069297592,1404.0,239.18353309665105,51.616413273026694,296.0,48.803967466919175,10.317281902328904,0.0,0.0,0.0,0.0,0.0,0.0
7,0.054,10,360.20538695453916,"[['2' '3.0699556642439196' 'present']
 ['2' '9.34305602697609' 'present']
 ['9' '16.981150660641664' 'present']
 ['9' '23.11828840643122' 'present']
 ['9' '30.367642511885784' 'present']
 ['9' '47.49237916537324' 'present']
 ['3' '55.49724304765012' 'present']
 ['9' '60.212600125259705' 'present']
 ['9' '66.91703744777202' 'present']
 ['21' '69.05814209021504' 'present']
 ['9' '75.3817509747847' 'present']
 ['2' '75.95399698434612' 'present']
 ['9' '107.18714950067006' 'present']
 ['9' '134.9883439500834' 'present']
 ['2' '144.37632205357608' 'present']
 ['9' '188.0180436247581' 'present']
 ['9' '189.92117413803967' 'present']
 ['2' '190.85020435760987' 'marauded']
 ['2' '197.27595080840211' 'presentdestroyed']
 ['9' '213.9201786508596' 'present']
 ['2' '215.6903500725372' 'present']
 ['9' '287.19962888434236' 'present']
 ['2' '291.2814276760873' 'present']
 ['2' '300.04307166385354' 'present']
 ['9' '310.205796142965' 'present']
 ['17' '320.2371586012777' 'present']
 ['2' '329.0495619072736' 'present']
 ['9' '344.306686389753' 'present']
 ['2' '344.97578317317186' 'marauded']
 ['9' '346.63534039180286' 'presentdestroyed']]","[['F184' '97.29388738486115' 'mated']
 ['F142' '101.24188468070521' 'mated']
 ['F114' '108.4006433729278' 'mated']
 ['F12' '142.35982532465576' 'mated']
 ['F11' '151.15173675706737' 'mated']
 ['F118' '157.29074582714622' 'mated']
 ['F79' '177.68596112206444' 'mated']
 ['F28' '183.36094147751484' 'absent']
 ['F115' '186.05665788168196' 'absent']
 ['F41' '198.58171732765632' 'mated']
 ['F152' '203.31832114300917' 'mated']
 ['F154' '225.08100019065955' 'absent']
 ['F154' '225.1041483388077' 'absent']
 ['F103' '250.34604903445904' 'mated']]",500.0,1500.0,569.0,70.55041422521067,14.223794384890814,1637.0,272.72978981949956,57.99253434396135,75.0,12.08803088628181,2.4974992431561494,19.0,1.9000000000000006,0.1900000000000001,102.0,2.8300458428005584,0.0868055555555556
8,0.054,14,359.9793943380786,"[['13' '0.5112511906988265' 'present']
 ['3' '2.2517409018306753' 'present']
 ['13' '4.767866885811936' 'present']
 ['2' '7.403081086332724' 'present']
 ['13' '19.365606892708026' 'present']
 ['3' '20.691458786239075' 'present']
 ['14' '20.99662187519995' 'present']
 ['2' '34.18181672841872' 'present']
 ['13' '38.58697888429822' 'present']
 ['14' '39.67336783673668' 'marauded']
 ['13' '42.6783155186179' 'presentdestroyed']
 ['14' '45.10029075659006' 'presentdestroyed']
 ['2' '45.33271412302535' 'presentdestroyed']
 ['13' '45.77112703774404' 'presentdestroyed']
 ['13' '46.22959381092691' 'presentdestroyed']
 ['13' '49.18674719431196' 'present']
 ['2' '64.17683554734943' 'present']
 ['3' '71.04537861826766' 'present']
 ['3' '71.16043434627936' 'present']
 ['13' '74.14447456242928' 'present']
 ['2' '81.35865972193916' 'present']
 ['13' '81.49568415815416' 'present']
 ['13' '81.53647993626184' 'present']
 ['18' '94.29033620447208' 'present']
 ['2' '96.41467357831183' 'marauded']
 ['14' '104.7283861003697' 'present']
 ['3' '109.86656642832882' 'marauded']
 ['3' '109.98971457647697' 'destroyed']
 ['13' '111.77706914512243' 'presentdestroyed']
 ['13' '111.80021729327058' 'presentdestroyed']
 ['2' '112.55143797714061' 'presentdestroyed']
 ['14' '127.01626342943578' 'present']
 ['18' '127.28849824976783' 'present']
 ['3' '131.5719140000878' 'present']
 ['3' '135.71177382113385' 'present']
 ['18' '142.35608819608632' 'present']
 ['13' '146.75690428223902' 'present']
 ['14' '148.07889662826167' 'marauded']
 ['2' '148.33386872213157' 'destroyed']
 ['3' '148.95071833652992' 'presentdestroyed']
 ['14' '149.5152185462886' 'presentdestroyed']
 ['13' '153.7529732961098' 'presentdestroyed']
 ['13' '154.09792070277422' 'presentdestroyed']
 ['3' '154.33390949858918' 'presentdestroyed']
 ['14' '154.80827078377942' 'destroyed']
 ['14' '158.87517035566657' 'present']
 ['14' '165.78666451740258' 'present']
 ['13' '167.8043357273116' 'present']
 ['14' '173.27568433345817' 'marauded']
 ['13' '185.76011103226304' 'present']
 ['5' '187.3247351732056' 'present']
 ['14' '189.62553465389647' 'present']
 ['14' '192.8815772198229' 'present']
 ['13' '192.90601727233002' 'present']
 ['2' '201.71482266699337' 'present']
 ['13' '210.14435930316202' 'present']
 ['3' '212.10390235634907' 'marauded']
 ['14' '212.7849573365526' 'presentdestroyed']
 ['13' '213.11976517151402' 'presentdestroyed']
 ['14' '214.96875214777944' 'presentdestroyed']
 ['13' '224.8163560477516' 'present']
 ['3' '229.4589439694247' 'present']
 ['3' '231.5558362610743' 'present']
 ['13' '235.55060249590193' 'present']
 ['14' '239.59481940749896' 'present']
 ['14' '239.89895197671717' 'present']
 ['13' '241.01898776839278' 'marauded']
 ['3' '249.62336369286328' 'present']
 ['3' '250.33186237574253' 'marauded']
 ['3' '250.51366446310308' 'presentdestroyed']
 ['3' '250.8884330415792' 'destroyed']
 ['3' '253.9972344229878' 'presentdestroyed']
 ['3' '255.87686665623934' 'presentdestroyed']
 ['13' '262.2120396424952' 'present']
 ['2' '267.22370325554493' 'present']
 ['13' '269.25307478596204' 'marauded']
 ['2' '273.7150029660731' 'presentdestroyed']
 ['5' '274.12082090464287' 'presentdestroyed']
 ['13' '277.3451285365067' 'present']
 ['13' '278.8923742653457' 'marauded']
 ['13' '281.27908805065266' 'destroyed']
 ['18' '282.0513929089245' 'presentdestroyed']
 ['2' '286.9914597083237' 'marauded']
 ['13' '287.5299677068566' 'presentdestroyed']
 ['13' '289.70320557273465' 'presentdestroyed']
 ['13' '290.68522476400943' 'presentdestroyed']
 ['14' '292.7715637730437' 'destroyed']
 ['13' '294.5088221157124' 'presentdestroyed']
 ['3' '300.484992218908' 'present']
 ['13' '301.7315326726622' 'present']
 ['13' '306.7847517673686' 'present']
 ['14' '308.1237321889874' 'present']
 ['13' '308.3645849994976' 'marauded']
 ['2' '319.10463051923045' 'present']
 ['2' '322.2633250473689' 'marauded']
 ['2' '325.3018487603135' 'presentdestroyed']
 ['14' '326.18610707951063' 'presentdestroyed']
 ['2' '345.15024804173777' 'marauded']
 ['13' '346.95567399432406' 'presentdestroyed']
 ['14' '355.92416460472504' 'present']
 ['2' '359.71460618584865' 'present']]","[['F42' '5.167084468428069' 'mated']
 ['F156' '42.78166882955219' 'absentdestroyed']
 ['F132' '55.514119421652666' 'absent']
 ['F213' '60.672585963435736' 'mated']
 ['F198' '63.47146013726784' 'mated']
 ['F137' '93.59911715902369' 'mated']
 ['F84' '126.01311567472972' 'mated']
 ['F211' '150.7091280878983' 'destroyed']
 ['F7' '153.3567848319196' 'absentdestroyed']
 ['F133' '163.3264426153205' 'mated']
 ['F9' '180.75985539108504' 'mated']
 ['F209' '205.4037027829292' 'mated']
 ['F141' '212.83570890377555' 'destroyed']
 ['F112' '222.8333096082218' 'mated']
 ['F35' '225.99015639154635' 'mated']
 ['F54' '233.49072864885582' 'absent']
 ['F148' '266.04376645343564' 'mated']
 ['F0' '271.72060718526217' 'destroyed']
 ['F72' '276.0829449588766' 'destroyed']
 ['F1' '286.28879677466335' '']
 ['F52' '304.3830346963101' 'mated']
 ['F116' '305.1159271358011' 'mated']
 ['F169' '321.0387661032707' 'mated']
 ['F22' '323.8243904486997' 'destroyed']
 ['F22' '323.8571268737547' 'destroyed']]",1000.0,0.0,563.0,70.675960912754,15.278139900418191,1179.0,200.77123688042175,43.0740708392543,499.0,85.99444181372597,19.080941508300178,8.0,0.7999999999999999,0.08000000000000002,67.0,1.92210782061859,0.060013717421124796
9,0.054,9,360.0769298242539,"[['7' '4.244809513033463' 'present']
 ['7' '27.08854664802136' 'present']
 ['7' '27.688571391155456' 'present']
 ['14' '43.64092346230847' 'present']
 ['7' '47.29239262884727' 'present']
 ['7' '62.64210408213513' 'present']
 ['7' '87.17948868126676' 'marauded']
 ['20' '88.07316649587221' 'presentdestroyed']
 ['7' '101.41083867299838' 'present']
 ['20' '107.94915707247021' 'present']
 ['20' '109.6362062661328' 'present']
 ['12' '119.2341771452139' 'present']
 ['17' '121.0357969048807' 'marauded']
 ['7' '121.44685661515247' 'destroyed']
 ['7' '130.14381790972664' 'present']
 ['7' '134.8174648006544' 'present']
 ['14' '135.07072691096369' 'present']
 ['7' '138.60609168348512' 'marauded']
 ['7' '139.81525704243202' 'presentdestroyed']
 ['14' '141.135852874516' 'presentdestroyed']
 ['7' '149.97396858722448' 'present']
 ['7' '161.72943396470566' 'marauded']
 ['12' '179.9391624926654' 'present']
 ['16' '180.03735686423192' 'present']
 ['7' '181.92759505499868' 'present']
 ['20' '187.20288217200712' 'present']
 ['12' '215.44084332663377' 'present']
 ['20' '226.95261089843194' 'present']
 ['20' '227.47551988349005' 'marauded']
 ['20' '229.84448584500137' 'presentdestroyed']
 ['17' '231.22983895116417' 'presentdestroyed']
 ['7' '235.00535343751' 'present']
 ['20' '239.18110972519557' 'marauded']
 ['16' '248.14978498490888' 'present']
 ['7' '249.20219805794423' 'marauded']
 ['7' '251.63817388651165' 'presentdestroyed']
 ['14' '259.2624927166813' 'present']
 ['14' '265.25484136712566' 'marauded']
 ['12' '266.77657368211305' 'presentdestroyed']
 ['7' '270.0198957990945' 'presentdestroyed']
 ['20' '270.3615703696472' 'presentdestroyed']
 ['14' '271.55297469211075' 'presentdestroyed']
 ['20' '279.2604691403338' 'marauded']
 ['7' '282.75381152721945' 'destroyed']
 ['20' '288.0550868632718' 'marauded']
 ['7' '291.2441843314853' 'presentdestroyed']
 ['20' '294.32050005705537' 'presentdestroyed']
 ['3' '294.6383438677245' 'destroyed']
 ['7' '295.17806462693613' 'presentdestroyed']
 ['20' '295.87537680784845' 'present']
 ['7' '302.0977671889153' 'present']
 ['7' '307.50000539874316' 'present']
 ['7' '317.9395071903988' 'marauded']
 ['20' '319.1650108228402' 'presentdestroyed']
 ['7' '327.7628698430816' 'present']
 ['20' '331.8511371881015' 'present']
 ['3' '332.9784072810303' 'present']
 ['20' '336.5267109766379' 'marauded']
 ['7' '338.19942470469795' 'destroyed']
 ['20' '340.5486332928133' 'presentdestroyed']
 ['7' '341.4987848517734' 'destroyed']
 ['12' '342.33607935527976' 'presentdestroyed']
 ['7' '354.2867740979051' 'present']
 ['20' '354.54732202769463' 'present']
 ['20' '359.300893899414' 'present']]","[['F186' '8.482879268479302' 'mated']
 ['F107' '23.37162806460216' 'mated']
 ['F30' '58.452500002471496' 'mated']
 ['F32' '103.54957804064041' 'mated']
 ['F82' '187.53315747180375' 'absent']
 ['F152' '203.3067470689351' 'absent']
 ['F110' '206.25058282446048' 'absent']
 ['F144' '215.50396614855006' 'mated']
 ['F155' '222.03103465030202' 'mated']
 ['F45' '228.64244526867458' 'absentdestroyed']
 ['F17' '237.11271296677114' 'mated']
 ['F154' '237.11572241288178' 'mated']
 ['F83' '255.4053492202456' 'destroyed']
 ['F153' '284.65182497328607' 'destroyed']
 ['F98' '290.9174651098617' 'destroyed']
 ['F73' '297.01728266235597' 'mated']]",1000.0,500.0,565.0,73.7527056634637,16.350432945143808,1219.0,209.93810446132827,45.59170940707545,419.0,73.3632203782699,16.08434549904928,12.0,1.2,0.12000000000000005,71.0,1.871687783931708,0.05251200274348419
10,0.0,3,360.1617680056471,"[['21' '90.72508185810906' 'present']
 ['8' '91.9634403858316' 'present']
 ['7' '100.9026243965781' 'present']
 ['21' '104.72806249925371' 'present']
 ['7' '107.57723054401036' 'present']
 ['8' '142.14794621239852' 'present']
 ['8' '147.9630868145829' 'present']
 ['7' '157.0671058831634' 'present']
 ['21' '181.5236919441729' 'present']
 ['21' '225.62680562189834' 'present']
 ['8' '227.9674281131491' 'present']
 ['21' '230.68617881649703' 'marauded']
 ['21' '239.54001410581122' 'present']
 ['21' '243.301948824221' 'marauded']
 ['7' '276.00705434632977' 'present']
 ['8' '295.93565602939907' 'present']
 ['21' '315.21462694125455' 'present']
 ['21' '315.6445678263737' 'present']
 ['7' '344.62382119903754' 'present']
 ['8' '356.48458985071994' 'present']
 ['7' '358.7264136814319' 'present']]","[['F156' '42.793242903626265' 'mated']
 ['F21' '66.11340771914485' 'absent']
 ['F95' '123.73884355966554' 'mated']
 ['F205' '147.49748557134757' 'mated']
 ['F0' '271.7090331111881' 'absent']
 ['F116' '305.104353061727' 'absent']]",1000.0,1000.0,564.0,67.04514290918084,12.780152301300607,1670.0,280.77869360471993,60.31183204807032,75.0,12.278245093531721,2.53655734736975,0.0,0.0,0.0,0.0,0.0,0.0
11,0.0,9,359.8374705994709,"[['21' '0.7458934713410293' 'present']
 ['12' '12.366334807004154' 'present']
 ['12' '17.45339160345368' 'present']
 ['2' '17.587054544683703' 'present']
 ['3' '21.259751346161583' 'present']
 ['2' '26.058819982172604' 'marauded']
 ['13' '32.90089622327874' 'presentdestroyed']
 ['7' '33.53750391881823' 'present']
 ['13' '34.00121146008294' 'marauded']
 ['7' '34.09772995090331' 'destroyed']
 ['12' '36.06722699880367' 'destroyed']
 ['21' '36.372625858444515' 'presentdestroyed']
 ['12' '37.3531916601373' 'presentdestroyed']
 ['13' '38.47273931556311' 'destroyed']
 ['7' '39.57700505817703' 'destroyed']
 ['21' '39.786859227075645' 'presentdestroyed']
 ['2' '40.899403613794725' 'destroyed']
 ['12' '42.13973998878989' 'marauded']
 ['3' '49.608152201596084' 'present']
 ['3' '49.64088862665102' 'present']
 ['12' '50.778548182051296' 'marauded']
 ['12' '52.27261272826672' 'presentdestroyed']
 ['7' '57.816168114238565' 'presentdestroyed']
 ['12' '58.2730052749529' 'present']
 ['7' '65.4008460864905' 'present']
 ['18' '69.74423670671064' 'present']
 ['7' '70.93599050554529' 'present']
 ['21' '78.102677322633' 'present']
 ['3' '86.60304317816603' 'present']
 ['21' '88.312518796549' 'marauded']
 ['7' '106.73632986587864' 'marauded']
 ['13' '109.17073687639427' 'presentdestroyed']
 ['7' '113.3242440147731' 'presentdestroyed']
 ['12' '117.93231199995822' 'marauded']
 ['12' '120.70513682767617' 'presentdestroyed']
 ['3' '137.94878636584338' 'marauded']
 ['13' '140.07878166748515' 'presentdestroyed']
 ['13' '141.13252714909126' 'presentdestroyed']
 ['7' '170.10478760654595' 'present']
 ['13' '172.53633966295973' 'present']
 ['7' '177.73352740859974' 'present']
 ['7' '184.078536465158' 'marauded']
 ['13' '184.87398356343513' 'presentdestroyed']
 ['3' '192.93116683899993' 'present']
 ['7' '203.38241696775194' 'present']
 ['12' '211.51273982868804' 'present']
 ['7' '219.83666104655055' 'marauded']
 ['7' '222.6654096272065' 'presentdestroyed']
 ['7' '227.15215104210827' 'marauded']
 ['21' '233.96258620787506' 'presentdestroyed']
 ['7' '239.40948432944964' 'present']
 ['13' '245.02697740094152' 'present']
 ['21' '253.60811811893254' 'present']
 ['12' '266.7486313955115' 'present']
 ['13' '270.3894079180344' 'present']
 ['2' '272.1571142684513' 'present']
 ['12' '275.03752282081064' 'present']
 ['12' '286.90333339126397' 'present']
 ['13' '291.05615484838233' 'present']
 ['7' '294.0347550977508' 'marauded']
 ['2' '298.70532386026207' 'presentdestroyed']
 ['12' '301.4431660828692' 'destroyed']
 ['21' '302.14156926714804' 'present']
 ['3' '304.50616448101755' 'present']
 ['13' '309.17868128322647' 'present']
 ['21' '313.89728877320994' 'present']
 ['7' '320.8097936915033' 'present']
 ['13' '324.96324444700105' 'marauded']
 ['7' '327.73972169493345' 'presentdestroyed']
 ['2' '333.7228755381802' 'present']
 ['13' '335.1562993392122' 'marauded']
 ['3' '337.99912652680865' 'presentdestroyed']
 ['7' '339.26070601707784' 'destroyed']
 ['7' '341.47563670362524' 'presentdestroyed']
 ['7' '344.96803589641956' 'present']
 ['7' '353.4027292125108' 'present']
 ['12' '354.26338728335395' 'present']]","[['F202' '53.136489180993024' 'absentdestroyed']
 ['F99' '73.54228912978182' 'mated']
 ['F197' '90.99243152141148' 'destroyed']
 ['F127' '103.14468215323093' 'absent']
 ['F212' '107.17036750598076' 'destroyed']
 ['F114' '108.38906929885373' 'destroyed']
 ['F214' '118.87181043760498' 'absentdestroyed']
 ['F57' '150.3736776005175' 'mated']
 ['F183' '165.38359183419217' 'mated']
 ['F61' '177.2171236668982' 'mated']
 ['F171' '183.08391916657408' 'mated']
 ['F115' '186.04508380760788' 'destroyed']
 ['F177' '200.04251558252872' 'absent']
 ['F25' '214.76192173614666' 'mated']
 ['F48' '219.27844732324166' 'mated']
 ['F112' '222.79858738599958' 'destroyed']
 ['F154' '225.09257426473363' 'destroyed']
 ['F123' '227.35772226341732' 'destroyed']
 ['F166' '229.73951606334282' 'destroyed']
 ['F89' '262.99223291092585' 'mated']
 ['F164' '281.32996655696377' 'absent']
 ['F50' '295.2207843916082' 'absentdestroyed']
 ['F27' '324.75785069432726' 'mated']]",1000.0,1500.0,563.0,73.44983131598451,14.927553080870915,1214.0,200.7264421830423,42.56427105030061,516.0,85.82773175422554,18.10956789203318,0.0,0.0,0.0,0.0,0.0,0.0
12,0.054,13,360.21762740927267,"[['20' '17.18880451194954' 'present']
 ['14' '18.1551682292327' 'present']
 ['17' '20.871684501445465' 'present']
 ['17' '21.176393491280518' 'present']
 ['17' '23.1631914453131' 'present']
 ['20' '37.805406108431676' 'present']
 ['20' '37.93680667351926' 'present']
 ['20' '39.67395496007068' 'present']
 ['17' '45.61537977802984' 'present']
 ['16' '58.289416921777' 'present']
 ['17' '67.51448010760615' 'marauded']
 ['20' '69.74147863379358' 'presentdestroyed']
 ['17' '70.56014450305362' 'presentdestroyed']
 ['20' '71.65888539838768' 'presentdestroyed']
 ['17' '74.32035408292687' 'presentdestroyed']
 ['20' '83.55395937489801' 'present']
 ['17' '88.08925073530115' 'present']
 ['8' '88.82987964963546' 'present']
 ['16' '90.67472785849054' 'present']
 ['16' '110.18261316932374' 'present']
 ['17' '112.57996670045277' 'present']
 ['17' '115.30017075255758' 'present']
 ['20' '117.15839485753293' 'present']
 ['17' '122.15004122383316' 'marauded']
 ['20' '126.83044847206102' 'presentdestroyed']
 ['14' '156.15203659834015' 'present']
 ['9' '156.47112328905988' 'present']
 ['17' '157.91092468223917' 'marauded']
 ['17' '162.03235895112118' 'presentdestroyed']
 ['14' '162.9697293051324' 'presentdestroyed']
 ['20' '177.72508151130063' 'present']
 ['14' '179.10094334114956' 'present']
 ['9' '183.28880137565102' 'marauded']
 ['17' '192.04282969163393' 'present']
 ['16' '199.49155183886148' 'present']
 ['5' '200.4622463804407' 'marauded']
 ['20' '202.28946049592204' 'presentdestroyed']
 ['17' '208.36468390860995' 'destroyed']
 ['14' '209.263284837281' 'present']
 ['9' '211.20337845065998' 'present']
 ['9' '214.30775089621966' 'present']
 ['20' '218.35400810522117' 'present']
 ['14' '221.8652293472806' 'present']
 ['20' '224.09214250846418' 'present']
 ['20' '232.33539923129706' 'marauded']
 ['20' '232.73110716799772' 'presentdestroyed']
 ['20' '238.94828975646726' 'presentdestroyed']
 ['17' '238.96903316582635' 'presentdestroyed']
 ['16' '242.46754656207034' 'present']
 ['20' '250.73177524105182' 'present']
 ['16' '255.80978605629195' 'present']
 ['17' '275.5945285893129' 'marauded']
 ['20' '280.61249222100525' 'presentdestroyed']
 ['20' '288.34357189256855' 'present']
 ['17' '315.3267115538318' 'marauded']
 ['17' '321.1378839087366' 'destroyed']
 ['17' '321.1610320568848' 'destroyed']
 ['14' '323.6633798204297' 'present']
 ['14' '324.2708714187128' 'marauded']
 ['17' '345.0986495004899' 'marauded']
 ['20' '346.2906444918968' 'presentdestroyed']
 ['20' '351.17509843737275' 'presentdestroyed']
 ['17' '352.80837899601653' 'present']
 ['17' '352.8315271441647' 'present']
 ['20' '359.27774575126585' 'present']]","[['F87' '81.00398402087815' 'mated']
 ['F173' '84.29723212013387' 'mated']
 ['F212' '107.18194158005484' 'absent']
 ['F63' '113.1316311486403' 'mated']
 ['F119' '114.62279857189161' 'mated']
 ['F214' '118.88338451167905' 'mated']
 ['F215' '139.65937899710727' 'mated']
 ['F36' '144.5984627058961' 'mated']
 ['F78' '168.5876916892225' 'mated']
 ['F44' '169.03232858196216' 'mated']
 ['F69' '191.97766369907765' 'mated']
 ['F90' '193.29876054510717' 'mated']
 ['F175' '199.66677838293108' 'absent']
 ['F160' '201.9222293311289' 'destroyed']
 ['F110' '206.26695103698793' 'destroyed']
 ['F25' '214.75034766207258' 'absent']
 ['F17' '237.0963447542437' 'destroyed']
 ['F172' '244.58021923867778' 'mated']
 ['F93' '263.2655005344487' 'mated']]",1500.0,0.0,570.0,74.28462667491648,15.274138069759315,1295.0,221.445204120727,47.82798530747614,379.0,61.1034179927205,12.51414304489575,10.0,0.9999999999999999,0.10000000000000003,81.0,2.191879388767351,0.06376457475994507
13,0.054,5,360.7324303571321,"[['20' '80.09652175101293' 'present']
 ['8' '85.15170882094645' 'marauded']
 ['5' '90.18672924028694' 'presentdestroyed']
 ['8' '124.41428617870729' 'present']
 ['18' '153.3032792317471' 'present']
 ['8' '163.37090814381682' 'present']
 ['18' '289.1966889508306' 'present']
 ['8' '306.3382579654594' 'present']
 ['18' '312.4516127341021' 'marauded']
 ['18' '333.3934120547367' 'present']]","[['F138' '74.32853381189513' 'absent']
 ['F127' '103.1610503657584' 'mated']
 ['F136' '109.43296259394694' 'mated']
 ['F106' '109.94883317490688' 'mated']
 ['F7' '153.3683589059937' 'mated']
 ['F66' '238.59589762984402' 'mated']]",1500.0,500.0,556.0,68.92846112584489,13.47580709025881,1632.0,274.78546963219236,57.86778940274348,76.0,12.366230472512951,2.5474277954068,14.0,1.4000000000000001,0.14000000000000007,87.0,2.6426642579813873,0.0857338820301783
14,0.054,12,360.0931467171963,"[['17' '2.6584420139404266' 'present']
 ['9' '5.702861925820221' 'present']
 ['12' '14.596368315570336' 'present']
 ['17' '19.472336538261622' 'present']
 ['18' '32.25705786680365' 'present']
 ['17' '36.08121333927224' 'present']
 ['17' '55.69636573959696' 'present']
 ['8' '64.27378417825558' 'present']
 ['3' '64.90317377315066' 'present']
 ['17' '66.99341659306171' 'present']
 ['17' '71.4298158003759' 'present']
 ['17' '71.825519905704' 'present']
 ['18' '86.4364394723052' 'present']
 ['3' '95.24226292225713' 'present']
 ['17' '96.14453875078897' 'marauded']
 ['8' '105.94408082672305' 'present']
 ['9' '110.05273803163922' 'marauded']
 ['3' '110.43222252445034' 'presentdestroyed']
 ['9' '111.69200119442644' 'presentdestroyed']
 ['3' '112.20657656325123' 'presentdestroyed']
 ['3' '125.43882318582413' 'present']
 ['3' '157.56937771201856' 'present']
 ['3' '168.9514940376123' 'present']
 ['17' '175.46751576504738' 'present']
 ['17' '182.35503603890587' 'present']
 ['3' '185.00291001338' 'present']
 ['17' '191.70035370705213' 'present']
 ['8' '192.41815574903873' 'present']
 ['12' '193.01957026902764' 'present']
 ['17' '202.52360221465517' 'present']
 ['8' '208.9493827563357' 'present']
 ['18' '209.4543037751965' 'present']
 ['16' '210.0105093020106' 'present']
 ['17' '231.3300841076848' 'marauded']
 ['12' '231.38899375965119' 'presentdestroyed']
 ['3' '234.54049475854825' 'presentdestroyed']
 ['9' '235.81312054218458' 'presentdestroyed']
 ['16' '240.55834575685316' 'marauded']
 ['17' '255.29508915876218' 'present']
 ['3' '259.8230129477176' 'present']
 ['17' '262.33054847603864' 'present']
 ['17' '265.64269400290016' 'present']
 ['17' '272.5689133152836' 'marauded']
 ['9' '273.422090743549' 'presentdestroyed']
 ['17' '276.94034698284656' 'presentdestroyed']
 ['17' '280.87402897886864' 'present']
 ['17' '284.7181229655286' 'present']
 ['3' '286.1846190038486' 'present']
 ['17' '288.7557979084395' 'present']
 ['17' '296.7301999941421' 'marauded']
 ['3' '302.17376088877324' 'presentdestroyed']
 ['9' '305.1909928918908' 'present']
 ['12' '310.21600349384795' 'marauded']
 ['3' '312.8989752646013' 'destroyed']
 ['3' '329.1631208888751' 'present']
 ['3' '329.18626903702324' 'present']
 ['8' '334.0670227392017' 'present']
 ['3' '337.9711842402071' 'present']
 ['12' '338.2266158586062' 'present']
 ['16' '343.5573418256285' 'present']
 ['12' '356.0371657543123' 'present']
 ['17' '358.94684440587963' 'present']
 ['17' '359.8444208037016' 'present']]","[['F42' '5.155510394353994' 'absent']
 ['F88' '58.798300128143325' 'mated']
 ['F21' '66.14614414419978' 'mated']
 ['F211' '150.72070216197238' 'mated']
 ['F178' '152.78786555632607' 'mated']
 ['F60' '154.6562681087286' 'mated']
 ['F47' '160.83813941952965' 'mated']
 ['F174' '169.49542058357684' 'absent']
 ['F69' '191.9545155509295' 'absent']
 ['F175' '199.68314659545854' 'mated']
 ['F160' '201.93859754365636' 'absent']
 ['F160' '201.9617456918045' 'absent']
 ['F80' '206.1860251643673' 'mated']
 ['F112' '222.82173553414773' 'absent']
 ['F189' '223.054750029697' 'mated']
 ['F145' '258.8929627672739' 'mated']
 ['F72' '276.07137088480255' 'destroyed']
 ['F72' '276.0945190329507' 'destroyed']
 ['F64' '288.6017300015153' 'mated']
 ['F98' '290.9338333223892' 'absent']
 ['F73' '296.9798281718756' 'destroyed']
 ['F195' '329.2354329093642' 'mated']]",1500.0,1000.0,558.0,69.9864682245133,14.115227668344195,1442.0,243.29421731383883,51.60901028708422,260.0,42.971075083494426,9.221586102619849,14.0,1.4000000000000001,0.14000000000000007,96.0,2.5080732951321294,0.06858710562414262
15,0.0,11,360.081085699315,"[['5' '1.0181289484039742' 'present']
 ['3' '8.690566453921011' 'present']
 ['2' '14.188508424727031' 'present']
 ['5' '21.76674112789646' 'present']
 ['2' '34.50312973535459' 'present']
 ['16' '43.86749406833614' 'marauded']
 ['2' '47.14589934514706' 'presentdestroyed']
 ['2' '47.89805329041947' 'presentdestroyed']
 ['16' '52.59513303930637' 'present']
 ['16' '56.69888709514951' 'present']
 ['16' '61.47988997974475' 'present']
 ['3' '64.39557886821795' 'marauded']
 ['12' '65.1156529705671' 'destroyed']
 ['2' '68.34719998191395' 'presentdestroyed']
 ['2' '71.71786241132317' 'present']
 ['3' '73.0138161193602' 'present']
 ['5' '73.51486289159959' 'present']
 ['5' '74.3825241194874' 'present']
 ['16' '75.88750673243851' 'present']
 ['2' '78.14531161046075' 'present']
 ['8' '87.65263356463747' 'marauded']
 ['3' '98.34601653630857' 'present']
 ['2' '101.18093044092093' 'present']
 ['3' '102.67804531913868' 'present']
 ['3' '102.70119346728683' 'present']
 ['2' '103.54114662358612' 'present']
 ['16' '103.59929315891699' 'present']
 ['2' '109.6432783332811' 'present']
 ['16' '112.40573899965571' 'present']
 ['3' '112.58361072939569' 'present']
 ['16' '112.86262404182835' 'present']
 ['16' '116.1639834793599' 'present']
 ['5' '124.53225845562166' 'present']
 ['2' '125.60298780002852' 'present']
 ['5' '125.7124495838053' 'present']
 ['21' '126.45312981946131' 'present']
 ['2' '138.840413931659' 'present']
 ['2' '139.07571885981423' 'present']
 ['3' '153.42201940629607' 'present']
 ['3' '172.74908662431173' 'marauded']
 ['16' '178.6230229539287' 'presentdestroyed']
 ['16' '183.51872353166524' 'marauded']
 ['2' '190.97335250575802' 'presentdestroyed']
 ['3' '199.9552493426772' 'present']
 ['16' '200.07783537196107' 'present']
 ['16' '215.59121484087458' 'present']
 ['3' '217.34046660078658' 'marauded']
 ['16' '238.71036476411848' 'present']
 ['5' '243.88506081195027' 'present']
 ['16' '253.57468380267844' 'marauded']
 ['18' '262.847379952093' 'present']
 ['16' '264.5863255849899' 'present']
 ['2' '267.2468514036931' 'present']
 ['16' '268.8751718209877' 'present']
 ['16' '273.1894728675633' 'marauded']
 ['2' '273.73815111422124' 'presentdestroyed']
 ['5' '277.1760958722335' 'presentdestroyed']
 ['8' '286.4179075969261' 'present']
 ['3' '293.0054016899167' 'marauded']
 ['12' '298.5506470432716' 'destroyed']
 ['3' '307.55469009572397' 'present']
 ['3' '309.3823409422838' 'present']
 ['3' '314.51744112066103' 'present']
 ['3' '316.74603976322555' 'present']
 ['16' '319.93632225591443' 'marauded']
 ['3' '335.91867083901514' 'present']
 ['16' '338.9845929656182' 'present']
 ['2' '344.82386750237555' 'present']
 ['3' '356.26012421380784' 'present']]","[['F132' '55.53726756980082' 'absent']
 ['F128' '79.20554285824595' 'mated']
 ['F26' '143.9222127316544' 'mated']
 ['F55' '147.8702823953335' 'mated']
 ['F146' '183.5223919051875' 'absentdestroyed']
 ['F31' '189.4731885796394' 'destroyed']
 ['F110' '206.29009918513609' 'mated']
 ['F24' '212.06871223393298' 'mated']
 ['F91' '216.88482738827582' 'mated']
 ['F154' '225.0578520425114' '']
 ['F37' '238.33885360552165' 'mated']
 ['F182' '259.5378697497681' 'destroyed']
 ['F62' '270.7276742648296' 'mated']
 ['F38' '272.4982292223503' 'mated']
 ['F176' '281.18718463708996' 'mated']
 ['F74' '354.1347284140875' 'mated']]",1500.0,1500.0,562.0,68.64358643709579,14.216896281987237,1359.0,230.347748739136,49.443858677485764,361.0,61.09088455028521,13.207735526606335,0.0,0.0,0.0,0.0,0.0,0.0
16,0.054,7,359.94807218913996,"[['5' '3.5865351286441483' 'present']
 ['5' '25.059701794504495' 'present']
 ['3' '55.7302139758124' 'present']
 ['7' '62.23355611859175' 'marauded']
 ['13' '79.32527686924185' 'present']
 ['7' '177.17814653815677' 'present']
 ['7' '190.76290625016736' 'marauded']
 ['9' '204.42660553301664' 'present']
 ['5' '226.7373909304831' 'present']
 ['3' '229.86391507527335' 'present']
 ['5' '277.58193461357007' 'present']
 ['3' '306.43424279949403' 'present']
 ['5' '324.733713760361' 'marauded']
 ['5' '336.40023982675206' 'present']
 ['5' '346.4693219002513' 'present']]","[['F192' '56.73788925174169' 'mated']
 ['F132' '67.55363578232829' 'absentdestroyed']
 ['F147' '90.08081000492811' 'mated']
 ['F23' '99.67644856146643' 'mated']
 ['F117' '100.10910513618359' 'mated']
 ['F193' '113.95367978312308' 'mated']
 ['F36' '144.57531455774796' 'absent']
 ['F86' '170.82027555878236' 'mated']
 ['F29' '227.61929723828283' 'mated']
 ['F170' '247.4458660651102' 'absent']]",2000.0,0.0,572.0,70.07998001808345,14.639380816038216,1576.0,266.1574341547065,57.028932840959754,111.0,18.289392723590872,3.9696695812527927,19.0,1.9000000000000006,0.1900000000000001,103.0,3.681300961098741,0.1355667009602194
17,0.054,12,360.2201562018135,"[['12' '31.50733859680225' 'present']
 ['12' '36.554917185772' 'present']
 ['12' '49.69161196059076' 'present']
 ['12' '51.680846537358434' 'present']
 ['12' '54.17622191131585' 'present']
 ['12' '65.15037519278933' 'present']
 ['12' '92.59886078521032' 'present']
 ['12' '113.96225660089488' 'present']
 ['14' '134.80345856600792' 'marauded']
 ['14' '138.527507681209' 'presentdestroyed']
 ['14' '156.12409431173862' 'present']
 ['14' '162.94178701853087' 'present']
 ['14' '165.59668429455303' 'marauded']
 ['12' '191.37591308477306' 'present']
 ['14' '202.8338782860633' 'present']
 ['14' '204.78631464407033' 'present']
 ['14' '207.1342290722383' 'present']
 ['12' '224.33091763432586' 'present']
 ['14' '227.20968227875974' 'present']
 ['16' '238.12467482872827' 'present']
 ['12' '249.25398278428239' 'present']
 ['16' '252.97825084144247' 'present']
 ['14' '255.66055608320352' 'present']
 ['14' '284.42744572282226' 'present']
 ['12' '301.42001793472105' 'present']
 ['12' '307.41949651286285' 'present']
 ['14' '339.5733573396729' 'present']]","[['F6' '115.53424839564225' 'mated']
 ['F163' '152.5932045548969' 'mated']
 ['F111' '162.55097233407153' 'mated']
 ['F200' '164.5710607870199' 'mated']
 ['F78' '168.55974940262098' 'destroyed']
 ['F174' '169.48384650950277' 'destroyed']
 ['F199' '176.03176992735206' 'mated']
 ['F56' '184.16613270116432' 'mated']
 ['F69' '191.96608962500358' 'absent']
 ['F160' '201.95017161773043' 'absent']
 ['F181' '208.69420304725844' 'mated']
 ['F189' '223.04317595562293' 'absent']
 ['F134' '231.55839800547363' 'mated']
 ['F170' '247.47174648151645' 'mated']
 ['F210' '251.7722379732673' 'mated']
 ['F72' '276.1060931070248' 'mated']
 ['F98' '290.9454073964633' 'mated']]",2000.0,500.0,571.0,71.51617782052341,14.254507761661861,1600.0,271.8673866153081,58.750853842191454,75.0,12.216953980707503,2.564687926441807,19.0,1.9000000000000006,0.1900000000000001,93.0,2.5183937839404997,0.07608882030178325
18,0.054,7,360.7938397363387,"[['2' '14.92619890457958' 'present']
 ['5' '27.59987333507181' 'present']
 ['2' '47.01970646239316' 'present']
 ['5' '80.77663051884946' 'present']
 ['5' '111.06403103533073' 'present']
 ['5' '164.42711569281914' 'present']
 ['5' '195.37116368221658' 'present']
 ['2' '298.73806028531703' 'present']
 ['2' '304.1719122079062' 'present']
 ['2' '314.2157851340279' 'present']
 ['8' '317.60169945572375' 'present']
 ['5' '321.5503221261461' 'present']
 ['20' '322.7791915877543' 'present']
 ['14' '339.37854139134123' 'present']]","[['F34' '58.99921609224817' 'absent']
 ['F126' '107.4226734667879' 'mated']
 ['F94' '110.22073814259274' 'mated']
 ['F196' '165.9784091183865' 'mated']
 ['F3' '178.3010457171123' 'mated']
 ['F0' '271.7437553334103' 'mated']
 ['F58' '276.22777426096496' 'mated']
 ['F131' '276.7975584911284' 'mated']]",2000.0,1000.0,564.0,74.22690279342982,15.770108083152257,1658.0,280.9030723628522,59.978576396972635,0.0,0.0,0.0,16.0,1.6000000000000003,0.1600000000000001,110.0,3.4530523832648434,0.11895576131687238
19,0.0,4,360.5322626161949,"[['16' '4.024796588256578' 'marauded']
 ['5' '5.921519992067004' 'presentdestroyed']
 ['16' '19.164468032220338' 'present']
 ['16' '40.92341776784779' 'present']
 ['20' '43.39735549931862' 'marauded']
 ['16' '48.32999409978896' 'presentdestroyed']
 ['16' '52.44010794852094' 'present']
 ['5' '56.66676568128372' 'present']
 ['16' '58.48624095447957' 'present']
 ['8' '64.24584189165404' 'present']
 ['21' '64.92699116450974' 'present']
 ['21' '65.64844045969396' 'present']
 ['5' '68.04020376303784' 'marauded']
 ['16' '69.89668669574986' 'presentdestroyed']
 ['16' '76.18918507696013' 'destroyed']
 ['21' '84.88076114810194' 'present']
 ['16' '93.34322731020792' 'present']
 ['16' '94.4253755129353' 'marauded']
 ['20' '94.76335573392612' 'presentdestroyed']
 ['21' '129.13469362226124' 'present']
 ['16' '131.61508301866365' 'present']
 ['5' '132.17521978349237' 'marauded']
 ['16' '134.88101463106307' 'presentdestroyed']
 ['8' '135.30049948238386' 'presentdestroyed']
 ['8' '144.91494879063197' 'present']
 ['5' '165.30359490774248' 'marauded']
 ['21' '172.83505032173565' 'presentdestroyed']
 ['5' '180.96773728972053' 'present']
 ['16' '183.38598710661034' 'marauded']
 ['8' '186.1479636756708' 'presentdestroyed']
 ['20' '206.53198823023206' 'present']
 ['16' '209.870992941335' 'marauded']
 ['21' '213.19688429559133' 'presentdestroyed']
 ['16' '218.746099347561' 'present']
 ['20' '233.41389887302597' 'present']
 ['5' '248.28795015127858' 'present']
 ['21' '249.0193385349529' 'present']
 ['21' '268.31844861058374' 'present']
 ['16' '269.1652224530945' 'marauded']
 ['16' '272.4060360373811' 'presentdestroyed']
 ['5' '274.4791909236284' 'presentdestroyed']
 ['5' '275.38412776323224' 'presentdestroyed']
 ['21' '280.02792149950125' 'present']
 ['16' '285.55562896919696' 'present']
 ['5' '316.7156334203781' 'marauded']
 ['8' '317.6412158163994' 'presentdestroyed']
 ['16' '317.8537311031094' 'presentdestroyed']
 ['20' '321.061598045304' 'presentdestroyed']
 ['16' '323.01573894671924' 'presentdestroyed']
 ['5' '326.61643619775' 'present']
 ['21' '340.07409420645797' 'marauded']
 ['16' '352.512936586225' 'present']]","[['F203' '9.710506542815375' 'destroyed']
 ['F117' '100.08116284958204' 'destroyed']
 ['F86' '170.8039073462549' 'destroyed']
 ['F209' '205.38733457040175' 'absent']
 ['F65' '239.19668847953014' 'mated']
 ['F191' '250.51493079965306' 'mated']
 ['F16' '258.8288962859472' 'absent']
 ['F162' '294.4530274784999' 'mated']
 ['F22' '323.8407586612272' '']
 ['F22' '323.87349508628216' 'mated']]",2000.0,1500.0,556.0,69.9014076949158,14.952557792917728,1266.0,223.2108663247597,49.713408127927536,396.0,66.96105166444202,14.308090630395197,0.0,0.0,0.0,0.0,0.0,0.0
20,0.054,6,359.9532558327367,"[['12' '1.8406097173883327' 'present']
 ['9' '2.2112861123879384' 'present']
 ['9' '7.6624298089753315' 'marauded']
 ['21' '8.214867689809656' 'presentdestroyed']
 ['12' '34.48227314373877' 'present']
 ['12' '35.71739889545206' 'present']
 ['9' '42.758461347825985' 'present']
 ['8' '58.84052160686295' 'present']
 ['12' '61.72162267817265' 'marauded']
 ['12' '78.73751164189368' 'present']
 ['12' '99.5731315893109' 'present']
 ['18' '119.95714222261515' 'present']
 ['18' '127.23946968521342' 'present']
 ['9' '156.4990655756614' 'marauded']
 ['12' '176.3739127975687' 'present']
 ['9' '178.3114229732242' 'present']
 ['9' '187.31155589114113' 'present']
 ['12' '190.59821890762757' 'present']
 ['13' '194.88516018176608' 'present']
 ['9' '199.28065772618515' 'present']
 ['12' '243.18744914420375' 'marauded']
 ['12' '249.23083463613423' 'presentdestroyed']
 ['12' '253.2076358723788' 'marauded']
 ['9' '260.612281770791' 'marauded']
 ['12' '263.5194011349351' 'destroyed']
 ['12' '288.8510549951768' 'present']
 ['12' '298.5159248210494' 'present']
 ['12' '306.4997098481455' 'present']
 ['12' '311.6555513952162' 'present']
 ['13' '321.4011357210643' 'present']]","[['F186' '8.448157046257078' 'destroyed']
 ['F203' '9.687358394667227' 'destroyed']
 ['F212' '107.19351565412892' 'mated']
 ['F206' '172.00798904447657' 'mated']
 ['F130' '213.24561058761915' 'mated']
 ['F144' '215.492392074476' 'absent']
 ['F70' '217.13415917855332' 'mated']
 ['F59' '220.09700796160115' 'mated']
 ['F83' '255.41692329431967' 'destroyed']
 ['F153' '284.66339904736014' 'mated']]",2500.0,0.0,570.0,75.16753312452582,15.828682878945244,1454.0,244.93259046127378,51.58966020071602,218.0,36.648131387119875,7.950897525704882,13.0,1.3,0.13000000000000006,79.0,2.071114258217583,0.059477880658436115
21,0.054,9,360.14111832568227,"[['20' '0.5185880633861313' 'present']
 ['5' '20.068026776048765' 'marauded']
 ['7' '29.099297906965308' 'present']
 ['5' '55.899544781588176' 'marauded']
 ['5' '69.07779814409518' 'marauded']
 ['5' '73.13671043621788' 'presentdestroyed']
 ['5' '88.73947025879264' 'present']
 ['5' '109.84880388728716' 'present']
 ['13' '138.6993057569907' 'marauded']
 ['13' '159.9101463324121' 'present']
 ['5' '179.02277423302394' 'present']
 ['5' '187.35945739542782' 'present']
 ['20' '215.91584052085938' 'marauded']
 ['20' '217.99781983016376' 'presentdestroyed']
 ['5' '220.03829855997185' 'presentdestroyed']
 ['5' '255.65389291840944' 'present']
 ['5' '260.2991494560032' 'present']
 ['5' '268.62793057710803' 'present']
 ['7' '284.452275877007' 'marauded']
 ['8' '299.08226601438025' 'present']
 ['5' '302.3072005751937' 'present']
 ['13' '308.5942247467044' 'present']
 ['13' '337.2673061833246' 'present']
 ['5' '342.89430556757355' 'present']
 ['5' '344.1153206394644' 'present']]","[['F202' '53.15285739352049' 'mated']
 ['F33' '99.92797389079423' 'mated']
 ['F180' '122.03183309912176' 'absent']
 ['F102' '127.04015881236994' 'mated']
 ['F49' '131.155237950758' 'absent']
 ['F151' '145.13766070101744' 'destroyed']
 ['F13' '207.54367453582088' 'mated']
 ['F92' '210.1977114929512' 'mated']
 ['F166' '217.68842562859314' 'destroyed']
 ['F112' '222.78221917347213' 'destroyed']
 ['F157' '224.11909348610766' 'mated']
 ['F68' '235.85014617694875' 'mated']
 ['F164' '281.34633476949125' 'mated']
 ['F10' '286.71700438668165' 'destroyed']
 ['F188' '334.0339013564823' 'absent']
 ['F81' '339.283450617893' 'mated']]",2500.0,500.0,550.0,72.51413973419574,16.81066090302683,1463.0,246.82588894535553,52.500163749286116,208.0,36.749130668842994,8.162925920102838,18.0,1.8000000000000005,0.1800000000000001,87.0,2.318612223500351,0.06590792181069954
22,0.0,6,360.3297070163573,"[['17' '1.3472969659743215' 'marauded']
 ['21' '7.0099202186659175' 'presentdestroyed']
 ['14' '9.071385970471642' 'present']
 ['9' '14.020475650170757' 'present']
 ['17' '14.142741372134381' 'marauded']
 ['5' '20.529651665114734' 'presentdestroyed']
 ['14' '24.24372748556224' 'marauded']
 ['17' '30.552734508116327' 'presentdestroyed']
 ['5' '30.650697862851832' 'presentdestroyed']
 ['9' '32.19627486729267' 'present']
 ['17' '34.155742880361245' 'marauded']
 ['14' '37.4698216408465' 'presentdestroyed']
 ['17' '41.57829791178955' 'present']
 ['17' '43.76979594626731' 'present']
 ['5' '44.40536634638316' 'present']
 ['17' '44.65924952476537' 'present']
 ['9' '47.469231017225084' 'present']
 ['14' '64.08152737496692' 'present']
 ['5' '71.2525357628372' 'present']
 ['14' '74.00460476692328' 'present']
 ['14' '75.78524638873999' 'marauded']
 ['14' '87.84054365055987' 'present']
 ['17' '101.43237833851212' 'marauded']
 ['9' '104.49076969245' 'presentdestroyed']
 ['17' '106.21575551273142' 'presentdestroyed']
 ['17' '112.34027196684853' 'present']
 ['9' '113.55399438450593' 'present']
 ['5' '113.6767549734926' 'present']
 ['17' '125.95638010219724' 'present']
 ['14' '128.62572004067482' 'present']
 ['14' '129.55754591016043' 'present']
 ['5' '130.01655915261085' 'marauded']
 ['17' '133.9533776973752' 'destroyed']
 ['14' '145.6817830431031' 'present']
 ['14' '157.54589903061878' 'present']
 ['9' '171.2018529528076' 'present']
 ['9' '172.40680377653064' 'marauded']
 ['17' '173.28303120323903' 'presentdestroyed']
 ['5' '182.22490034390043' 'marauded']
 ['2' '186.79242958466455' 'presentdestroyed']
 ['14' '190.1660281758029' 'present']
 ['21' '192.87645710462158' 'present']
 ['17' '198.45442828566416' 'present']
 ['5' '200.06471878874643' 'present']
 ['9' '206.15875073947132' 'marauded']
 ['17' '222.12453404346738' 'marauded']
 ['17' '240.13191741310783' 'present']
 ['21' '241.52772649146274' 'present']
 ['17' '241.79667286189246' 'present']
 ['9' '248.51532491775455' 'present']
 ['2' '251.4748447733574' 'present']
 ['17' '255.4893970174993' 'present']
 ['17' '260.2013408067087' 'present']
 ['5' '262.2367908153208' 'present']
 ['2' '264.5560472233619' 'present']
 ['5' '265.01833564845475' 'present']
 ['17' '287.7391223089932' 'marauded']
 ['21' '298.0469992856303' 'present']
 ['5' '301.2937245674004' 'present']
 ['9' '303.65759917307935' 'present']
 ['17' '303.95505876726463' 'present']
 ['17' '305.083252126415' 'present']
 ['17' '306.5445885043569' 'present']
 ['17' '311.8541407742025' 'present']
 ['17' '315.4934955700709' 'marauded']
 ['14' '317.86767972804853' 'presentdestroyed']
 ['14' '321.4803948509269' 'destroyed']
 ['14' '321.6444026237025' 'presentdestroyed']
 ['14' '324.14572349921525' 'present']
 ['9' '326.01103757776707' 'present']
 ['17' '343.8286381616738' 'present']
 ['9' '348.39783958062475' 'marauded']
 ['17' '352.3161974325291' 'presentdestroyed']
 ['5' '353.99248986770584' 'presentdestroyed']
 ['5' '354.2197335185823' 'destroyed']
 ['9' '357.0812951582248' 'present']
 ['17' '357.6002262193892' 'present']]","[['F104' '113.41661638099413' 'mated']
 ['F180' '122.04340717319583' 'mated']
 ['F151' '145.14923477509151' 'mated']
 ['F60' '154.64469403465452' 'absent']
 ['F159' '160.65482557909218' 'mated']
 ['F200' '164.5594867129458' 'absent']
 ['F199' '176.02019585327798' 'destroyed']
 ['F181' '208.68262897318436' 'absentdestroyed']
 ['F121' '214.084200696855' 'mated']
 ['F189' '223.03160188154885' 'destroyed']
 ['F105' '260.53131699655125' 'absent']
 ['F98' '290.90589103578765' 'destroyed']
 ['F165' '311.53972072027676' 'mated']]",2500.0,1000.0,558.0,67.10666149728404,12.983030129266712,1229.0,208.03154554918902,44.89359454622978,478.0,84.97128500417408,18.959208092191897,0.0,0.0,0.0,0.0,0.0,0.0
23,0.0,13,360.1915106323204,"[['17' '14.82067309235475' 'present']
 ['21' '14.823411699845188' 'present']
 ['16' '39.024849276203824' 'marauded']
 ['12' '40.17693834775775' 'presentdestroyed']
 ['9' '47.51552731352139' 'present']
 ['9' '50.40601809904481' 'present']
 ['12' '57.884537761317766' 'present']
 ['12' '60.06113433542298' 'present']
 ['9' '68.59877593207138' 'present']
 ['17' '82.07555596424325' 'present']
 ['21' '83.37562446021214' 'present']
 ['21' '89.08972753796873' 'present']
 ['17' '89.78533812390296' 'present']
 ['12' '91.43569604731618' 'present']
 ['9' '103.03283350656598' 'marauded']
 ['9' '106.6845373873494' 'presentdestroyed']
 ['17' '107.6936724582074' 'presentdestroyed']
 ['21' '109.33162265955922' 'presentdestroyed']
 ['9' '120.51438776732043' 'present']
 ['12' '140.67896203484585' 'present']
 ['12' '141.6777835750306' 'present']
 ['16' '154.4327093601268' 'present']
 ['9' '160.7982522640189' 'marauded']
 ['9' '173.1864739099066' 'present']
 ['9' '175.51365727122624' 'present']
 ['16' '178.1777145430054' 'present']
 ['9' '185.11588259153285' 'present']
 ['9' '186.7029242096168' 'present']
 ['9' '187.99489547660994' 'present']
 ['21' '201.2955625775161' 'present']
 ['9' '204.87557455615348' 'present']
 ['12' '209.7045756802745' 'marauded']
 ['12' '216.59997729624217' 'present']
 ['9' '219.87647150532337' 'marauded']
 ['9' '227.17691730624395' 'presentdestroyed']
 ['12' '230.7375097210854' 'present']
 ['17' '248.41069401052292' 'marauded']
 ['17' '251.29556328513326' 'destroyed']
 ['17' '258.18465890175884' 'present']
 ['7' '263.496460202249' 'present']
 ['17' '282.61670815719214' 'present']
 ['12' '291.9944659667001' 'present']
 ['21' '294.8460711390135' 'present']
 ['21' '300.1040894517817' 'present']
 ['9' '304.14652066645874' 'present']
 ['21' '314.47805292039203' 'present']
 ['16' '315.4106749352518' 'present']
 ['9' '315.84118246572814' 'present']
 ['21' '318.35604379903026' 'marauded']
 ['21' '323.9278954560552' 'presentdestroyed']
 ['21' '341.11409552931565' 'marauded']
 ['16' '359.05018479210264' 'marauded']
 ['21' '359.8552432425998' 'presentdestroyed']]","[['F185' '73.47260594894819' 'mated']
 ['F138' '74.35647609849667' 'mated']
 ['F32' '103.53800396656634' 'destroyed']
 ['F161' '126.05323555324645' 'mated']
 ['F139' '128.51141173694455' 'mated']
 ['F49' '131.16681202483207' 'mated']
 ['F46' '149.94923778618235' 'mated']
 ['F135' '155.623987616981' 'mated']
 ['F78' '168.57611761514843' 'destroyed']
 ['F56' '184.14976448863686' 'absent']
 ['F2' '207.03573389043814' 'mated']
 ['F101' '213.6430185779483' 'destroyed']
 ['F45' '228.65401934274865' 'mated']
 ['F68' '235.83857210287468' 'absent']
 ['F17' '237.0847706801696' 'absent']
 ['F150' '257.59580720260374' 'mated']
 ['F129' '278.1660169733132' 'mated']
 ['F153' '284.640250899212' 'absent']
 ['F179' '333.8978351589264' 'mated']
 ['F158' '351.6515825924814' 'mated']]",2500.0,1500.0,559.0,74.8565054618132,17.0929602120602,1403.0,235.70219882178844,50.288849972627,286.0,49.500595567714456,10.9353641228655,0.0,0.0,0.0,0.0,0.0,0.0
