id,probability_maraud,successful_mating,next_foraging_time,mar_attempts,mate_attempts,x_pos,y_pos,foraging_events,foraging_hrs,foraging_sqhrs,staying_events,staying_hrs,staying_sqhrs,repairing_events,repairing_hrs,repairing_sqhrs,marauding_events,marauding_hrs,marauding_sqhrs,traveling_events,traveling_hrs,traveling_sqhrs
0,0.054,14,360.5160454594087,"[['2' '2.3613505447224' 'present']
 ['3' '18.75253948081535' 'marauded']
 ['2' '25.173579774347566' 'presentdestroyed']
 ['2' '51.182080611694566' 'present']
 ['3' '57.96883882356795' 'present']
 ['2' '62.572187601887286' 'present']
 ['11' '72.80728095011342' 'present']
 ['1' '79.44224235428526' 'present']
 ['1' '82.33296949269646' 'present']
 ['4' '85.76788234467409' 'marauded']
 ['2' '103.30135091731125' 'present']
 ['3' '118.94752940301834' 'present']
 ['2' '124.4210288469077' 'marauded']
 ['2' '125.35827623437483' 'presentdestroyed']
 ['1' '138.0940418944502' 'present']
 ['4' '141.74009211802735' 'present']
 ['1' '155.6931776538733' 'present']
 ['1' '163.68137185962212' 'present']
 ['1' '196.62413940143415' 'present']
 ['3' '197.35944493559563' 'marauded']
 ['3' '202.09862331098898' 'presentdestroyed']
 ['1' '203.22953086802212' 'destroyed']
 ['1' '208.28682061375747' 'present']
 ['1' '208.7079813805697' 'present']
 ['1' '227.69441498789624' 'marauded']
 ['3' '254.69340888115386' 'present']
 ['3' '255.12661450665212' 'marauded']
 ['1' '255.48613116992067' 'presentdestroyed']
 ['4' '259.71691476556384' 'presentdestroyed']
 ['1' '262.75808282299585' 'presentdestroyed']
 ['1' '264.7777434993076' 'present']
 ['2' '266.9447352876151' 'present']
 ['1' '281.8088167859071' 'marauded']
 ['3' '287.93809447756996' 'presentdestroyed']
 ['10' '291.3137952036911' 'present']
 ['1' '295.0819245220714' 'marauded']
 ['2' '297.1357691529016' 'presentdestroyed']
 ['3' '312.92348861869834' 'present']
 ['1' '314.1051466568425' 'marauded']
 ['2' '315.23506380054164' 'presentdestroyed']
 ['3' '322.70656421232405' 'present']
 ['3' '323.12216879786195' 'present']
 ['2' '324.36931176215114' 'present']
 ['2' '328.6253593280745' 'present']
 ['2' '335.88997178294005' 'marauded']
 ['1' '349.4882103716117' 'marauded']
 ['1' '357.45383717559736' 'destroyed']]","[['F8' '32.66047117579591' 'absent']
 ['F71' '54.10915057738584' 'mated']
 ['F9' '57.413991839364876' 'mated']
 ['F75' '64.32594975980048' 'mated']
 ['F23' '69.0854449573857' 'mated']
 ['F25' '69.45487278947587' 'mated']
 ['F104' '107.40902199372647' 'mated']
 ['F62' '109.24931777806574' 'mated']
 ['F50' '119.12579826104147' 'mated']
 ['F67' '130.64880612275044' 'destroyed']
 ['F7' '149.90252000950815' 'mated']
 ['F66' '170.85580892355327' 'mated']
 ['F49' '172.85736252788902' 'mated']
 ['F36' '198.89388899697062' 'destroyed']
 ['F6' '236.46291653784795' 'mated']
 ['F21' '259.2991656438054' 'destroyed']
 ['F89' '273.7066207531814' 'mated']
 ['F46' '319.7155090136496' 'destroyed']
 ['F43' '327.0854844624396' 'mated']]",0.0,0.0,571.0,72.47154722143368,14.9244730690715,1306.0,215.8466687023165,45.84875348495435,412.0,67.10338673180937,13.937403605501796,11.0,1.0999999999999999,0.11000000000000004,79.0,3.6957605150345447,0.1736111111111109
1,0.054,4,360.43919156862705,"[['10' '1.3416459584336682' 'present']
 ['2' '2.822338662940671' 'present']
 ['10' '6.554683653521998' 'present']
 ['0' '10.7498573262675' 'present']
 ['0' '13.665390568541747' 'present']
 ['0' '14.285050913517859' 'present']
 ['0' '32.65711694470765' 'marauded']
 ['10' '41.27213368831887' 'present']
 ['2' '42.58858443273299' 'present']
 ['4' '43.67729758093468' 'present']
 ['2' '49.06087674705357' 'present']
 ['4' '50.65067256700524' 'present']
 ['4' '52.57947975265335' 'present']
 ['0' '60.3130184420356' 'present']
 ['4' '62.30041924542578' 'marauded']
 ['0' '64.65618018240491' 'destroyed']
 ['4' '78.19227937689526' 'present']
 ['4' '79.16898204987035' 'present']
 ['2' '88.8906660502466' 'present']
 ['4' '96.08392685139665' 'present']
 ['0' '96.11226691650928' 'present']
 ['0' '97.35527848410563' 'present']
 ['4' '99.94225108193169' 'present']
 ['0' '122.8606030032194' 'present']
 ['10' '127.02903490153058' 'marauded']
 ['2' '127.16008410499654' 'presentdestroyed']
 ['2' '128.36380013699304' 'presentdestroyed']
 ['10' '129.057913269289' 'presentdestroyed']
 ['0' '132.25110020859918' 'presentdestroyed']
 ['0' '139.4363846045162' 'present']
 ['4' '143.63006455427634' 'present']
 ['0' '144.09686361360983' 'present']
 ['10' '156.403648126085' 'present']
 ['0' '163.43580458481023' 'present']
 ['0' '165.09100591945673' 'present']
 ['0' '173.75906822385707' 'present']
 ['10' '181.42302898074382' 'present']
 ['4' '181.4675638095493' 'present']
 ['4' '191.27071417812888' 'present']
 ['2' '198.28143789414997' 'present']
 ['0' '227.69012746403476' 'marauded']
 ['4' '238.51378203024063' 'present']
 ['2' '239.9719301459657' 'marauded']
 ['0' '241.47317700231082' 'destroyed']
 ['10' '243.0130197462285' 'presentdestroyed']
 ['4' '243.18352418652773' 'destroyed']
 ['0' '250.40962194822544' 'present']
 ['2' '265.7175557408232' 'marauded']
 ['2' '274.07784449239887' 'present']
 ['0' '274.70049421394435' 'marauded']
 ['2' '275.07459919414356' 'presentdestroyed']
 ['0' '277.8127820109304' 'presentdestroyed']
 ['10' '278.2086317709356' 'presentdestroyed']
 ['10' '281.8793063206598' 'marauded']
 ['2' '291.62506963592114' 'present']
 ['10' '303.57364907346357' 'present']
 ['0' '304.4828989389636' 'marauded']
 ['10' '322.4640105300411' 'marauded']
 ['2' '326.7562832590337' 'presentdestroyed']
 ['2' '333.59222989731967' 'present']
 ['4' '354.7892430361875' 'present']
 ['4' '355.52222680779744' 'present']]","[['F32' '89.52113971540935' 'absent']
 ['F17' '114.36945588859314' 'mated']
 ['F15' '185.58164337729858' 'mated']
 ['F84' '202.61246939804346' 'mated']
 ['F33' '203.73946568076187' 'mated']]",0.0,1000.0,570.0,69.0816697816501,14.219231491052637,1347.0,224.57983034489047,47.784843264032865,349.0,61.07817441617031,13.227859053890604,18.0,1.8000000000000005,0.1800000000000001,76.0,3.576048179959225,0.16932441700960205
2,0.054,9,360.5095633178059,"[['0' '4.334796736691307' 'present']
 ['1' '4.690155885980673' 'present']
 ['0' '5.554227769938653' 'marauded']
 ['0' '8.96176089615398' 'presentdestroyed']
 ['0' '11.64728882267947' 'presentdestroyed']
 ['1' '14.75189057406122' 'marauded']
 ['1' '17.437565327133868' 'destroyed']
 ['0' '18.301100708009596' 'destroyed']
 ['11' '23.786990846968727' 'present']
 ['1' '27.31279257099892' 'present']
 ['5' '41.51980648492118' 'present']
 ['5' '47.68580478350954' 'present']
 ['11' '53.92328311056143' 'present']
 ['5' '57.489127550105586' 'present']
 ['0' '57.49814330098097' 'present']
 ['0' '63.67000479699954' 'present']
 ['11' '64.52538233056003' 'marauded']
 ['11' '66.38358222562576' 'presentdestroyed']
 ['11' '68.7580109552634' 'presentdestroyed']
 ['11' '69.06619904788175' 'destroyed']
 ['5' '80.20164364643759' 'marauded']
 ['11' '95.3974112952724' 'present']
 ['0' '104.08818080079186' 'marauded']
 ['1' '112.95362647218313' 'present']
 ['11' '115.75640275978715' 'present']
 ['0' '120.00425440767995' 'present']
 ['5' '131.4820156029063' 'present']
 ['1' '137.80483373018615' 'present']
 ['1' '140.17263959141096' 'present']
 ['1' '142.6006583399731' 'marauded']
 ['1' '145.59773151902175' 'presentdestroyed']
 ['0' '145.8954052494378' 'presentdestroyed']
 ['0' '154.83589834761537' 'marauded']
 ['0' '158.6280129470402' 'presentdestroyed']
 ['1' '167.3829878244819' 'marauded']
 ['0' '168.73277939545636' 'presentdestroyed']
 ['0' '172.20355134110608' 'presentdestroyed']
 ['1' '173.84085288729415' 'presentdestroyed']
 ['0' '176.87205871349687' 'present']
 ['10' '181.8131851110651' 'present']
 ['0' '188.94836239490715' 'marauded']
 ['11' '190.01745309035238' 'presentdestroyed']
 ['1' '195.1707165917868' 'presentdestroyed']
 ['1' '214.31192897398932' 'present']
 ['5' '214.61297981633646' 'marauded']
 ['0' '220.2852872927095' 'destroyed']
 ['5' '221.94167928506252' 'presentdestroyed']
 ['11' '238.25606406092857' 'present']
 ['5' '248.34199249589287' 'present']
 ['1' '251.3302615209829' 'present']
 ['11' '252.29035964878133' 'present']
 ['11' '253.03297425447218' 'present']
 ['0' '253.15792082158544' 'present']
 ['1' '259.8349507398905' 'present']
 ['1' '260.6826444820893' 'present']
 ['1' '273.1857709630075' 'present']
 ['0' '280.9318642215624' 'present']
 ['1' '295.0356282257751' 'present']
 ['5' '302.36043129641234' 'present']
 ['11' '309.76724678975506' 'present']
 ['0' '313.64420606132626' 'present']
 ['1' '314.69842609193364' 'present']
 ['11' '316.5248093391259' 'present']
 ['5' '318.56883473280396' 'present']
 ['0' '327.17337498616314' 'present']
 ['1' '338.1899089710354' 'marauded']
 ['11' '342.5006232010013' 'presentdestroyed']
 ['1' '342.7646370083535' 'presentdestroyed']
 ['1' '342.9243847371624' 'presentdestroyed']
 ['0' '346.74878672726464' 'present']
 ['11' '349.5832227468936' 'present']
 ['1' '356.0487188030353' 'marauded']]","[['F90' '27.11433929539012' 'mated']
 ['F8' '32.68361932394406' 'absent']
 ['F27' '63.97560362005306' 'mated']
 ['F16' '73.89355464984611' 'absent']
 ['F80' '116.19354576213983' 'mated']
 ['F39' '118.19194348513204' 'mated']
 ['F63' '125.1386793727743' 'mated']
 ['F49' '160.74162178714826' 'absentdestroyed']
 ['F49' '160.78791808344457' 'absentdestroyed']
 ['F34' '164.05365378615465' 'mated']
 ['F44' '252.8198122534713' 'mated']
 ['F29' '293.3047949495574' 'mated']
 ['F46' '319.73865716179773' 'mated']]",0.0,2000.0,551.0,70.05526852861585,14.747379618529678,1258.0,215.25141091283257,46.43370278807578,411.0,70.49957914247561,14.71940379080981,10.0,0.9999999999999999,0.10000000000000003,70.0,3.355800063622155,0.16289437585733874
3,0.054,11,360.3696819423353,"[['4' '5.857095615544042' 'marauded']
 ['5' '6.90610204350832' 'presentdestroyed']
 ['5' '9.837126959013323' 'presentdestroyed']
 ['5' '11.95296868542198' 'presentdestroyed']
 ['5' '13.658486492300046' 'present']
 ['5' '21.31535387997946' 'present']
 ['6' '21.64908124581165' 'marauded']
 ['6' '26.518373531174802' 'presentdestroyed']
 ['6' '28.84115597825403' 'presentdestroyed']
 ['0' '39.043067708134835' 'present']
 ['4' '40.75579373586437' 'present']
 ['4' '45.82940605100357' 'marauded']
 ['5' '46.8859838661465' 'presentdestroyed']
 ['4' '51.732195737532884' 'presentdestroyed']
 ['6' '59.40533149646685' 'present']
 ['0' '61.40627544669684' 'present']
 ['6' '61.4446531847921' 'present']
 ['6' '64.48594308558401' 'present']
 ['5' '67.56207727771526' 'present']
 ['4' '75.69386855535251' 'present']
 ['0' '79.3482336109202' 'present']
 ['0' '81.08221036555776' 'present']
 ['4' '81.59491201824825' 'marauded']
 ['5' '89.65251938352716' 'present']
 ['6' '90.46191682145184' 'present']
 ['5' '92.09624545195678' 'present']
 ['0' '94.32417169537612' 'marauded']
 ['5' '95.78274079236986' 'presentdestroyed']
 ['4' '98.60739602860845' 'presentdestroyed']
 ['5' '99.70888047243356' 'destroyed']
 ['4' '99.72522467003228' 'destroyed']
 ['0' '111.23096330284417' 'present']
 ['7' '120.85077073986461' 'marauded']
 ['6' '131.89176926473797' 'present']
 ['6' '131.93806556103428' 'present']
 ['2' '132.4510543061011' 'present']
 ['4' '136.0331222198716' 'present']
 ['5' '137.48833761974828' 'present']
 ['0' '143.26087589340582' 'present']
 ['7' '143.46966691158562' 'present']
 ['6' '146.53540284099662' 'marauded']
 ['6' '151.90108221284603' 'presentdestroyed']
 ['6' '152.4398737064457' 'presentdestroyed']
 ['6' '156.1215683564108' 'present']
 ['5' '157.9385465349738' 'marauded']
 ['0' '162.5785027327218' 'presentdestroyed']
 ['5' '167.33242448629684' 'present']
 ['5' '177.19407544157445' 'marauded']
 ['4' '187.32423498709272' 'marauded']
 ['4' '188.13167874079622' 'presentdestroyed']
 ['0' '189.74491950216878' 'destroyed']
 ['4' '193.4198299147687' 'presentdestroyed']
 ['0' '195.22092308387948' 'present']
 ['5' '199.48461260245188' 'present']
 ['6' '203.43594384819906' 'present']
 ['0' '206.3412364136595' 'present']
 ['6' '214.0683643640409' 'present']
 ['4' '218.2753350591388' 'marauded']
 ['7' '218.76958292820296' 'presentdestroyed']
 ['4' '220.2901286000349' 'presentdestroyed']
 ['4' '234.1467108532061' 'present']
 ['6' '236.81366316184636' 'present']
 ['6' '241.61778174973637' 'present']
 ['0' '242.95484218262104' 'marauded']
 ['5' '259.2001290139066' 'present']
 ['6' '259.8392856432705' 'present']
 ['7' '279.70552485688313' 'marauded']
 ['0' '280.54260261312066' 'presentdestroyed']
 ['5' '287.4468120367774' 'present']
 ['6' '288.004282303513' 'marauded']
 ['0' '313.59790976502995' 'present']
 ['6' '318.8553075722177' 'present']
 ['0' '325.64801208930913' 'present']
 ['5' '331.3335783826275' 'present']
 ['0' '331.6060622536816' 'present']
 ['4' '336.3386683647235' 'present']
 ['1' '343.63875314943783' 'marauded']
 ['4' '351.49293407796495' 'present']
 ['6' '352.31699007012486' 'marauded']
 ['4' '359.88764523352717' 'destroyed']]","[['F69' '5.210609803051194' 'mated']
 ['F75' '64.30280161165233' 'absent']
 ['F16' '73.93985094614241' 'absent']
 ['F38' '111.95592333336128' 'mated']
 ['F59' '119.50680402667098' 'absent']
 ['F59' '119.55310032296728' 'mated']
 ['F86' '124.76220995234446' 'absentdestroyed']
 ['F95' '143.18753426798753' 'mated']
 ['F7' '149.87937186136' 'absentdestroyed']
 ['F0' '156.90247487962398' 'mated']
 ['F49' '160.83421437974087' 'absentdestroyed']
 ['F96' '174.92010240100757' 'mated']
 ['F30' '197.25087051054618' 'mated']
 ['F42' '212.10058173031018' 'absent']
 ['F56' '233.7880996866851' 'mated']
 ['F61' '261.8387231911466' 'mated']
 ['F22' '269.10946116929824' 'mated']
 ['F79' '303.9464303760772' 'mated']]",1000.0,0.0,575.0,71.47149933232613,14.028417190589934,1116.0,187.92114584206797,40.344934887681354,579.0,96.96171307525846,20.626137682602717,11.0,1.0999999999999999,0.11000000000000004,55.0,2.565472850109865,0.12002743484224972
4,0.054,3,360.0490831928454,"[['3' '4.673916132142898' 'present']
 ['1' '27.874832505200235' 'marauded']
 ['7' '34.96256556127452' 'destroyed']
 ['1' '41.15945814144192' 'present']
 ['5' '41.91218724884531' 'present']
 ['5' '41.9911048940346' 'present']
 ['5' '42.03740119033089' 'present']
 ['1' '48.72005809499701' 'present']
 ['5' '52.086416825049334' 'present']
 ['1' '56.789680206939316' 'present']
 ['0' '57.55402787418405' 'present']
 ['3' '58.718072176815994' 'present']
 ['7' '59.82784203227756' 'present']
 ['3' '65.96385201727087' 'present']
 ['7' '85.77272782235733' 'marauded']
 ['3' '89.1994950326831' 'destroyed']
 ['7' '100.39938751365351' 'present']
 ['3' '104.34508526555629' 'present']
 ['7' '108.02923561960384' 'marauded']
 ['7' '108.19722266322212' 'destroyed']
 ['7' '108.97166780365653' 'destroyed']
 ['1' '109.32841610449883' 'presentdestroyed']
 ['3' '116.77234412350924' 'present']
 ['3' '120.31418679442763' 'marauded']
 ['5' '128.72925307376886' 'marauded']
 ['3' '141.39054128617317' 'present']
 ['5' '149.65285648713936' 'marauded']
 ['5' '152.93207900406458' 'presentdestroyed']
 ['1' '159.40208392665602' 'marauded']
 ['1' '162.10394359719453' 'destroyed']
 ['1' '166.68818306344997' 'present']
 ['7' '167.0810939527659' 'present']
 ['3' '173.31684966690938' 'present']
 ['5' '176.24296912691472' 'present']
 ['5' '192.380671031237' 'present']
 ['7' '201.52922212924167' 'present']
 ['3' '212.64625137794553' 'present']
 ['1' '235.282824256008' 'present']
 ['1' '235.34313594802788' 'present']
 ['3' '242.2236617090607' 'present']
 ['3' '250.71578684801446' 'marauded']
 ['1' '250.77185759034512' 'destroyed']
 ['7' '252.50836794464075' 'presentdestroyed']
 ['7' '254.08705118656792' 'presentdestroyed']
 ['2' '256.68017663218126' 'destroyed']
 ['1' '263.925517108577' 'marauded']
 ['3' '264.19388218843386' 'presentdestroyed']
 ['7' '264.90461239057805' 'presentdestroyed']
 ['7' '270.22170890343557' 'presentdestroyed']
 ['5' '275.00584246187884' 'marauded']
 ['5' '291.87414120780494' 'marauded']
 ['5' '300.04938356628253' 'marauded']
 ['5' '303.46128245946903' 'presentdestroyed']
 ['3' '305.0149513462018' 'presentdestroyed']
 ['5' '312.5479761133382' 'present']
 ['7' '317.1536636347723' 'present']
 ['2' '324.4251963353542' 'marauded']
 ['5' '325.1284716285203' 'presentdestroyed']
 ['7' '329.2521097816418' 'presentdestroyed']
 ['5' '329.9408100963842' 'presentdestroyed']
 ['5' '341.54263214281883' 'present']
 ['7' '342.4659452812162' 'present']
 ['3' '343.4821255388945' 'marauded']
 ['5' '345.3141708221596' 'presentdestroyed']
 ['1' '347.2978969241822' 'presentdestroyed']
 ['1' '350.89943636385846' 'present']
 ['1' '359.3543278185858' 'present']]","[['F16' '73.96299909429057' 'mated']
 ['F32' '89.5442878635575' 'destroyed']
 ['F38' '111.93277518521313' 'destroyed']
 ['F59' '119.48365587852282' 'absent']
 ['F86' '124.73906180419631' 'destroyed']
 ['F76' '147.773416766634' 'mated']
 ['F77' '229.19650136566395' 'mated']
 ['F48' '268.15925764878824' 'destroyed']
 ['F79' '303.92328222792906' 'absentdestroyed']]",1000.0,1000.0,560.0,69.1753998195247,15.001674418714172,1167.0,201.65584533030147,43.498085775468134,507.0,85.24451596243482,18.211789089119765,8.0,0.7999999999999999,0.08000000000000002,67.0,3.178558067106128,0.15217764060356648
5,0.054,6,360.47656777472054,"[['2' '2.927268937987191' 'present']
 ['3' '4.627619835846602' 'present']
 ['3' '18.706243184519053' 'present']
 ['4' '20.836178648941384' 'present']
 ['8' '23.602659860459674' 'present']
 ['4' '27.42507118493645' 'present']
 ['3' '30.017012849346724' 'marauded']
 ['2' '30.49569947434888' 'destroyed']
 ['3' '32.58377169597345' 'destroyed']
 ['2' '38.92577197075009' 'present']
 ['2' '50.98534510619415' 'present']
 ['8' '52.11428323628168' 'present']
 ['4' '53.78103626357175' 'present']
 ['2' '59.93146831206714' 'marauded']
 ['8' '72.28151405507442' 'marauded']
 ['4' '78.23857567319156' 'presentdestroyed']
 ['8' '78.58932389108644' 'presentdestroyed']
 ['4' '83.60060527090211' 'present']
 ['3' '89.38414386655585' 'present']
 ['4' '95.32737948140233' 'present']
 ['4' '98.3983685267841' 'present']
 ['8' '102.80504523555379' 'present']
 ['8' '122.83853358880721' 'present']
 ['3' '157.95405485082867' 'marauded']
 ['4' '175.76351921276117' 'present']
 ['3' '176.44876577981006' 'present']
 ['8' '184.43507324859797' 'present']
 ['4' '185.72929856412958' 'present']
 ['4' '191.38745157082306' 'present']
 ['8' '191.7316840939301' 'present']
 ['4' '192.21452860632382' 'present']
 ['4' '195.42813428359298' 'present']
 ['3' '196.31923460421186' 'present']
 ['8' '199.71633403800539' 'present']
 ['4' '201.67881038883803' 'marauded']
 ['3' '211.17718771196704' 'present']
 ['4' '213.1118381884595' 'present']
 ['8' '219.91243704249294' 'present']
 ['2' '225.48543124738777' 'present']
 ['2' '230.28582451184198' 'present']
 ['3' '238.06189871796892' 'marauded']
 ['8' '239.4933693739999' 'presentdestroyed']
 ['7' '244.8826180166451' 'presentdestroyed']
 ['2' '251.9994556284304' 'present']
 ['2' '254.45529230532048' 'present']
 ['7' '257.3685587955724' 'present']
 ['1' '257.83055289077373' 'present']
 ['4' '258.28660880364043' 'present']
 ['3' '262.0099916199561' 'marauded']
 ['8' '265.0678064221006' 'destroyed']
 ['2' '274.28900487152805' 'present']
 ['8' '276.65639345308796' 'marauded']
 ['2' '278.01589814273495' 'presentdestroyed']
 ['8' '280.55221397215485' 'presentdestroyed']
 ['4' '283.8959872522262' 'destroyed']
 ['2' '301.25700350903975' 'present']
 ['3' '302.7503058812305' 'present']
 ['7' '306.9541545841593' 'present']
 ['2' '308.89998938681674' 'present']
 ['4' '322.6620658412075' 'present']
 ['8' '322.9459415959412' 'present']
 ['2' '323.46954217158776' 'present']
 ['3' '332.43004947096625' 'present']
 ['3' '337.0433158135333' 'present']
 ['3' '337.4328158294578' 'present']
 ['8' '344.15437793506936' 'present']
 ['8' '346.38746381850024' 'present']]","[['F16' '73.87040650169796' 'absentdestroyed']
 ['F16' '73.91670279799426' 'destroyed']
 ['F78' '74.92794420633138' 'destroyed']
 ['F39' '118.16879533698389' 'absent']
 ['F59' '119.46050773037467' 'absent']
 ['F86' '124.83165439678892' 'mated']
 ['F94' '136.86130568238266' 'mated']
 ['F97' '146.3472016079176' 'mated']
 ['F72' '154.81864249443902' 'mated']
 ['F49' '160.7647699352964' 'absentdestroyed']
 ['F49' '160.81106623159272' 'destroyed']
 ['F55' '187.3059107155178' 'mated']
 ['F4' '223.74310042077033' 'mated']
 ['F102' '262.39671292141065' 'destroyed']
 ['F48' '268.1361095006401' 'absentdestroyed']
 ['F22' '269.0863130211501' 'destroyed']]",1000.0,2000.0,557.0,70.47581026019039,15.59133693691806,1401.0,236.69933049870517,49.788804737349395,294.0,48.731834621148714,10.366289732126637,11.0,1.0999999999999999,0.11000000000000004,65.0,3.0092592592592586,0.13931755829903977
6,0.054,7,359.8844872956156,"[['7' '1.3410630798822119' 'present']
 ['3' '15.564057339771363' 'present']
 ['3' '31.48987210401416' 'present']
 ['8' '31.617061127680486' 'present']
 ['8' '34.6784296045788' 'marauded']
 ['3' '39.120454768121355' 'presentdestroyed']
 ['8' '39.30733470036788' 'presentdestroyed']
 ['7' '52.0195418011634' 'present']
 ['7' '68.70635060935054' 'present']
 ['8' '71.80437609028287' 'present']
 ['3' '72.66555767256237' 'present']
 ['8' '81.56000301989666' 'marauded']
 ['8' '91.09479883077881' 'present']
 ['3' '93.97004701600599' 'present']
 ['7' '94.95339132454792' 'present']
 ['7' '96.44210430989794' 'present']
 ['7' '111.84116302873765' 'marauded']
 ['3' '117.88402277676113' 'presentdestroyed']
 ['7' '121.2760146115144' 'marauded']
 ['8' '129.26522262937107' 'present']
 ['7' '130.7189968438653' 'present']
 ['3' '143.40616322968785' 'present']
 ['3' '144.4081145992781' 'present']
 ['7' '159.23929599732384' 'present']
 ['8' '174.48430853819133' 'present']
 ['3' '174.5033707701168' 'present']
 ['7' '178.73823103094023' 'present']
 ['8' '179.7300000418154' 'marauded']
 ['7' '181.27948840756827' 'presentdestroyed']
 ['3' '186.93515486430394' 'present']
 ['7' '215.5417997727687' 'present']
 ['7' '238.86167595357543' 'present']
 ['10' '242.71353204900268' 'marauded']
 ['8' '243.87069345016755' 'destroyed']
 ['7' '245.73444404956933' 'presentdestroyed']
 ['7' '246.5829689331815' 'presentdestroyed']
 ['7' '247.07167873237756' 'presentdestroyed']
 ['7' '247.19090057817382' 'presentdestroyed']
 ['7' '259.69894608382447' 'present']
 ['8' '261.5542967547696' 'present']
 ['8' '266.7890966601995' 'present']
 ['7' '267.374881496569' 'present']
 ['3' '269.0718092197992' 'present']
 ['7' '280.82190992595457' 'present']
 ['3' '287.98439077386627' 'marauded']
 ['7' '291.7012099549718' 'destroyed']
 ['8' '304.590103999012' 'present']
 ['7' '309.28717641475026' 'present']
 ['8' '314.1440055269346' 'present']
 ['8' '329.86171625298056' 'present']
 ['7' '329.9338501310916' 'present']
 ['7' '329.9801464273879' 'present']
 ['3' '330.39834016822545' 'present']
 ['7' '330.7105186138402' 'marauded']
 ['8' '349.8728862045891' 'present']
 ['7' '351.77765543152435' 'present']]","[['F71' '41.97026168849697' 'destroyed']
 ['F71' '42.01655798479326' 'destroyed']
 ['F71' '42.06285428108955' 'destroyed']
 ['F59' '119.52995217481913' '']
 ['F86' '124.78535810049262' 'destroyed']
 ['F18' '135.15946586160524' 'mated']
 ['F64' '151.69372138869613' 'mated']
 ['F107' '151.97172337267094' 'mated']
 ['F99' '175.8913386771003' 'mated']
 ['F68' '179.71670276877762' 'absent']
 ['F42' '212.12372987845833' 'absent']
 ['F74' '232.41854427041744' 'mated']
 ['F65' '245.1291179276115' 'destroyed']
 ['F93' '248.1678479013642' 'destroyed']
 ['F85' '255.79740052220083' 'mated']
 ['F102' '262.48930551400326' 'mated']
 ['F70' '295.6574603414899' 'destroyed']]",2000.0,0.0,567.0,70.42895160989075,13.895950496973011,1377.0,235.05369872311076,50.91992141636781,286.0,49.04760826306716,10.392935921006806,13.0,1.3,0.13000000000000006,91.0,4.251316070590103,0.1993312757201643
7,0.054,13,360.2044056075216,"[['6' '1.6921863651535476' 'present']
 ['6' '1.7384826614498439' 'marauded']
 ['4' '3.277880495959604' 'presentdestroyed']
 ['6' '9.668866768331178' 'marauded']
 ['6' '15.750662787419442' 'destroyed']
 ['4' '25.374117262246276' 'present']
 ['8' '26.44748497398468' 'marauded']
 ['4' '27.37877488864015' 'presentdestroyed']
 ['8' '28.040257556185978' 'presentdestroyed']
 ['8' '29.07362335648999' 'presentdestroyed']
 ['4' '46.91464673978392' 'present']
 ['4' '49.19667727496701' 'present']
 ['10' '52.479421443098616' 'marauded']
 ['10' '55.278868160904345' 'destroyed']
 ['10' '70.86178409469906' 'marauded']
 ['4' '72.49808141130514' 'presentdestroyed']
 ['6' '75.78221162706176' 'presentdestroyed']
 ['4' '76.71773610965775' 'presentdestroyed']
 ['4' '81.10235231509144' 'present']
 ['10' '81.17314169260867' 'present']
 ['10' '82.99122809049346' 'present']
 ['8' '87.03410402830642' 'present']
 ['6' '92.05981170706112' 'present']
 ['6' '97.50928796672501' 'present']
 ['10' '99.615184200928' 'present']
 ['10' '100.30804598713289' 'present']
 ['6' '108.31925046310668' 'present']
 ['8' '108.45819268297106' 'present']
 ['8' '108.81464108610268' 'present']
 ['4' '119.50928510766332' 'present']
 ['8' '131.5583866424877' 'present']
 ['6' '133.37042848894606' 'present']
 ['6' '134.08201200452035' 'marauded']
 ['6' '142.36741155697388' 'present']
 ['4' '144.02273124194627' 'present']
 ['4' '145.3821016387603' 'present']
 ['8' '177.73958502024288' 'present']
 ['10' '180.52939634113113' 'present']
 ['10' '181.27673268444752' 'marauded']
 ['8' '186.27016621667173' 'presentdestroyed']
 ['10' '193.61077356941777' 'present']
 ['8' '197.00718466063685' 'present']
 ['6' '203.48224014449536' 'marauded']
 ['6' '213.25311215292615' 'present']
 ['8' '217.39045118758818' 'present']
 ['8' '228.32045397615258' 'present']
 ['10' '232.31588681728817' 'present']
 ['8' '241.70450704562774' 'present']
 ['6' '253.95769145316783' 'present']
 ['10' '257.7430975429052' 'present']
 ['6' '264.25367112402745' 'present']
 ['6' '269.2408251099581' 'present']
 ['6' '269.9449010597151' 'present']
 ['10' '273.6896266714823' 'present']
 ['6' '274.5802293822033' 'present']
 ['8' '274.7682698910319' 'present']
 ['10' '277.3324845066035' 'present']
 ['10' '284.51350138530574' 'present']
 ['4' '289.3245564288049' 'present']
 ['8' '290.13399267898933' 'present']
 ['10' '294.9394249737544' 'marauded']
 ['8' '297.6462842028483' 'destroyed']
 ['6' '311.6655736562518' 'present']
 ['8' '317.2922657921213' 'present']
 ['3' '320.79718474522014' 'present']
 ['10' '331.7321744937207' 'present']
 ['4' '334.79680843504303' 'present']
 ['10' '342.4569262705016' 'marauded']]","[['F24' '65.87492185334563' 'mated']
 ['F32' '89.56743601170565' 'mated']
 ['F83' '99.45994929478442' 'mated']
 ['F18' '135.1363177134571' 'destroyed']
 ['F105' '154.87753538188966' 'mated']
 ['F54' '177.31633091449407' 'absent']
 ['F68' '179.73985091692577' 'mated']
 ['F2' '199.82683265074337' 'mated']
 ['F42' '212.1468780266065' 'mated']
 ['F58' '214.91590323229582' 'mated']
 ['F19' '221.4590142204782' 'absent']
 ['F93' '248.19099604951236' 'mated']
 ['F21' '259.36861008824985' 'absent']
 ['F48' '268.1824057969364' 'mated']
 ['F21' '271.41490638454616' 'mated']
 ['F14' '292.8345043434925' 'mated']
 ['F70' '295.63431219334177' 'absentdestroyed']
 ['F70' '295.6806084896381' 'destroyed']
 ['F70' '295.7269047859344' 'destroyed']
 ['F3' '314.0051562511395' 'mated']]",2000.0,1000.0,561.0,64.38929934660723,12.609636027639104,1341.0,229.5188410459656,48.73840090394172,358.0,60.71033599218422,13.296289093071385,12.0,1.2,0.12000000000000005,91.0,4.385551947285088,0.2143347050754455
8,0.054,9,360.11297626017335,"[['6' '0.023148148148148147' 'present']
 ['6' '0.7640861895163962' 'present']
 ['6' '3.134987562796007' 'present']
 ['6' '10.534074699772297' 'present']
 ['5' '15.194181492151746' 'marauded']
 ['5' '20.682191718489157' 'presentdestroyed']
 ['11' '20.975605319598216' 'presentdestroyed']
 ['6' '22.538880622645515' 'destroyed']
 ['6' '43.187356631819654' 'marauded']
 ['5' '50.35298524164189' 'presentdestroyed']
 ['7' '52.175556169780116' 'present']
 ['5' '53.40312360516816' 'present']
 ['6' '57.33299309589668' 'present']
 ['6' '61.39835688849581' 'present']
 ['7' '61.78900464161837' 'marauded']
 ['7' '68.1963141818784' 'destroyed']
 ['7' '70.15396320204432' 'present']
 ['7' '80.90759932499809' 'present']
 ['6' '81.21682295495722' 'present']
 ['11' '91.14976738137207' 'present']
 ['11' '91.35226405881828' 'present']
 ['5' '92.7247865757684' 'present']
 ['6' '94.20954191666803' 'present']
 ['7' '103.40085581027304' 'present']
 ['6' '110.94945337926714' 'present']
 ['11' '111.66607879283524' 'marauded']
 ['7' '114.7497321885244' 'destroyed']
 ['7' '130.56757020568602' 'present']
 ['5' '133.8267211655264' 'marauded']
 ['11' '135.37396270060268' 'presentdestroyed']
 ['6' '138.59043850774114' 'presentdestroyed']
 ['6' '139.46577095242205' 'presentdestroyed']
 ['5' '139.651076435714' 'presentdestroyed']
 ['11' '146.44597046733023' 'present']
 ['6' '148.1101961193893' 'present']
 ['7' '159.81659178793993' 'present']
 ['7' '160.55037560628526' 'present']
 ['6' '162.6766430825434' 'marauded']
 ['6' '165.99162592157074' 'presentdestroyed']
 ['11' '173.81457262534207' 'present']
 ['11' '176.21182130789973' 'present']
 ['7' '177.46465470251505' 'present']
 ['5' '180.46086642536108' 'present']
 ['7' '180.46638882139513' 'present']
 ['5' '182.44852791321802' 'present']
 ['5' '190.02920581226186' 'present']
 ['5' '195.2662026423718' 'present']
 ['7' '200.06086090359125' 'present']
 ['6' '203.62853644079166' 'marauded']
 ['5' '212.1677552284718' 'present']
 ['6' '212.31839034280037' 'present']
 ['6' '225.70811469947245' 'present']
 ['7' '226.33583622816695' 'present']
 ['6' '228.822677381565' 'present']
 ['11' '237.02841198355944' 'present']
 ['7' '237.4598807458649' 'present']
 ['6' '241.17367876513362' 'present']
 ['5' '249.04648509288657' 'present']
 ['7' '252.4616790366482' 'present']
 ['11' '256.22994980247455' 'present']
 ['7' '261.7105791935832' 'present']
 ['6' '265.56689834087655' 'present']
 ['5' '276.23984854081885' 'present']
 ['6' '285.065106324785' 'present']
 ['4' '289.9200149150739' 'present']
 ['5' '300.4483007204111' 'present']
 ['6' '303.3803956143962' 'present']
 ['6' '305.569113659448' 'present']
 ['5' '311.3566599718906' 'present']
 ['6' '311.6192773599555' 'present']
 ['6' '312.56014335095966' 'present']
 ['6' '316.00669528741344' 'present']
 ['11' '319.9335146545073' 'present']
 ['6' '320.06470682287966' 'present']
 ['7' '323.2834957488602' 'present']
 ['11' '334.9067797360301' 'present']
 ['11' '335.13744539096825' 'marauded']
 ['5' '336.16886307687247' 'presentdestroyed']
 ['7' '339.18882007292086' 'presentdestroyed']
 ['5' '346.6341866271147' 'present']]","[['F71' '41.993409836645114' 'absent']
 ['F71' '42.039706132941404' 'absent']
 ['F24' '65.85177370519747' 'destroyed']
 ['F78' '74.95109235447953' 'mated']
 ['F26' '119.5488251892229' 'mated']
 ['F92' '124.5823278645977' 'mated']
 ['F86' '124.80850624864077' 'absent']
 ['F18' '135.11316956530894' 'absentdestroyed']
 ['F103' '141.68795622686036' 'mated']
 ['F106' '162.19991275937588' 'mated']
 ['F13' '171.57712859376014' 'mated']
 ['F40' '206.25458774146807' 'destroyed']
 ['F19' '221.48216236862635' 'mated']
 ['F65' '245.10596977946335' 'absent']
 ['F1' '261.25583187196503' 'mated']
 ['F102' '262.4198610695588' 'absent']
 ['F102' '262.4661573658551' 'absent']
 ['F88' '290.6917542885039' 'mated']
 ['F70' '295.7037566377862' 'absent']]",2000.0,2000.0,566.0,73.97537203192698,16.172849168598272,1368.0,232.77146044959073,50.30561017903045,276.0,49.07754425496943,10.972957075086063,9.0,0.8999999999999999,0.09000000000000002,73.0,3.398806183443198,0.1586076817558298
9,0.0,8,359.73013695761716,"[['0' '0.5787479088025312' 'present']
 ['0' '5.700524066234949' 'present']
 ['0' '6.166736174896836' 'present']
 ['6' '10.036397678633968' 'present']
 ['6' '11.300522184627532' 'present']
 ['6' '21.602784949515353' 'present']
 ['11' '22.838473372734143' 'present']
 ['11' '26.643883295322418' 'present']
 ['0' '29.66474028039636' 'present']
 ['11' '30.26141777272984' 'present']
 ['11' '34.63714506149297' 'present']
 ['0' '39.68526000432816' 'marauded']
 ['10' '42.47277491125384' 'presentdestroyed']
 ['6' '45.55379177428736' 'presentdestroyed']
 ['0' '46.66252100792142' 'presentdestroyed']
 ['6' '47.87969830108213' 'present']
 ['6' '48.52949095224066' 'marauded']
 ['0' '49.020291830222504' 'presentdestroyed']
 ['11' '50.860075602357504' 'presentdestroyed']
 ['6' '57.28669679960039' 'present']
 ['0' '60.085427105101594' 'present']
 ['11' '61.56897185810663' 'present']
 ['6' '63.83406568175152' 'present']
 ['6' '65.52440271094594' 'present']
 ['11' '67.7805110838273' 'present']
 ['11' '69.6997859926819' 'present']
 ['6' '74.73839954466173' 'present']
 ['11' '74.96581251615726' 'present']
 ['10' '78.68873722008188' 'present']
 ['0' '83.38566882379489' 'present']
 ['11' '86.62784453997469' 'present']
 ['10' '90.7121353099283' 'present']
 ['0' '101.1762900603949' 'present']
 ['0' '101.22258635669121' 'present']
 ['11' '102.54929204576516' 'present']
 ['7' '103.34497123706996' 'present']
 ['10' '111.61685527372815' 'present']
 ['0' '111.98878677827716' 'present']
 ['0' '116.09777430859714' 'present']
 ['10' '116.54315716133365' 'marauded']
 ['11' '119.45679256502727' 'presentdestroyed']
 ['6' '131.29960206958134' 'present']
 ['6' '138.35250715609362' 'present']
 ['10' '141.11859369959976' 'present']
 ['11' '146.15115430991173' 'marauded']
 ['0' '164.7770826233436' 'present']
 ['1' '169.37189810289195' 'marauded']
 ['0' '185.0648574131394' 'present']
 ['6' '209.4763931767566' 'present']
 ['6' '217.16508535727925' 'marauded']
 ['11' '218.9503528202029' 'presentdestroyed']
 ['6' '221.57914503826535' 'presentdestroyed']
 ['11' '225.3660010270406' 'present']
 ['2' '231.15851962762946' 'present']
 ['10' '232.7264802559647' 'present']
 ['2' '241.22753288281922' 'present']
 ['0' '246.51757887744253' 'present']
 ['6' '254.00398774946413' 'present']
 ['6' '270.8759050304333' 'present']
 ['10' '280.31144617608714' 'present']
 ['11' '283.30388446919596' 'present']
 ['10' '285.0024379997939' 'present']
 ['11' '287.4348343590989' 'present']
 ['6' '300.3107850490092' 'present']
 ['6' '301.5493017871088' 'present']
 ['0' '308.07989715049115' 'present']
 ['11' '309.72095049345876' 'present']
 ['0' '311.9956425188095' 'present']
 ['11' '318.43319364873014' 'present']
 ['10' '323.2650356779047' 'present']
 ['10' '328.5251904975984' 'present']
 ['10' '343.168403053996' 'present']
 ['11' '344.9948946376272' 'marauded']
 ['6' '359.7329382760727' 'present']]","[['F71' '54.086002429237695' 'destroyed']
 ['F57' '91.08358143203486' 'mated']
 ['F67' '130.6719542708986' 'mated']
 ['F60' '139.99977180367563' 'mated']
 ['F28' '143.36920625821006' 'mated']
 ['F81' '147.63919906109453' 'absentdestroyed']
 ['F99' '175.86819052895214' 'destroyed']
 ['F35' '234.28811684627212' 'mated']
 ['F73' '238.7968432723643' 'mated']
 ['F65' '245.15226607575966' 'mated']
 ['F21' '259.32231379195355' 'absent']
 ['F11' '304.27301621379615' 'mated']]",3000.0,0.0,558.0,72.59054729423981,15.693351570733808,1411.0,244.25941587310695,53.40339970555021,263.0,43.18854421317252,9.022820270574623,0.0,0.0,0.0,0.0,0.0,0.0
10,0.054,10,359.96623877467084,"[['1' '11.007304889728335' 'present']
 ['11' '16.670357391973205' 'marauded']
 ['11' '18.483854162114177' 'presentdestroyed']
 ['11' '18.530150458410475' 'presentdestroyed']
 ['11' '25.954328016328194' 'present']
 ['7' '44.89283177076179' 'present']
 ['7' '47.42175983897149' 'present']
 ['1' '58.76727158944805' 'marauded']
 ['11' '61.52267556181034' 'presentdestroyed']
 ['11' '64.02486423681763' 'destroyed']
 ['11' '64.07116053311394' 'destroyed']
 ['7' '70.87274329332116' 'marauded']
 ['11' '71.8559795251607' 'presentdestroyed']
 ['11' '76.60232418234521' 'presentdestroyed']
 ['7' '84.82613475826861' 'present']
 ['1' '90.28505487968513' 'present']
 ['11' '91.99953999438915' 'present']
 ['7' '95.92140956209315' 'present']
 ['1' '101.73703839571766' 'present']
 ['7' '110.12969672459705' 'present']
 ['11' '113.77288021059303' 'present']
 ['11' '138.8772522129593' 'present']
 ['1' '141.1343746959636' 'marauded']
 ['11' '142.42914803633667' 'presentdestroyed']
 ['11' '151.01725843919593' 'present']
 ['11' '153.31763313870889' 'present']
 ['7' '163.38820130001355' 'present']
 ['8' '170.99483042045296' 'present']
 ['1' '173.04435421462819' 'present']
 ['1' '182.82839755567798' 'marauded']
 ['1' '182.97469385197428' 'presentdestroyed']
 ['1' '183.02099014827058' 'presentdestroyed']
 ['1' '183.71639660054566' 'presentdestroyed']
 ['1' '185.3982755172785' 'presentdestroyed']
 ['11' '188.77994866545083' 'presentdestroyed']
 ['1' '190.97427080443683' 'present']
 ['7' '193.41353757869055' 'present']
 ['1' '195.7786746886852' 'present']
 ['7' '211.7950458349252' 'present']
 ['1' '218.76331175617196' 'present']
 ['11' '218.9040565239066' 'present']
 ['7' '221.69400197451904' 'present']
 ['11' '224.22505354620083' 'present']
 ['7' '228.90499695555002' 'present']
 ['7' '235.19436476490137' 'marauded']
 ['7' '235.34066106119766' 'presentdestroyed']
 ['1' '236.8848769387193' 'presentdestroyed']
 ['11' '243.32245028539552' 'present']
 ['7' '245.4326245153173' 'present']
 ['7' '249.09908999269427' 'present']
 ['1' '273.7879768984998' 'present']
 ['7' '306.15851929154326' 'marauded']
 ['2' '311.7110254131268' 'presentdestroyed']
 ['7' '314.21541835933175' 'present']
 ['11' '320.59644337489993' 'present']
 ['7' '324.88746138956026' 'present']
 ['7' '332.08464840783773' 'marauded']
 ['7' '337.7184401270187' 'presentdestroyed']
 ['11' '339.4299015783646' 'presentdestroyed']
 ['11' '345.6039834980998' 'marauded']
 ['1' '349.44191407531537' 'presentdestroyed']
 ['7' '356.86441948105306' 'present']]","[['F91' '56.354877530249546' 'mated']
 ['F81' '147.61605091294638' 'absentdestroyed']
 ['F81' '147.66234720924268' 'destroyed']
 ['F98' '169.33768449019334' 'mated']
 ['F10' '173.68612990177766' 'mated']
 ['F54' '177.33947906264223' 'mated']
 ['F100' '178.19784600331977' 'absent']
 ['F15' '185.55849522915042' 'destroyed']
 ['F20' '197.98371101920816' 'mated']
 ['F36' '198.92662542202555' 'mated']
 ['F2' '199.80368450259522' 'absent']
 ['F87' '214.73915019422537' 'mated']
 ['F101' '235.0133263394967' 'mated']
 ['F51' '256.33241959814217' 'mated']
 ['F21' '259.3454619401017' 'absent']
 ['F21' '259.391758236398' 'absent']
 ['F47' '276.92788710663655' 'mated']
 ['F70' '307.75005293408253' 'destroyed']
 ['F31' '352.72169783756397' 'absentdestroyed']]",3000.0,1000.0,559.0,71.45679332493219,14.91090486623445,1320.0,228.95218726648483,49.80946011134307,331.0,55.08674790507712,11.616967511529134,15.0,1.5000000000000002,0.15000000000000008,65.0,3.0667889206999663,0.1457475994513031
11,0.054,14,359.9782448380128,"[['7' '20.07487962994184' 'present']
 ['8' '28.086553852482275' 'present']
 ['8' '28.862666044444655' 'present']
 ['2' '30.44940317805258' 'present']
 ['2' '38.44825124709517' 'marauded']
 ['10' '42.882253623153424' 'presentdestroyed']
 ['2' '43.760277391733744' 'presentdestroyed']
 ['2' '51.03164140249044' 'present']
 ['8' '57.984547070230796' 'present']
 ['8' '70.99906672752628' 'present']
 ['2' '73.15201547799721' 'present']
 ['2' '73.68182583427257' 'present']
 ['8' '75.90471775484683' 'present']
 ['2' '77.4099389304232' 'marauded']
 ['10' '79.9157393203497' 'presentdestroyed']
 ['8' '80.79585268828515' 'presentdestroyed']
 ['2' '90.9637976725917' 'present']
 ['2' '93.37729718257212' 'present']
 ['8' '102.8513415318501' 'marauded']
 ['8' '111.19925816716135' 'present']
 ['2' '119.29355057590114' 'present']
 ['10' '124.54832066544385' 'marauded']
 ['2' '127.04033615128961' 'presentdestroyed']
 ['8' '129.21892633307476' 'destroyed']
 ['10' '129.65740241120128' 'destroyed']
 ['10' '140.16378017600067' 'present']
 ['10' '153.93880244421604' 'marauded']
 ['10' '154.62822879493916' 'presentdestroyed']
 ['10' '168.48130996444573' 'present']
 ['6' '169.6953307210263' 'present']
 ['0' '174.2320418324009' 'present']
 ['10' '179.30265414913106' 'marauded']
 ['2' '181.7212027800333' 'presentdestroyed']
 ['10' '182.0670350867803' 'presentdestroyed']
 ['10' '191.08891694943284' 'present']
 ['10' '194.14278853906595' 'marauded']
 ['8' '199.2093003113924' 'presentdestroyed']
 ['8' '201.78790718882505' 'presentdestroyed']
 ['10' '210.9174704093989' 'marauded']
 ['10' '218.22846523588305' 'presentdestroyed']
 ['8' '220.0102514999629' 'present']
 ['6' '224.93850661990024' 'present']
 ['2' '228.2410130856817' 'marauded']
 ['2' '235.09347300484737' 'destroyed']
 ['2' '246.2922737200937' 'present']
 ['10' '249.37887771488664' 'present']
 ['8' '253.48528831909118' 'present']
 ['8' '256.9537660900486' 'present']
 ['8' '262.39594912934194' 'marauded']
 ['10' '265.4213472873844' 'presentdestroyed']
 ['2' '267.9533620517993' 'presentdestroyed']
 ['2' '270.9337571349992' 'present']
 ['8' '273.0635031805267' 'present']
 ['8' '275.70611272789137' 'present']
 ['8' '278.0208544289278' 'present']
 ['8' '285.7991931682559' 'present']
 ['2' '286.81227801123276' 'present']
 ['10' '293.5638616671067' 'present']
 ['10' '299.850135956877' 'present']
 ['8' '306.48389317220926' 'present']
 ['8' '311.94021493934474' 'present']
 ['10' '317.2692359339569' 'present']
 ['10' '319.12629336697705' 'present']
 ['2' '320.1038569619611' 'present']
 ['2' '324.00139424626315' 'present']
 ['8' '324.88392542040646' 'marauded']
 ['2' '333.90321351037926' 'present']
 ['2' '351.4524646477209' 'present']
 ['2' '353.1193290551881' 'marauded']]","[['F8' '32.7067674720922' 'mated']
 ['F12' '48.65222801562182' 'mated']
 ['F45' '71.74829248441903' 'mated']
 ['F5' '89.91143357268992' 'mated']
 ['F92' '124.55917971644955' 'absentdestroyed']
 ['F41' '147.27074590546846' 'mated']
 ['F81' '147.68549535739083' 'mated']
 ['F106' '162.17676461122772' '']
 ['F100' '178.22099415146792' 'mated']
 ['F82' '203.51433400852244' 'mated']
 ['F40' '206.27773588961622' 'mated']
 ['F101' '234.99017819134855' 'destroyed']
 ['F53' '249.930451151846' 'mated']
 ['F102' '262.44300921770696' 'destroyed']
 ['F29' '293.28164680140924' 'absent']
 ['F70' '307.7732010822307' 'mated']
 ['F52' '310.3993461739883' 'mated']
 ['F37' '335.8086845097888' 'mated']
 ['F31' '352.7448459857121' 'mated']]",3000.0,2000.0,566.0,71.91183709816671,15.242925503282295,1241.0,211.5451465544844,45.87131477005791,446.0,72.65847599876726,15.424502582576805,7.0,0.7,0.07,72.0,3.3525098871469017,0.15646433470507534
