id,probability_maraud,successful_mating,next_foraging_time,mar_attempts,mate_attempts,x_pos,y_pos,foraging_events,foraging_hrs,foraging_sqhrs,staying_events,staying_hrs,staying_sqhrs,repairing_events,repairing_hrs,repairing_sqhrs,marauding_events,marauding_hrs,marauding_sqhrs,traveling_events,traveling_hrs,traveling_sqhrs
0,0.0,3,359.9937889971009,"[['1' '11.628392713216504' 'present']
 ['1' '19.13809634827706' 'present']
 ['14' '45.8459802209689' 'present']
 ['14' '50.11085091314422' 'marauded']
 ['10' '73.50654347700207' 'present']
 ['14' '95.14324638467099' 'present']
 ['1' '104.3228725614864' 'present']
 ['1' '123.24751355744608' 'present']
 ['14' '150.61738225080225' 'marauded']
 ['1' '150.82534840081175' 'presentdestroyed']
 ['1' '159.69519246119526' 'present']
 ['1' '165.5282020156309' 'present']
 ['1' '195.97986237227994' 'present']
 ['1' '208.916253493087' 'present']
 ['1' '218.78350147988863' 'marauded']
 ['1' '219.29096006623928' 'presentdestroyed']
 ['14' '238.20320613624966' 'marauded']
 ['14' '245.6184251526839' 'presentdestroyed']
 ['1' '260.43932004959464' 'present']
 ['14' '301.45060974585004' 'present']
 ['14' '309.93217677351254' 'present']
 ['14' '357.7988196303899' 'present']
 ['1' '359.93580347304464' 'present']]","[['F6' '11.512016638260063' 'mated']
 ['F124' '150.79947350657696' 'destroyed']
 ['F170' '188.66101080848586' 'mated']
 ['F66' '221.2837147939449' 'destroyed']
 ['F38' '222.219887621181' 'destroyed']
 ['F121' '268.46134199486625' 'mated']]",0.0,0.0,564.0,70.72696805204676,14.460784407549927,1604.0,264.98268741233255,55.32961186492256,146.0,24.29440338477733,5.102444008760642,0.0,0.0,0.0,0.0,0.0,0.0
1,0.054,10,360.14395824818206,"[['23' '7.755416409466191' 'present']
 ['23' '13.873191658427372' 'present']
 ['23' '28.905373906738458' 'present']
 ['11' '33.752168303555' 'present']
 ['23' '41.92667023656699' 'marauded']
 ['15' '56.33128269513051' 'marauded']
 ['11' '68.60218485742314' 'present']
 ['23' '68.6652579516856' 'present']
 ['23' '79.30748408477523' 'present']
 ['15' '82.71981125444712' 'present']
 ['23' '84.7496706913342' 'present']
 ['11' '91.76952737341058' 'present']
 ['11' '108.8284575424777' 'marauded']
 ['11' '111.07107248466062' 'destroyed']
 ['11' '115.41932194515803' 'presentdestroyed']
 ['23' '119.26641726442445' 'present']
 ['15' '126.35907660696849' 'present']
 ['15' '126.91376190146319' 'present']
 ['11' '132.59502876041623' 'present']
 ['23' '133.15810236267475' 'present']
 ['11' '140.9711040598752' 'present']
 ['11' '150.98493609667582' 'marauded']
 ['11' '152.23131931126716' 'presentdestroyed']
 ['11' '157.54515757671095' 'presentdestroyed']
 ['23' '167.51658136260437' 'marauded']
 ['11' '167.89142363246754' 'presentdestroyed']
 ['15' '170.786459747086' 'presentdestroyed']
 ['11' '175.3482602401789' 'present']
 ['23' '178.3265880201935' 'present']
 ['11' '178.34738896636514' 'present']
 ['23' '178.34973616834165' 'present']
 ['23' '180.02149938993264' 'present']
 ['11' '185.8385209038168' 'present']
 ['11' '189.79047746396765' 'present']
 ['11' '218.20018399378196' 'present']
 ['23' '253.99755878915127' 'present']
 ['23' '260.3764398989844' 'present']
 ['11' '270.73262380841123' 'present']
 ['23' '275.56638014907844' 'marauded']
 ['23' '281.3150535829679' 'presentdestroyed']
 ['23' '302.8483463116285' 'present']
 ['23' '307.2845017538198' 'marauded']
 ['11' '308.15062446872207' 'presentdestroyed']
 ['11' '310.54484024687747' 'presentdestroyed']
 ['11' '314.2187325365475' 'presentdestroyed']
 ['23' '323.73307054808265' 'present']
 ['11' '332.2039497118417' 'marauded']
 ['23' '335.2871307944437' 'presentdestroyed']
 ['11' '336.08118775367495' 'destroyed']
 ['15' '341.8483982958285' 'marauded']
 ['23' '343.00307885322894' 'presentdestroyed']
 ['11' '344.51695054634126' 'presentdestroyed']]","[['F29' '44.42498394369815' 'destroyed']
 ['F201' '64.28607405832076' 'mated']
 ['F94' '104.50589884096877' 'mated']
 ['F129' '125.00913822002838' 'mated']
 ['F210' '148.95253277998546' 'absent']
 ['F124' '150.78789943250288' 'absent']
 ['F144' '188.46781279925978' 'mated']
 ['F118' '190.17222873143234' 'mated']
 ['F212' '217.92592246501127' 'mated']
 ['F7' '223.54108054198954' 'mated']
 ['F141' '240.84705253489304' 'mated']
 ['F11' '276.10971169716953' 'absentdestroyed']
 ['F208' '291.75558071927185' 'mated']
 ['F51' '310.12696088668423' 'destroyed']
 ['F113' '312.9029787107681' 'absentdestroyed']
 ['F98' '325.46492621081853' 'mated']]",0.0,500.0,568.0,73.70124961207422,15.583345614766088,1351.0,228.4688755826736,48.47794790357225,319.0,54.801035999385796,11.950991278172339,10.0,0.9999999999999999,0.10000000000000003,85.0,2.225867484851751,0.06215706447187919
2,0.054,7,360.03822490499806,"[['10' '1.8018078113187779' 'present']
 ['23' '11.402213373297418' 'marauded']
 ['23' '12.992009214302074' 'presentdestroyed']
 ['10' '20.635168842763665' 'marauded']
 ['10' '24.989043736910844' 'presentdestroyed']
 ['10' '25.172528471712663' 'destroyed']
 ['23' '30.68238683339249' 'present']
 ['10' '39.435304365529966' 'present']
 ['23' '40.938630788231976' 'present']
 ['10' '43.327850103626126' 'present']
 ['10' '45.36702836068915' 'marauded']
 ['23' '52.459308489512395' 'presentdestroyed']
 ['23' '53.051721547602185' 'present']
 ['3' '73.79523252637006' 'present']
 ['23' '74.22985438911743' 'marauded']
 ['10' '75.50689265048561' 'presentdestroyed']
 ['10' '76.30452472883054' 'presentdestroyed']
 ['22' '78.71055179323812' 'presentdestroyed']
 ['23' '83.24697956941846' 'present']
 ['14' '83.63148871726467' 'present']
 ['3' '84.10687029420109' 'present']
 ['10' '86.92858267877088' 'present']
 ['23' '96.45187407342063' 'marauded']
 ['23' '98.32506397739205' 'presentdestroyed']
 ['23' '104.2672301140601' 'present']
 ['3' '114.25677768039147' 'present']
 ['3' '115.63207671382311' 'present']
 ['23' '117.27305041204374' 'present']
 ['23' '117.87780788658185' 'marauded']
 ['10' '120.3342474715004' 'presentdestroyed']
 ['10' '123.75408241977408' 'presentdestroyed']
 ['3' '129.00577564927576' 'present']
 ['10' '133.73074059002298' 'present']
 ['22' '135.68625520124377' 'marauded']
 ['10' '135.87111523541958' 'presentdestroyed']
 ['3' '136.1248718648408' 'presentdestroyed']
 ['10' '137.25672436339292' 'presentdestroyed']
 ['5' '137.4170396894294' 'presentdestroyed']
 ['23' '139.4389963288876' 'presentdestroyed']
 ['23' '155.29570994722562' 'present']
 ['10' '156.57417602442277' 'marauded']
 ['5' '163.14421954913362' 'destroyed']
 ['10' '171.91335351059632' 'present']
 ['14' '175.14031043057463' 'present']
 ['23' '181.78584102843942' 'marauded']
 ['14' '183.171477859087' 'presentdestroyed']
 ['23' '189.00872797631817' 'presentdestroyed']
 ['23' '189.03187612446632' 'presentdestroyed']
 ['23' '189.76851592432195' 'present']
 ['10' '192.91022642244016' 'present']
 ['14' '195.37641294651584' 'marauded']
 ['10' '199.72210516026036' 'destroyed']
 ['23' '210.15695504159032' 'present']
 ['14' '215.57313019369187' 'present']
 ['23' '217.998081054427' 'present']
 ['10' '222.09018309986712' 'present']
 ['10' '223.95263018649177' 'present']
 ['10' '224.75802417090608' 'present']
 ['3' '228.50560222357717' 'marauded']
 ['23' '234.82866019623035' 'presentdestroyed']
 ['14' '237.07896485785326' 'present']
 ['23' '240.1997062850006' 'present']
 ['23' '240.22285443314874' 'present']
 ['23' '242.3266043559345' 'present']
 ['23' '244.8280485365959' 'marauded']
 ['23' '250.55983829758816' 'destroyed']
 ['10' '253.14299207159792' 'present']
 ['23' '257.90336657922035' 'present']
 ['10' '260.260081831565' 'present']
 ['10' '277.63794664374177' 'present']
 ['10' '281.3322227068479' 'present']
 ['3' '282.1932992783164' 'present']
 ['3' '284.8666713922151' 'marauded']
 ['10' '291.4862071593032' 'destroyed']
 ['14' '292.51054471403177' 'presentdestroyed']
 ['23' '300.3803748014183' 'marauded']
 ['23' '304.6682765186931' 'presentdestroyed']
 ['10' '306.5331287103912' 'presentdestroyed']
 ['3' '308.8006350776708' 'present']
 ['23' '314.0118002130527' 'present']
 ['3' '315.45155253860355' 'present']
 ['23' '319.1210040607673' 'present']
 ['10' '332.3544045151633' 'present']
 ['10' '335.35427121232317' 'marauded']
 ['23' '335.42467020388136' 'presentdestroyed']
 ['10' '337.4727772081612' 'destroyed']
 ['10' '337.52248124964046' 'destroyed']]","[['F29' '44.448132091846304' 'mated']
 ['F42' '51.65586457282387' 'absentdestroyed']
 ['F137' '111.30250286473628' 'mated']
 ['F200' '120.00173763602425' 'destroyed']
 ['F202' '143.875319682643' 'absent']
 ['F73' '146.47737802895608' 'mated']
 ['F130' '186.41059450511958' 'destroyed']
 ['F191' '192.16747020460247' 'mated']
 ['F176' '215.2396606440283' 'absent']
 ['F188' '221.28697314657563' 'mated']
 ['F174' '229.78569782087757' 'destroyed']
 ['F115' '282.9247485955425' 'mated']
 ['F64' '324.77206154389916' 'mated']]",0.0,1000.0,558.0,69.27559057756245,13.672019003227838,1118.0,196.39199552509737,43.54715338035367,559.0,91.51571154809552,19.58403090417568,12.0,1.2,0.12000000000000005,63.0,1.6592307102077892,0.04661779835390942
3,0.054,3,359.8611276925204,"[['19' '3.019831306879091' 'present']
 ['18' '11.91157295127643' 'present']
 ['5' '18.88782059466026' 'present']
 ['19' '19.172297779795958' 'marauded']
 ['2' '19.218111656615516' 'destroyed']
 ['14' '26.208024205505588' 'present']
 ['18' '33.260875137365865' 'marauded']
 ['19' '33.46919455311162' 'presentdestroyed']
 ['2' '36.1693691629013' 'presentdestroyed']
 ['19' '37.675971898509886' 'presentdestroyed']
 ['4' '39.17972229585237' 'presentdestroyed']
 ['19' '41.8906614201274' 'present']
 ['2' '44.070466066548335' 'present']
 ['14' '47.704087871124784' 'present']
 ['18' '49.48744991454927' 'present']
 ['14' '50.286656779038445' 'present']
 ['18' '51.03715644097309' 'marauded']
 ['18' '51.160304589121246' 'destroyed']
 ['5' '57.70231198648166' 'presentdestroyed']
 ['14' '60.87549824908466' 'present']
 ['14' '62.07641266261633' 'present']
 ['18' '63.3487742921399' 'marauded']
 ['19' '67.10409357728867' 'presentdestroyed']
 ['18' '92.80259075108953' 'present']
 ['19' '97.05112038814707' 'present']
 ['5' '104.14435626125194' 'present']
 ['18' '108.39012673179987' 'present']
 ['18' '110.96865462239728' 'present']
 ['19' '111.92835206539058' 'present']
 ['23' '114.38144156049005' 'present']
 ['19' '121.54105319556726' 'present']
 ['18' '126.85138314893348' 'present']
 ['18' '133.30092599636242' 'present']
 ['4' '134.22894857985912' 'present']
 ['14' '157.86217946092773' 'present']
 ['19' '160.42028141381584' 'present']
 ['4' '165.20596062132526' 'present']
 ['19' '165.95574380993602' 'present']
 ['5' '166.80518439557272' 'present']
 ['5' '169.75876136979218' 'present']
 ['5' '170.5548109461838' 'present']
 ['19' '176.32456982353156' 'present']
 ['19' '179.8235503761577' 'present']
 ['5' '187.06476613596098' 'marauded']
 ['18' '188.54826103491882' 'destroyed']
 ['18' '194.74818330057082' 'present']
 ['4' '195.4743644383247' 'marauded']
 ['4' '205.67619557381536' 'present']
 ['5' '206.49289422758164' 'present']
 ['18' '208.86477130378898' 'present']
 ['5' '211.6746006305172' 'present']
 ['19' '212.19667917059496' 'present']
 ['5' '216.86762667144313' 'present']
 ['4' '223.80949694920912' 'present']
 ['19' '227.83134355376572' 'present']
 ['4' '237.1893956721715' 'present']
 ['14' '239.37592274777353' 'present']
 ['2' '239.78350116423326' 'present']
 ['19' '245.39643374217283' 'present']
 ['4' '247.61961696143166' 'present']
 ['14' '250.4724447371344' 'marauded']
 ['18' '254.61493741674022' 'presentdestroyed']
 ['18' '260.5805967561063' 'marauded']
 ['2' '262.9022729064579' 'presentdestroyed']
 ['2' '268.78470716608655' 'present']
 ['19' '268.9250339476663' 'present']
 ['2' '274.789300448277' 'marauded']
 ['5' '278.3897765263196' 'presentdestroyed']
 ['19' '278.81374611828' 'presentdestroyed']
 ['14' '282.1434150108852' 'present']
 ['14' '282.17615143594014' 'present']
 ['18' '287.06313863151644' 'present']
 ['18' '292.34749229089294' 'present']
 ['18' '293.1852048269436' 'present']
 ['14' '300.6210751560841' 'marauded']
 ['18' '302.6357438514523' 'presentdestroyed']
 ['19' '305.9428111255464' 'presentdestroyed']
 ['18' '318.8843175703669' 'marauded']
 ['19' '328.0905560176534' 'present']
 ['18' '339.9446338072949' 'present']
 ['18' '342.3707667271461' 'marauded']
 ['14' '342.7693004916304' 'destroyed']
 ['1' '351.61090754116816' 'present']
 ['18' '352.97252886597767' 'present']
 ['18' '354.001016508787' 'marauded']
 ['2' '358.31564142079924' 'presentdestroyed']
 ['4' '358.85046268436804' 'presentdestroyed']
 ['19' '359.093279436033' 'presentdestroyed']
 ['18' '359.84571786457934' 'presentdestroyed']]","[['F8' '40.82912311537022' '']
 ['F65' '90.56901674708108' 'absent']
 ['F65' '90.59216489522923' 'absent']
 ['F153' '123.85522103771353' 'mated']
 ['F209' '149.0585942688456' 'absent']
 ['F142' '193.51223097138907' 'destroyed']
 ['F3' '214.16183588197106' 'mated']
 ['F195' '259.364860797127' 'mated']
 ['F11' '276.1355921135758' 'destroyed']
 ['F5' '277.87238622038427' 'destroyed']
 ['F64' '324.7604874698251' 'destroyed']
 ['F165' '347.21138315424406' 'destroyed']]",0.0,1500.0,579.0,69.30309690615012,13.172596678027386,1233.0,208.4455200548384,44.24315003509597,457.0,78.37380513112625,16.85997633486831,19.0,1.9000000000000006,0.1900000000000001,77.0,2.092747424591073,0.0605495541838134
4,0.054,9,360.0235485519876,"[['5' '11.729128969343137' 'present']
 ['15' '31.70931616192726' 'present']
 ['15' '48.48603683325135' 'marauded']
 ['15' '61.97647701382261' 'marauded']
 ['15' '72.09271716707671' 'marauded']
 ['5' '84.88793435956715' 'marauded']
 ['15' '85.86503390990387' 'presentdestroyed']
 ['15' '110.4772245978464' 'present']
 ['15' '117.77957132638936' 'present']
 ['15' '124.23005514995188' 'present']
 ['3' '130.33928611772396' 'present']
 ['15' '175.37829052014516' 'present']
 ['15' '184.22806312371478' 'present']
 ['15' '198.08459815005247' 'present']
 ['15' '215.65567419916275' 'present']
 ['3' '219.5300444026914' 'present']
 ['15' '231.28065329687502' 'present']
 ['3' '249.03326354784113' 'present']
 ['3' '259.6967370862978' 'marauded']
 ['5' '263.9933289303821' 'presentdestroyed']
 ['15' '288.7480413540043' 'present']
 ['5' '291.5882041789345' 'present']
 ['3' '291.9437186764468' 'marauded']
 ['3' '292.43202646027896' 'presentdestroyed']
 ['15' '337.1828153923423' 'present']]","[['F75' '48.324564891298024' 'mated']
 ['F138' '116.81599709082589' 'absent']
 ['F53' '166.95093334935882' 'mated']
 ['F162' '189.56400536623386' 'mated']
 ['F186' '197.2512111488328' 'mated']
 ['F159' '210.36108009769686' 'absent']
 ['F66' '221.31843701616714' 'mated']
 ['F182' '224.9333279691382' 'absent']
 ['F58' '230.74949094698425' 'mated']
 ['F5' '277.88875443291175' 'mated']
 ['F13' '287.928569767845' 'mated']
 ['F89' '291.0063868829352' 'mated']
 ['F149' '353.4586886450199' 'absent']]",500.0,0.0,568.0,71.57916782233636,14.290066341160403,1454.0,249.56217755772764,54.43452450485696,217.0,36.505048067323806,7.758394371871008,7.0,0.7,0.07,63.0,1.7193911698574627,0.04983281893004112
5,0.054,13,359.9737690245554,"[['11' '17.470364681235406' 'present']
 ['11' '20.972264779893358' 'present']
 ['3' '29.756810637186664' 'present']
 ['18' '31.056863416613858' 'present']
 ['11' '32.15314261635072' 'present']
 ['11' '40.01861447100345' 'present']
 ['3' '48.73874229792419' 'present']
 ['18' '61.5408809996845' 'present']
 ['18' '65.16181454280299' 'present']
 ['18' '65.85931671103694' 'marauded']
 ['11' '68.00135202406868' 'presentdestroyed']
 ['11' '68.29732915087415' 'presentdestroyed']
 ['18' '70.82686698883903' 'destroyed']
 ['18' '82.22992198658915' 'present']
 ['4' '92.20879736588701' 'present']
 ['4' '97.566908158907' 'present']
 ['11' '98.05241689248932' 'present']
 ['11' '101.44824692186614' 'present']
 ['3' '104.69861849708919' 'present']
 ['3' '123.54607620658838' 'marauded']
 ['18' '129.15515760358872' 'destroyed']
 ['18' '136.05933348163313' 'present']
 ['11' '138.06174960559824' 'marauded']
 ['11' '148.38581699534663' 'marauded']
 ['18' '151.7395411754718' 'presentdestroyed']
 ['11' '155.79449989098646' 'presentdestroyed']
 ['4' '159.40941161749268' 'present']
 ['4' '164.48231417907937' 'present']
 ['18' '175.6178541273092' 'marauded']
 ['3' '178.93353879891743' 'presentdestroyed']
 ['11' '182.28584852936422' 'presentdestroyed']
 ['10' '186.71584964022352' 'present']
 ['11' '187.21185467002903' 'present']
 ['18' '193.3826129398264' 'present']
 ['11' '193.9960167703441' 'present']
 ['18' '195.04264679093652' 'present']
 ['4' '204.30475821549064' 'present']
 ['11' '204.81182090851595' 'present']
 ['18' '210.94757279583442' 'present']
 ['18' '211.1602205091526' 'present']
 ['4' '217.73113850375222' 'present']
 ['18' '220.6618662528263' 'present']
 ['18' '226.55727436030386' 'present']
 ['3' '226.86106594975564' 'present']
 ['18' '230.8174585232582' 'present']
 ['4' '239.43963617715073' 'marauded']
 ['11' '239.6866554267557' 'presentdestroyed']
 ['18' '241.3382985591536' 'presentdestroyed']
 ['18' '244.28327589332198' 'destroyed']
 ['18' '263.9564719158564' 'present']
 ['11' '266.8429997945735' 'present']
 ['11' '273.5260450781684' 'present']
 ['11' '279.33302547925814' 'marauded']
 ['3' '284.12574025218936' 'presentdestroyed']
 ['3' '284.83872910561354' 'presentdestroyed']
 ['18' '285.4467219973205' 'presentdestroyed']
 ['3' '287.92408198630284' 'present']
 ['18' '289.5800439820803' 'present']
 ['18' '302.3270403632369' 'marauded']
 ['18' '302.4654871915727' 'presentdestroyed']
 ['18' '306.6846472738125' 'presentdestroyed']
 ['11' '307.8838808336675' 'presentdestroyed']
 ['11' '308.1274763205739' 'presentdestroyed']
 ['11' '308.4599099514644' 'destroyed']
 ['18' '310.09120145378125' 'presentdestroyed']
 ['11' '310.80308071193514' 'present']
 ['18' '311.88078334721547' 'present']
 ['18' '317.321330767613' 'present']
 ['11' '317.38730405305284' 'present']
 ['3' '337.2800939184027' 'present']
 ['4' '337.42714676257475' 'present']
 ['18' '338.6393544908803' 'present']
 ['11' '340.9722618763264' 'present']
 ['11' '344.31036044429385' 'present']]","[['F157' '17.260321567959036' 'mated']
 ['F86' '30.782817421878402' 'absent']
 ['F189' '48.75008159007288' 'mated']
 ['F47' '97.02419743245365' 'absent']
 ['F65' '102.61531304337738' 'mated']
 ['F196' '109.97964664504978' 'mated']
 ['F50' '117.38757810800884' 'mated']
 ['F16' '170.18316866931988' 'mated']
 ['F135' '185.98837541694277' 'mated']
 ['F68' '200.51418767586657' 'mated']
 ['F205' '236.6013675812246' 'mated']
 ['F60' '242.1292781220683' 'destroyed']
 ['F11' '276.1519603261033' 'mated']
 ['F125' '281.14171345206654' 'destroyed']
 ['F101' '293.4890298794664' 'mated']
 ['F43' '293.54497542771134' 'mated']
 ['F120' '355.5027297380413' 'mated']]",500.0,500.0,571.0,70.39771888779401,14.648127830221958,1421.0,236.63498214838373,50.08676104042662,286.0,49.132956735583164,10.464622926168168,16.0,1.6000000000000003,0.1600000000000001,83.0,2.316437863459405,0.06858710562414262
6,0.0,12,360.13526237368643,"[['18' '14.232352547422616' 'marauded']
 ['22' '32.974743911734755' 'present']
 ['11' '33.72422601695346' 'present']
 ['22' '35.847635997497484' 'present']
 ['22' '37.05494900037248' 'present']
 ['11' '37.8789943423398' 'marauded']
 ['22' '43.01031285701016' 'presentdestroyed']
 ['5' '45.940925132331486' 'presentdestroyed']
 ['5' '46.44354165110941' 'present']
 ['22' '48.53297919081359' 'marauded']
 ['22' '51.06654098829615' 'presentdestroyed']
 ['22' '55.76316240006028' 'presentdestroyed']
 ['11' '57.257586333239544' 'present']
 ['22' '58.059237856765336' 'present']
 ['22' '79.19686549829501' 'present']
 ['22' '85.00618572016951' 'present']
 ['22' '91.26684600559742' 'present']
 ['11' '91.74158508680904' 'present']
 ['5' '93.06620106906685' 'present']
 ['2' '114.37801304944313' 'present']
 ['5' '119.21452855463048' 'present']
 ['22' '119.64604687495613' 'present']
 ['22' '119.66919502310428' 'present']
 ['22' '121.68269360688902' 'present']
 ['22' '122.33501949285245' 'present']
 ['22' '124.23804791150275' 'present']
 ['18' '125.8483994620155' 'present']
 ['11' '127.62985783434155' 'present']
 ['22' '144.12460781073048' 'present']
 ['22' '152.1263528873738' 'present']
 ['18' '163.63042998413434' 'present']
 ['5' '167.3568584337507' 'present']
 ['22' '169.44568712015862' 'marauded']
 ['22' '175.56494825540784' 'presentdestroyed']
 ['18' '178.2957357005088' 'present']
 ['22' '183.48303500161575' 'present']
 ['22' '185.19266728458769' 'present']
 ['18' '191.75553779980135' 'present']
 ['22' '191.96710241028546' 'present']
 ['22' '194.04190386866304' 'present']
 ['22' '198.93688435007232' 'present']
 ['5' '201.535305981912' 'marauded']
 ['22' '207.43436655593186' 'destroyed']
 ['18' '207.76569213523953' 'presentdestroyed']
 ['2' '227.76343153949819' 'present']
 ['11' '233.81954408992087' 'present']
 ['22' '239.75273580367093' 'present']
 ['22' '241.81452727893776' 'present']
 ['11' '244.47131207303505' 'present']
 ['5' '250.0456880521252' 'marauded']
 ['22' '253.8111189918801' 'presentdestroyed']
 ['5' '265.2270062333163' 'marauded']
 ['22' '269.09048650619076' 'presentdestroyed']
 ['5' '275.1065218233344' 'present']
 ['11' '283.8612879053706' 'present']
 ['18' '285.22436005276313' 'marauded']
 ['11' '287.5284546727329' 'presentdestroyed']
 ['22' '288.69261464593404' 'presentdestroyed']
 ['22' '293.53061743758667' 'marauded']
 ['18' '301.1458396229766' 'marauded']
 ['11' '301.51020087401173' 'presentdestroyed']
 ['18' '301.89702192779544' 'presentdestroyed']
 ['18' '306.90379047763804' 'presentdestroyed']
 ['5' '315.73379785234175' 'present']
 ['22' '330.42650149754587' 'present']
 ['22' '340.00590641954057' 'present']
 ['22' '345.0393924608028' 'present']
 ['5' '347.12493179266295' 'present']
 ['22' '353.66843977376834' 'present']
 ['22' '359.74713310270863' 'marauded']]","[['F168' '9.3751620485946' 'mated']
 ['F99' '25.460653721177234' 'absent']
 ['F8' '40.80118082876868' 'destroyed']
 ['F80' '67.12181988112839' 'mated']
 ['F78' '99.24238336062623' 'mated']
 ['F33' '107.49744401862492' 'mated']
 ['F152' '117.47292864426572' 'mated']
 ['F61' '118.9400600480706' 'mated']
 ['F147' '150.89738292490546' 'mated']
 ['F158' '184.59060827444668' 'mated']
 ['F39' '214.28080274183293' 'mated']
 ['F90' '233.87756303978423' 'mated']
 ['F150' '239.58157951298148' 'mated']
 ['F127' '249.9052532489384' 'mated']
 ['F2' '250.29296267309016' 'destroyed']
 ['F169' '358.50706371992504' 'absent']]",500.0,1000.0,583.0,66.63722415122814,11.934407426467297,1395.0,232.66680148208093,49.940597901140144,366.0,60.723966006075216,12.95521885082658,0.0,0.0,0.0,0.0,0.0,0.0
7,0.0,11,359.90241546209234,"[['14' '0.7113162481694837' 'present']
 ['19' '12.735080533520144' 'marauded']
 ['19' '18.63156782480632' 'destroyed']
 ['19' '22.74647287113105' 'marauded']
 ['15' '25.804973773811593' 'presentdestroyed']
 ['14' '37.37541259681852' 'marauded']
 ['10' '38.52155356716313' 'presentdestroyed']
 ['14' '48.343125031994674' 'present']
 ['10' '64.24029868286942' 'present']
 ['15' '66.00740846824664' 'marauded']
 ['19' '73.29461360314237' 'destroyed']
 ['10' '80.92827231757012' 'present']
 ['19' '85.11477469387448' 'present']
 ['10' '85.42491220351664' 'present']
 ['10' '86.95173082691903' 'marauded']
 ['10' '96.08187255513533' 'marauded']
 ['10' '99.51131307410294' 'presentdestroyed']
 ['10' '99.88188397892421' 'destroyed']
 ['19' '107.21571119605055' 'present']
 ['10' '116.84316486788254' 'present']
 ['10' '119.04296217110146' 'present']
 ['10' '121.53583216921419' 'present']
 ['10' '124.83336301571173' 'present']
 ['10' '129.76517696069976' 'present']
 ['15' '130.66062756390153' 'present']
 ['10' '131.96512019034904' 'present']
 ['10' '133.68444429372667' 'present']
 ['10' '133.70759244187482' 'present']
 ['10' '141.4521837970677' 'present']
 ['19' '148.2803797119109' 'present']
 ['14' '150.09890860814775' 'present']
 ['10' '152.12350569099394' 'present']
 ['10' '154.93372683735524' 'present']
 ['14' '156.70260195441534' 'present']
 ['14' '157.89012174752926' 'present']
 ['10' '171.89020536244817' 'present']
 ['10' '172.0818521732908' 'marauded']
 ['19' '174.00574566190326' 'destroyed']
 ['14' '177.50402787033065' 'presentdestroyed']
 ['10' '180.06749647519206' 'marauded']
 ['19' '180.53191920848437' 'destroyed']
 ['19' '189.65994392143344' 'present']
 ['14' '190.49042165693615' 'present']
 ['19' '192.22848610774594' 'present']
 ['14' '192.88318404698765' 'present']
 ['19' '197.11110846989914' 'present']
 ['19' '218.7861843910248' 'present']
 ['10' '223.02102743860655' 'present']
 ['14' '225.2663170253398' 'present']
 ['19' '235.510500574742' 'present']
 ['10' '235.63692832133' 'present']
 ['10' '239.68243211794817' 'present']
 ['10' '244.03191152521802' 'present']
 ['10' '247.818931457158' 'present']
 ['19' '251.53885765204797' 'present']
 ['10' '261.85375757360396' 'present']
 ['19' '262.96437492891187' 'present']
 ['19' '265.2312242275533' 'marauded']
 ['14' '266.14887703113226' 'destroyed']
 ['14' '267.8711447688637' 'presentdestroyed']
 ['14' '279.2728009151291' 'present']
 ['10' '280.1079111636028' 'present']
 ['10' '287.6819916529253' 'present']
 ['19' '309.0968296656641' 'present']
 ['10' '309.98520803512605' 'marauded']
 ['10' '313.343325300837' 'presentdestroyed']
 ['19' '324.3431295369954' 'present']
 ['19' '330.1396196633891' 'present']
 ['19' '340.83777762174805' 'present']
 ['14' '346.34075459360554' 'marauded']
 ['19' '356.4858831721146' 'present']
 ['19' '357.6315187206509' 'present']
 ['10' '358.0593382473532' 'present']]","[['F126' '45.102082262510095' 'destroyed']
 ['F177' '58.053281293753486' 'absent']
 ['F184' '84.63690146465751' 'mated']
 ['F4' '87.67936678466496' 'destroyed']
 ['F17' '94.80180396709873' '']
 ['F138' '116.84393937742743' 'mated']
 ['F72' '119.5011884675973' 'mated']
 ['F107' '119.58611132070327' 'mated']
 ['F214' '131.22655553599955' 'mated']
 ['F92' '147.44237529186975' 'mated']
 ['F140' '186.3991685418334' 'destroyed']
 ['F9' '189.6368079789062' 'mated']
 ['F41' '190.84023453906275' 'mated']
 ['F12' '215.212481278736' 'mated']
 ['F151' '222.05164007719367' 'absent']
 ['F109' '224.55398525886702' 'mated']
 ['F117' '250.0250886910479' 'mated']
 ['F51' '310.1038127385361' 'destroyed']]",500.0,1500.0,573.0,70.41402314135475,13.35234379203786,1318.0,222.47574362370676,47.451282294220576,407.0,67.12532871353258,14.334515074778354,0.0,0.0,0.0,0.0,0.0,0.0
8,0.0,14,360.7568673149755,"[['1' '6.036926596500392' 'present']
 ['10' '13.636789967008784' 'present']
 ['11' '16.079977263563126' 'present']
 ['3' '16.090672067315083' 'present']
 ['1' '16.115272245737835' 'present']
 ['3' '17.525446861387675' 'present']
 ['1' '29.22458146235393' 'present']
 ['3' '49.065290203419984' 'present']
 ['1' '52.280085345381444' 'present']
 ['3' '62.32906918561131' 'present']
 ['1' '64.11763437347803' 'present']
 ['11' '67.84271634951641' 'present']
 ['1' '76.39217762004067' 'present']
 ['1' '77.13060968061176' 'present']
 ['1' '83.656782019268' 'present']
 ['1' '86.29995114132541' 'marauded']
 ['3' '98.98851656625425' 'present']
 ['11' '110.50835151883487' 'present']
 ['3' '122.1975088110755' 'marauded']
 ['11' '126.87552383553178' 'presentdestroyed']
 ['11' '126.90826026058672' 'presentdestroyed']
 ['1' '132.389584970459' 'present']
 ['1' '137.36655511071987' 'present']
 ['1' '139.22529082730262' 'present']
 ['18' '143.64602036060703' 'present']
 ['11' '147.93544406725573' 'present']
 ['3' '180.6766518262858' 'marauded']
 ['1' '184.92765819195373' 'presentdestroyed']
 ['3' '210.46960806876547' 'present']
 ['11' '234.3576685014959' 'present']
 ['11' '235.85577970438882' 'present']
 ['1' '250.6288036429331' 'present']
 ['4' '271.7225768263804' 'present']
 ['11' '274.5905416606287' 'marauded']
 ['10' '294.3927171593226' 'present']
 ['1' '300.33862818166307' 'present']
 ['1' '305.10786096616766' 'present']
 ['10' '316.8107217817469' 'marauded']
 ['1' '317.9446104705675' 'presentdestroyed']
 ['11' '321.42431470171306' 'presentdestroyed']
 ['3' '336.22043287798465' 'present']
 ['3' '338.7696314231865' 'present']
 ['10' '341.4788693733462' 'present']
 ['1' '350.871476197889' 'present']
 ['1' '358.0794069564011' 'present']]","[['F183' '31.817006358770428' 'absent']
 ['F177' '58.07916171015973' 'mated']
 ['F133' '83.10609949942109' 'mated']
 ['F65' '90.58059082115516' 'destroyed']
 ['F137' '111.26778064251405' 'absent']
 ['F52' '137.80922940612558' 'mated']
 ['F62' '147.3585525003083' 'absent']
 ['F155' '171.18988254259398' 'mated']
 ['F49' '171.4290983579883' 'mated']
 ['F85' '187.00320620635298' 'destroyed']
 ['F118' '190.16065465735826' 'absent']
 ['F142' '193.5401732579906' 'mated']
 ['F36' '196.34894873898122' 'mated']
 ['F45' '213.4274959433405' 'mated']
 ['F83' '242.78278446610588' 'mated']
 ['F82' '244.55261157134603' 'mated']
 ['F95' '262.0360088633942' 'mated']
 ['F69' '269.1959470070537' 'mated']
 ['F34' '272.32530930248237' 'mated']
 ['F113' '312.91455278484216' 'absent']
 ['F165' '347.22295722831814' 'mated']]",1000.0,0.0,570.0,72.00857240555693,15.473148522587627,1518.0,258.0145375105033,55.89507754131587,176.0,30.306952434035285,6.4170209657771125,0.0,0.0,0.0,0.0,0.0,0.0
9,0.0,8,359.9535726978739,"[['19' '2.790396089089058' 'present']
 ['19' '8.877741431814412' 'marauded']
 ['2' '33.56165942300667' 'present']
 ['11' '48.03627267207666' 'marauded']
 ['2' '55.87127548386684' 'present']
 ['5' '81.88795477858388' 'present']
 ['19' '87.91572078779326' 'present']
 ['2' '89.83204690352903' 'present']
 ['19' '107.03623628967402' 'present']
 ['2' '107.44984092367831' 'marauded']
 ['10' '110.37155664225702' 'presentdestroyed']
 ['4' '112.22475500594524' 'presentdestroyed']
 ['5' '119.91477213746042' 'present']
 ['19' '131.37912442601527' 'present']
 ['2' '135.48434763159324' 'present']
 ['4' '137.67767472707374' 'marauded']
 ['2' '143.3915891143079' 'presentdestroyed']
 ['19' '159.36661196185594' 'present']
 ['14' '172.6191145840016' 'present']
 ['23' '179.41046277424803' 'present']
 ['19' '201.95505516887633' 'present']
 ['19' '216.8907218052865' 'present']
 ['5' '223.17306553286392' 'present']
 ['5' '232.66297353087324' 'present']
 ['19' '243.8630797113564' 'present']
 ['4' '244.25827904581692' 'present']
 ['19' '267.28078596101045' 'present']
 ['5' '292.02770358184443' 'marauded']
 ['19' '308.3335254095308' 'present']
 ['19' '332.0904353942314' 'marauded']
 ['5' '341.22545789891103' 'marauded']
 ['19' '353.4741633327822' 'present']
 ['5' '358.1688192820468' 'marauded']]","[['F123' '114.23172232384272' 'destroyed']
 ['F200' '120.01810584855171' 'mated']
 ['F132' '122.10062168007865' 'mated']
 ['F21' '133.28186161630742' 'mated']
 ['F173' '133.71503419502065' 'mated']
 ['F135' '185.97200720441532' 'absent']
 ['F203' '214.6718260110649' 'mated']
 ['F176' '215.25602885655576' 'mated']
 ['F151' '222.06321415126774' 'mated']
 ['F88' '235.4100396317548' 'mated']]",1000.0,500.0,563.0,71.43975879600818,14.987650332210936,1441.0,244.24061344816442,52.82064184470879,255.0,44.35626770101206,9.853020094769517,0.0,0.0,0.0,0.0,0.0,0.0
10,0.054,9,360.26530378275464,"[['2' '35.80132209626479' 'present']
 ['2' '56.44136837850023' 'marauded']
 ['2' '111.53660182918729' 'present']
 ['2' '125.84573614010884' 'present']
 ['14' '204.7702958566822' 'marauded']
 ['2' '213.12376535518706' 'marauded']
 ['14' '225.63527871301085' 'present']
 ['2' '273.42078995363556' 'present']
 ['2' '282.8658516632774' 'present']
 ['2' '346.06761455052737' 'marauded']]","[['F46' '46.43606536683916' 'mated']
 ['F17' '94.81337804117281' 'mated']
 ['F137' '111.2909287906622' 'absent']
 ['F15' '136.7848221272565' 'mated']
 ['F73' '146.465803954882' 'absent']
 ['F92' '147.43080121779568' 'absent']
 ['F156' '168.52243421649638' 'mated']
 ['F130' '186.42216857919365' 'mated']
 ['F38' '222.24576803758723' 'mated']
 ['F190' '229.5775623425768' 'mated']
 ['F136' '251.39625173865332' 'mated']
 ['F215' '289.49614363355784' 'mated']]",1000.0,1000.0,572.0,70.55586102716087,14.499948815104904,1518.0,260.6442523238541,56.42044873440268,139.0,24.174860914053124,5.480234070359008,18.0,1.8000000000000005,0.1800000000000001,104.0,2.8555712910879185,0.08841306584362138
11,0.054,12,360.425986230433,"[['1' '1.4121680119942555' 'present']
 ['5' '4.793678714136347' 'marauded']
 ['1' '16.13842039388598' 'present']
 ['19' '19.137575557573737' 'present']
 ['1' '21.56671268246888' 'present']
 ['1' '30.860572042041756' 'present']
 ['23' '40.33510506619192' 'present']
 ['5' '41.81742854998007' 'present']
 ['18' '60.246974279103554' 'present']
 ['18' '64.72908247041482' 'present']
 ['23' '70.81605405266181' 'marauded']
 ['5' '79.13988630044558' 'marauded']
 ['5' '81.3595069074694' 'presentdestroyed']
 ['5' '84.65231357732246' 'presentdestroyed']
 ['19' '101.14710954613132' 'present']
 ['5' '106.0753681822503' 'present']
 ['1' '116.80337082045514' 'present']
 ['1' '135.27533968238288' 'present']
 ['1' '137.72236313195316' 'present']
 ['1' '139.28236780741707' 'present']
 ['23' '145.71048354986812' 'present']
 ['1' '146.67833972872572' 'present']
 ['23' '149.72296347761994' 'present']
 ['5' '171.39134743910856' 'present']
 ['1' '176.23591508822912' 'present']
 ['1' '189.39895352195626' 'present']
 ['1' '196.62957735121296' 'marauded']
 ['1' '203.64768880676272' 'presentdestroyed']
 ['23' '205.57837402355955' 'present']
 ['1' '205.70807851701164' 'present']
 ['5' '218.11936830942508' 'present']
 ['5' '223.20100781946545' 'marauded']
 ['5' '223.3241559676136' 'presentdestroyed']
 ['5' '224.66256945897132' 'presentdestroyed']
 ['19' '227.7966213315435' 'destroyed']
 ['5' '227.94414324912782' 'presentdestroyed']
 ['5' '230.39345964044975' 'destroyed']
 ['1' '250.65195179108125' 'present']
 ['5' '266.8938402006162' 'present']
 ['1' '285.38844985902915' 'present']
 ['1' '288.9429822188628' 'marauded']
 ['1' '289.89486100100237' 'presentdestroyed']
 ['5' '320.1499571213997' 'present']
 ['5' '323.3678320856959' 'present']
 ['23' '324.3779690820781' 'marauded']
 ['1' '328.6329551228747' 'presentdestroyed']
 ['5' '339.62286695378896' 'present']
 ['5' '352.24856989037517' 'marauded']
 ['5' '356.749368162881' 'presentdestroyed']
 ['5' '359.42479784312076' 'presentdestroyed']]","[['F48' '12.628742387209128' 'mated']
 ['F47' '97.03577150652772' 'mated']
 ['F206' '116.62395056237864' 'mated']
 ['F143' '125.4840200189852' 'mated']
 ['F85' '187.01957441888044' 'mated']
 ['F68' '200.5026136017925' 'destroyed']
 ['F204' '207.5736840168334' 'mated']
 ['F180' '238.34159655792553' 'mated']
 ['F60' '242.1408521961424' 'mated']
 ['F127' '249.88888503641095' 'absent']
 ['F134' '250.82863627930237' 'mated']
 ['F125' '281.1532875261406' 'mated']
 ['F172' '302.5127929612951' 'mated']
 ['F113' '312.93092099736964' 'mated']]",1000.0,1500.0,557.0,69.9911134050999,15.508651305416304,1375.0,238.3338375822028,51.99941714826691,284.0,48.502441099903365,10.544054237870677,10.0,0.9999999999999999,0.10000000000000003,79.0,2.239731648205128,0.06858710562414264
12,0.0,7,360.15263743755213,"[['22' '23.476601260459' 'present']
 ['22' '31.21690432572627' 'present']
 ['22' '35.291290571280356' 'present']
 ['22' '47.65925026667272' 'marauded']
 ['22' '51.0385987016946' 'destroyed']
 ['22' '82.50608203239356' 'present']
 ['22' '119.69713730970582' 'present']
 ['22' '141.36365496719904' 'present']
 ['19' '142.34835967092263' 'present']
 ['19' '180.49719698626214' 'present']
 ['22' '220.58372453586202' 'present']
 ['19' '226.00103022276394' 'marauded']
 ['1' '231.70026528616307' 'presentdestroyed']
 ['1' '268.2340046507284' 'marauded']
 ['22' '326.9089011110024' 'present']
 ['22' '345.70559985821467' 'marauded']
 ['22' '350.88081756250705' 'presentdestroyed']]","[['F128' '98.46072047265993' 'mated']
 ['F55' '105.10608591446014' 'mated']
 ['F96' '164.2704113223285' 'mated']
 ['F140' '186.41074261590748' 'mated']
 ['F119' '207.89355007423666' 'mated']
 ['F0' '218.84105107823342' 'mated']
 ['F40' '262.608298904819' 'mated']
 ['F44' '270.5689352067123' 'destroyed']]",1500.0,0.0,569.0,71.73198030603243,14.862183533610109,1583.0,263.9796138614141,54.9415175260601,141.0,24.399933457350404,5.340462036147191,0.0,0.0,0.0,0.0,0.0,0.0
13,0.0,12,360.32628678925556,"[['4' '0.011574074074074073' 'present']
 ['22' '4.817830227963515' 'present']
 ['2' '9.015373312704279' 'marauded']
 ['4' '9.482535487303158' 'presentdestroyed']
 ['14' '9.774379710208818' 'destroyed']
 ['4' '13.289213924401624' 'presentdestroyed']
 ['22' '17.857487530504617' 'present']
 ['10' '28.132889706671705' 'present']
 ['10' '28.491498215307292' 'present']
 ['2' '30.517335545007032' 'present']
 ['10' '32.74193142828713' 'marauded']
 ['22' '32.9515957635866' 'presentdestroyed']
 ['22' '33.97827288233583' 'presentdestroyed']
 ['10' '34.064421889519295' 'destroyed']
 ['2' '35.6004263980608' 'presentdestroyed']
 ['2' '37.043052298370796' 'presentdestroyed']
 ['10' '37.8440031483503' 'presentdestroyed']
 ['22' '40.83987483281869' 'marauded']
 ['2' '41.866762539418175' 'presentdestroyed']
 ['2' '44.709396497243084' 'presentdestroyed']
 ['10' '46.82561611722669' 'presentdestroyed']
 ['22' '47.313393002732354' 'presentdestroyed']
 ['5' '50.30131732193772' 'marauded']
 ['22' '58.2626526816529' 'present']
 ['14' '58.79582406804146' 'present']
 ['22' '66.63581924985877' 'present']
 ['22' '71.64243429796947' 'present']
 ['2' '73.15815300164653' 'present']
 ['22' '76.94365792325894' 'present']
 ['22' '82.01891312126907' 'present']
 ['14' '87.18866595394621' 'present']
 ['22' '94.17047123097629' 'present']
 ['22' '95.13885190907683' 'present']
 ['14' '95.41152871355061' 'marauded']
 ['10' '115.04961744990946' 'present']
 ['22' '119.72507959630737' 'present']
 ['22' '119.8129883550553' 'present']
 ['2' '130.41770171693688' 'present']
 ['10' '136.22425947918777' 'present']
 ['22' '139.06468253992693' 'present']
 ['22' '141.21280275054983' 'present']
 ['2' '143.36364682770636' 'present']
 ['4' '144.82318966433112' 'present']
 ['2' '146.27514059269265' 'marauded']
 ['2' '147.4903203341893' 'presentdestroyed']
 ['10' '158.74697476029766' 'marauded']
 ['2' '168.1005647673575' 'present']
 ['2' '172.11772239473302' 'present']
 ['22' '173.7848529738485' 'present']
 ['22' '177.4437946736775' 'present']
 ['2' '179.6772714824171' 'present']
 ['4' '190.18043985583776' 'marauded']
 ['22' '191.60536742237701' 'presentdestroyed']
 ['10' '193.75510207540668' 'presentdestroyed']
 ['10' '196.05922713014695' 'presentdestroyed']
 ['14' '196.81532376206678' 'destroyed']
 ['4' '196.9136460206607' 'presentdestroyed']
 ['5' '201.50058375968976' 'present']
 ['10' '203.21871599431415' 'marauded']
 ['4' '203.23063995433998' 'destroyed']
 ['2' '206.2203844524029' 'presentdestroyed']
 ['5' '206.81433718318934' 'presentdestroyed']
 ['2' '209.22960290932957' 'destroyed']
 ['22' '236.89796884307862' 'present']
 ['10' '237.99771906382887' 'marauded']
 ['10' '243.19547759862513' 'presentdestroyed']
 ['14' '247.8627822999205' 'present']
 ['22' '248.8514957593429' 'present']
 ['22' '251.12266727040947' 'marauded']
 ['22' '251.2458154185576' 'presentdestroyed']
 ['22' '252.54665927429923' 'presentdestroyed']
 ['10' '258.6149147432246' 'present']
 ['10' '266.9384267656786' 'present']
 ['10' '267.0541209282394' 'present']
 ['22' '274.8864082974711' 'present']
 ['14' '277.69471224205773' 'present']
 ['14' '281.9688407212483' 'present']
 ['10' '292.0279473891748' 'present']
 ['2' '297.42388740146845' 'marauded']
 ['22' '298.91814417285076' 'presentdestroyed']
 ['22' '300.1249309660259' 'presentdestroyed']
 ['22' '303.63764461807165' 'presentdestroyed']
 ['4' '304.4353657629761' 'presentdestroyed']
 ['22' '312.4093958334137' 'present']
 ['22' '315.55742764884883' 'present']
 ['4' '316.9705527448336' 'present']
 ['22' '321.8813156119349' 'present']
 ['22' '321.90446376008305' 'present']
 ['22' '337.14271928149395' 'present']
 ['10' '337.3973403533657' 'present']
 ['10' '338.86293636491666' 'present']
 ['10' '340.4578469675129' 'marauded']
 ['10' '341.5135915955684' 'presentdestroyed']
 ['2' '343.6928310447022' 'presentdestroyed']
 ['22' '345.6776575716131' 'presentdestroyed']
 ['2' '350.0325101496284' 'present']
 ['2' '353.83684245532646' 'marauded']
 ['14' '355.98346958752165' 'presentdestroyed']
 ['14' '357.6632144665843' 'presentdestroyed']
 ['22' '359.31017532650344' 'presentdestroyed']]","[['F126' '45.07893411436194' 'destroyed']
 ['F42' '51.66743864689795' 'destroyed']
 ['F80' '67.10545166860092' 'absent']
 ['F37' '71.84850435798369' 'mated']
 ['F18' '82.41243787543063' 'mated']
 ['F84' '103.5874522518335' 'mated']
 ['F104' '107.84288225270204' 'mated']
 ['F123' '114.2432963979168' 'absent']
 ['F54' '128.58280613361336' 'mated']
 ['F116' '131.8841300684912' 'mated']
 ['F202' '143.8868937567171' 'mated']
 ['F53' '166.93935927528474' 'absent']
 ['F162' '189.55243129215978' 'absent']
 ['F27' '191.79412878803487' 'destroyed']
 ['F23' '214.58649628229733' 'mated']
 ['F66' '221.30686294209306' 'absent']
 ['F182' '224.94490204321227' 'mated']
 ['F150' '239.56521130045402' 'absentdestroyed']
 ['F2' '250.3093308856176' 'absent']
 ['F197' '257.6872359514231' 'destroyed']
 ['F24' '264.782025131141' 'mated']
 ['F211' '288.6763276086335' 'mated']
 ['F199' '318.4564432476471' 'mated']]",1500.0,500.0,566.0,65.62069951676732,12.462921986502586,1246.0,210.56008719833193,45.40185928900746,488.0,83.82570601225731,18.477100392392884,0.0,0.0,0.0,0.0,0.0,0.0
14,0.054,8,360.1392468768253,"[['15' '3.018948515649288' 'present']
 ['22' '6.061451148724004' 'present']
 ['10' '10.597124053165238' 'present']
 ['22' '15.116176661627218' 'present']
 ['22' '22.945030588992136' 'present']
 ['2' '34.65380840116479' 'present']
 ['3' '50.89309108000598' 'marauded']
 ['18' '51.28051873940791' 'presentdestroyed']
 ['15' '63.723353433542485' 'marauded']
 ['18' '74.98064507257409' 'marauded']
 ['22' '75.15771348692361' 'presentdestroyed']
 ['15' '79.37556947531797' 'presentdestroyed']
 ['15' '86.7957808437488' 'present']
 ['22' '118.40293137019071' 'present']
 ['15' '119.85006933676186' 'marauded']
 ['10' '135.31742412753357' 'present']
 ['10' '136.25898170141' 'marauded']
 ['2' '145.07559008500874' 'present']
 ['3' '156.8005191576512' 'present']
 ['22' '158.72635180585007' 'present']
 ['2' '174.1074700224112' 'present']
 ['22' '178.58593823631537' 'present']
 ['22' '192.8377516429442' 'present']
 ['2' '208.94249910707885' 'present']
 ['22' '214.00629337599747' 'present']
 ['3' '216.3193752041104' 'present']
 ['22' '220.4534989669551' 'present']
 ['2' '220.48684308911595' 'present']
 ['15' '225.44937852810298' 'present']
 ['2' '278.7509943897044' 'present']
 ['3' '290.7340342661694' 'present']
 ['3' '295.554976153874' 'present']
 ['22' '299.75418092646265' 'present']
 ['22' '310.6895301610516' 'marauded']
 ['22' '312.38145354681217' 'destroyed']
 ['22' '312.52704417749845' 'presentdestroyed']
 ['15' '335.0233853912014' 'marauded']
 ['22' '336.84498624565344' 'presentdestroyed']]","[['F103' '14.82199973274656' 'mated']
 ['F126' '45.09050818843602' 'absent']
 ['F65' '90.55264853455361' 'absent']
 ['F10' '112.48633641935932' 'mated']
 ['F116' '131.87255599441713' 'absent']
 ['F202' '143.85895147011556' 'destroyed']
 ['F124' '150.81104758065104' 'mated']
 ['F106' '157.24325839723' 'absent']
 ['F108' '162.22874473141823' 'mated']
 ['F28' '168.67356376638628' 'mated']
 ['F159' '210.38902238429839' 'mated']
 ['F146' '213.34550407004946' 'mated']
 ['F188' '221.27060493404818' 'absent']
 ['F66' '221.27214071987083' 'absent']
 ['F66' '221.295288868019' 'absent']
 ['F110' '225.7602980037271' 'mated']]",1500.0,1000.0,556.0,71.80252588019474,14.517188722661695,1433.0,242.40144663770235,51.90346784668821,254.0,42.69657680058155,8.820152853035465,11.0,1.0999999999999999,0.11000000000000004,71.0,2.0621125259417874,0.06269290123456789
15,0.054,14,360.1038955503266,"[['22' '3.848935145039561' 'present']
 ['19' '6.614458455231801' 'marauded']
 ['4' '8.06640302861692' 'destroyed']
 ['22' '11.143118228321983' 'presentdestroyed']
 ['22' '11.293159663637008' 'presentdestroyed']
 ['22' '11.850976185651374' 'presentdestroyed']
 ['19' '14.322463673181549' 'present']
 ['14' '18.228931358303164' 'present']
 ['14' '19.89897180763728' 'present']
 ['22' '23.852494519099746' 'present']
 ['1' '26.606187612190446' 'present']
 ['14' '31.126724540054905' 'present']
 ['23' '33.41812225536009' 'marauded']
 ['14' '34.01992492932169' 'presentdestroyed']
 ['23' '37.91903030335713' 'presentdestroyed']
 ['14' '38.5383626733808' 'presentdestroyed']
 ['1' '83.11596554909225' 'present']
 ['19' '88.89532838804898' 'marauded']
 ['19' '89.55239213523726' 'presentdestroyed']
 ['14' '98.50157092769945' 'present']
 ['14' '99.43028882051016' 'present']
 ['23' '100.77539643769202' 'present']
 ['14' '104.81447580411388' 'present']
 ['23' '105.26015680514395' 'present']
 ['1' '108.82501561630626' 'present']
 ['4' '109.70209364996887' 'present']
 ['1' '117.08992250554587' 'present']
 ['22' '117.50414131732227' 'present']
 ['23' '118.02636624447064' 'present']
 ['19' '122.41911466415542' 'present']
 ['23' '127.31986628055432' 'present']
 ['19' '128.34312131818035' 'present']
 ['1' '128.73882435126137' 'present']
 ['23' '132.9440639541768' 'present']
 ['23' '132.96721210232496' 'present']
 ['23' '134.13768139261256' 'present']
 ['1' '135.3032819689844' 'marauded']
 ['19' '144.67891573590776' 'marauded']
 ['4' '145.20176954786' 'presentdestroyed']
 ['4' '151.68409845057764' 'presentdestroyed']
 ['19' '157.64710581418538' 'marauded']
 ['4' '159.15497194788676' 'presentdestroyed']
 ['1' '162.27163903704314' 'presentdestroyed']
 ['22' '167.92121854468215' 'present']
 ['19' '175.3724380900966' 'marauded']
 ['19' '175.67388625478296' 'destroyed']
 ['4' '176.0466474128668' 'presentdestroyed']
 ['19' '183.00981112287857' 'destroyed']
 ['22' '185.69981436946563' 'present']
 ['23' '187.03420855482807' 'present']
 ['19' '197.1342566180473' 'present']
 ['22' '198.35865416156483' 'marauded']
 ['1' '203.34631749656285' 'destroyed']
 ['19' '206.91602348828252' 'marauded']
 ['19' '213.63916593682464' 'presentdestroyed']
 ['4' '223.0053099938576' 'present']
 ['22' '224.0486013794121' 'present']
 ['22' '224.53075305636332' 'present']
 ['22' '224.67986753258091' 'present']
 ['19' '225.62035085488412' 'present']
 ['4' '227.29040149063843' 'present']
 ['23' '228.38029083597087' 'present']
 ['23' '228.6984770300017' 'present']
 ['4' '229.87255568469632' 'present']
 ['14' '233.02092446484644' 'present']
 ['19' '234.4010942817619' 'present']
 ['4' '234.45365558676053' 'present']
 ['4' '234.71965723707137' 'present']
 ['1' '238.43332821080634' 'marauded']
 ['23' '240.17655813685244' 'presentdestroyed']
 ['19' '243.89102199795792' 'destroyed']
 ['23' '244.80490038844775' 'presentdestroyed']
 ['19' '247.70150137660053' 'marauded']
 ['23' '247.79046993396827' 'presentdestroyed']
 ['23' '254.80882748140323' 'presentdestroyed']
 ['22' '256.6858531286796' 'marauded']
 ['19' '268.20778700425313' 'present']
 ['23' '278.4016785843597' 'marauded']
 ['23' '281.9535026699928' 'presentdestroyed']
 ['4' '283.9634143342991' 'presentdestroyed']
 ['23' '290.43184087455995' 'marauded']
 ['23' '291.5799328950771' 'presentdestroyed']
 ['19' '303.1896648494631' 'present']
 ['4' '307.11197296529383' 'present']
 ['4' '309.590579747943' 'present']
 ['19' '315.6082905443781' 'present']
 ['22' '315.9008420511332' 'present']
 ['22' '317.224206734848' 'present']
 ['23' '318.7061214177379' 'present']
 ['19' '319.500478863116' 'present']
 ['23' '320.74887861148665' 'present']
 ['4' '322.7289295164815' 'present']
 ['22' '325.11544048783844' 'present']
 ['22' '328.05784865868617' 'present']
 ['23' '334.4575248621141' 'present']
 ['10' '334.96605259694286' 'present']
 ['19' '336.3717972808274' 'present']
 ['23' '339.8626469541712' 'present']
 ['19' '341.1247930213618' 'present']
 ['23' '344.7546796305235' 'present']
 ['22' '347.130956375215' 'marauded']
 ['1' '350.8994184844906' 'presentdestroyed']
 ['22' '355.5946583872752' 'present']]","[['F99' '25.48380186932538' 'absent']
 ['F93' '52.0138422879559' 'mated']
 ['F57' '76.80920808117673' 'mated']
 ['F81' '109.09769238173016' 'absent']
 ['F81' '109.12084052987831' 'mated']
 ['F207' '112.86240817693296' 'mated']
 ['F76' '113.93630049524162' 'mated']
 ['F138' '116.82757116489996' 'absent']
 ['F178' '117.06423696566407' 'mated']
 ['F132' '122.0726793934771' 'absent']
 ['F1' '129.5679878183145' 'mated']
 ['F145' '145.23849846551366' 'destroyed']
 ['F114' '154.34559285304616' 'mated']
 ['F32' '164.53911282591764' 'destroyed']
 ['F185' '177.12720624127516' 'destroyed']
 ['F67' '179.17188923219285' 'destroyed']
 ['F105' '192.34784155356328' 'absent']
 ['F26' '192.8031893681586' 'mated']
 ['F131' '193.02309688799537' 'mated']
 ['F0' '218.8083146531785' 'absent']
 ['F161' '225.35211850881288' 'mated']
 ['F56' '227.22823163014093' 'mated']
 ['F150' '239.53933088404779' 'destroyed']
 ['F100' '242.06145266466865' 'destroyed']
 ['F179' '276.04162817775676' 'mated']
 ['F139' '306.78796379178436' 'mated']]",1500.0,1500.0,573.0,71.0268156871584,14.362283450964446,1150.0,193.98173290941247,41.14407879594951,519.0,91.4114132969866,20.175459267855903,18.0,1.8000000000000005,0.1800000000000001,68.0,1.7946044429301196,0.048761145404663885
16,0.0,6,360.49117032883925,"[['5' '18.920557019715194' 'present']
 ['5' '55.26503278991164' 'present']
 ['3' '72.92574499777879' 'marauded']
 ['3' '76.44949780780837' 'presentdestroyed']
 ['1' '95.90116521875704' 'present']
 ['15' '99.64445058594487' 'marauded']
 ['3' '102.88208003279131' 'destroyed']
 ['15' '129.6746699867304' 'present']
 ['3' '132.38372669034217' 'marauded']
 ['3' '137.94477416021763' 'presentdestroyed']
 ['5' '160.9277085899948' 'present']
 ['15' '190.6816600088312' 'marauded']
 ['3' '210.03386802653876' 'marauded']
 ['15' '237.78669227297289' 'present']
 ['14' '283.2634562510893' 'present']
 ['5' '288.94132389833857' 'marauded']
 ['3' '309.6824858917575' 'present']
 ['5' '321.4112007746627' 'present']
 ['3' '327.87188882350733' 'marauded']
 ['3' '339.28583869254146' 'marauded']
 ['3' '341.8135254233205' 'presentdestroyed']
 ['5' '353.7977202895772' 'present']]","[['F22' '27.727514313911083' 'mated']
 ['F183' '31.833374571297895' 'mated']
 ['F62' '147.37492071283575' 'mated']
 ['F210' '148.9784131963917' 'mated']
 ['F209' '149.0701683429197' 'mated']
 ['F67' '179.1882574447203' 'mated']
 ['F142' '193.52380504546315' 'absentdestroyed']]",2000.0,0.0,556.0,70.7816261085465,15.054204803878843,1413.0,240.37843161397961,52.05595122850499,296.0,49.11475801719065,10.78650724236649,0.0,0.0,0.0,0.0,0.0,0.0
17,0.0,12,359.8867556638838,"[['4' '1.431627467949284' 'present']
 ['14' '2.6880640542149328' 'present']
 ['14' '10.407854472456892' 'present']
 ['15' '18.875910338588746' 'present']
 ['15' '25.493064869929768' 'marauded']
 ['15' '75.68933003563981' 'marauded']
 ['15' '75.96440157859358' 'presentdestroyed']
 ['4' '83.03037338879233' 'present']
 ['14' '110.0706525919794' 'present']
 ['15' '115.394801354167' 'present']
 ['15' '115.81835146843208' 'present']
 ['4' '122.18604652545065' 'present']
 ['4' '124.4664554193943' 'present']
 ['2' '130.10748892982227' 'present']
 ['14' '132.7359315360963' 'marauded']
 ['3' '134.62000238904625' 'presentdestroyed']
 ['15' '155.05087202181193' 'present']
 ['3' '169.81161727364943' 'present']
 ['15' '194.35695546446112' 'present']
 ['4' '225.5365181993495' 'marauded']
 ['4' '227.26725334249028' 'presentdestroyed']
 ['23' '248.54377194413337' 'present']
 ['15' '273.1092808720349' 'marauded']
 ['4' '284.817832498388' 'present']
 ['15' '335.6114668070602' 'present']
 ['10' '342.00366205427315' 'present']
 ['4' '344.18438771741785' 'present']
 ['15' '359.7070380246877' 'present']
 ['4' '359.9053843415704' 'present']]","[['F99' '25.472227795251307' 'absent']
 ['F31' '59.83946904248194' 'absent']
 ['F91' '69.84305644285504' 'mated']
 ['F35' '71.95688675551908' 'mated']
 ['F63' '113.97063193449053' 'mated']
 ['F167' '114.43779264401657' 'mated']
 ['F59' '149.2169982147863' 'mated']
 ['F105' '192.35941562763736' 'mated']
 ['F148' '192.7496485372009' 'mated']
 ['F166' '196.40007270716362' 'mated']
 ['F159' '210.37265417177093' 'absent']
 ['F39' '214.26922866775885' 'absent']
 ['F97' '218.67524314346724' 'mated']
 ['F19' '269.7946986805199' 'mated']
 ['F154' '336.800991390578' 'mated']
 ['F213' '350.4669054683933' 'mated']
 ['F169' '358.49548964585097' 'absent']]",2000.0,500.0,569.0,69.93335280727726,13.50282915391416,1562.0,259.3027130049918,55.43850946067212,174.0,30.767332314000498,6.837477265656125,0.0,0.0,0.0,0.0,0.0,0.0
18,0.054,4,359.9355422475495,"[['5' '1.2458918547827074' 'present']
 ['3' '17.884687515480543' 'marauded']
 ['5' '33.32927530153145' 'marauded']
 ['5' '33.63479149396261' 'destroyed']
 ['5' '39.207178555510716' 'presentdestroyed']
 ['5' '39.66533248702099' 'presentdestroyed']
 ['3' '43.82036212353388' 'present']
 ['5' '54.33653488589089' 'present']
 ['5' '75.86116948688326' 'present']
 ['3' '83.96622613372207' 'present']
 ['5' '94.64019784812768' 'present']
 ['3' '96.4609119191066' 'marauded']
 ['5' '102.30048845073703' 'destroyed']
 ['5' '106.53044167637358' 'present']
 ['11' '122.9469893017003' 'present']
 ['3' '143.516379697836' 'present']
 ['3' '143.93939991771302' 'marauded']
 ['5' '147.34098312455515' 'destroyed']
 ['3' '158.20405077281418' 'present']
 ['5' '164.63458223535022' 'present']
 ['5' '165.5615567764827' 'marauded']
 ['23' '213.86070771069097' 'present']
 ['5' '216.69636016340326' 'present']
 ['5' '221.55418668548018' 'present']
 ['5' '224.24381004653006' 'present']
 ['3' '231.66523180876067' 'marauded']
 ['3' '242.7407533912859' 'present']
 ['3' '242.84506207654883' 'present']
 ['3' '249.06120583444266' 'present']
 ['5' '249.17739622854393' 'present']
 ['3' '258.49321629800914' 'present']
 ['5' '264.0212712169837' 'present']
 ['11' '277.6330813216217' 'present']
 ['3' '285.95397925288705' 'present']
 ['5' '354.6275293762282' 'present']]","[['F86' '30.794391495952475' 'mated']
 ['F8' '40.81754904129615' 'destroyed']
 ['F65' '90.60373896930331' 'absent']
 ['F78' '99.22601514809877' 'destroyed']
 ['F25' '129.2502493435433' 'mated']
 ['F71' '188.6425566118748' 'mated']
 ['F171' '192.8964958398257' 'mated']]",2000.0,1000.0,569.0,73.37336622040715,15.062105421640416,1445.0,245.66997108438653,52.885071230852276,222.0,36.92271320248555,7.893016531956633,16.0,1.6000000000000003,0.1600000000000001,89.0,2.5410126602853293,0.07876800411522629
19,0.054,5,360.41980077572816,"[['3' '26.525662967835792' 'marauded']
 ['3' '50.86514879340444' 'present']
 ['3' '84.08372214605293' 'present']
 ['3' '87.05599376767715' 'present']
 ['15' '99.7723928725464' 'present']
 ['3' '102.90522818093946' 'present']
 ['10' '113.78666662602707' 'present']
 ['3' '114.23362953224331' 'present']
 ['15' '131.82238777889341' 'marauded']
 ['3' '165.01156870151328' 'present']
 ['3' '176.40065806855415' 'present']
 ['15' '193.5697988364534' 'present']
 ['15' '272.2584234532121' 'present']
 ['10' '281.36967719732826' 'marauded']
 ['15' '287.303226914958' 'presentdestroyed']
 ['15' '287.9616162987932' 'presentdestroyed']
 ['15' '288.98163851655323' 'marauded']
 ['15' '343.0544846598861' 'present']]","[['F111' '19.335530269692637' 'mated']
 ['F8' '40.8406971894443' 'mated']
 ['F81' '109.10926645580423' 'absent']
 ['F132' '122.08425346755118' 'absent']
 ['F185' '177.13878031534924' 'mated']
 ['F140' '186.38759446775933' 'absent']
 ['F26' '192.79161529408452' 'absent']
 ['F14' '199.52172922795185' 'mated']
 ['F100' '242.07302673874273' 'mated']]",2000.0,1500.0,584.0,71.10188153784637,13.521669620333848,1520.0,260.06565786315275,56.210140846970695,145.0,24.482415981784456,5.227862069490205,17.0,1.7000000000000004,0.1700000000000001,98.0,2.6510859244116056,0.07608882030178322
20,0.0,7,360.1371301260055,"[['18' '4.42246622488937' 'marauded']
 ['19' '4.64502983633515' 'presentdestroyed']
 ['18' '12.82987433495172' 'present']
 ['18' '15.638516733327435' 'present']
 ['1' '15.818346870209979' 'present']
 ['1' '25.27936908029408' 'present']
 ['1' '39.581940191593866' 'present']
 ['1' '51.30801179005907' 'marauded']
 ['19' '63.953621127889384' 'present']
 ['1' '92.69152093796029' 'present']
 ['18' '92.77464846448798' 'present']
 ['4' '93.63021685471364' 'present']
 ['19' '101.18662590680694' 'present']
 ['19' '103.10077892304543' 'marauded']
 ['4' '110.55114762830627' 'present']
 ['4' '112.84028897976027' 'present']
 ['4' '136.15809616099975' 'present']
 ['4' '136.25718573614319' 'present']
 ['18' '174.2615456448139' 'present']
 ['18' '175.58991184070766' 'present']
 ['18' '185.8000108792905' 'present']
 ['18' '186.18017854244525' 'present']
 ['4' '224.61174366407394' 'marauded']
 ['19' '234.87439746824853' 'marauded']
 ['19' '239.22558473331972' 'presentdestroyed']
 ['19' '245.5990414208755' 'marauded']
 ['18' '246.83258432781565' 'presentdestroyed']
 ['18' '250.2578032068251' 'presentdestroyed']
 ['4' '275.50402438359635' 'present']
 ['18' '290.7571578764366' 'present']
 ['18' '296.97999521458496' 'present']
 ['18' '297.0127316396399' 'present']
 ['4' '303.7119411059744' 'present']
 ['18' '329.00357645609733' 'present']
 ['4' '331.88379346184706' 'marauded']
 ['19' '334.99171453863926' 'presentdestroyed']
 ['18' '335.62953695446873' 'presentdestroyed']
 ['19' '351.3428631991634' 'present']
 ['19' '353.1475881060735' 'present']]","[['F31' '59.855837255009405' 'mated']
 ['F4' '87.69094085873904' 'mated']
 ['F175' '156.1944869800295' 'absent']
 ['F20' '161.0195901179188' 'mated']
 ['F74' '173.149787317901' 'mated']
 ['F102' '189.69203622844392' 'mated']
 ['F181' '216.72843777601335' 'absent']
 ['F58' '230.73791687291018' 'destroyed']
 ['F192' '254.5089900443864' 'mated']
 ['F44' '270.5853034192398' 'mated']
 ['F154' '336.78462317805054' 'destroyed']]",2500.0,0.0,562.0,71.69979042221527,14.437429092188568,1448.0,245.6624736419482,52.55175238268058,265.0,42.69161020808388,8.68253949155615,0.0,0.0,0.0,0.0,0.0,0.0
21,0.0,4,360.2399995361401,"[['18' '59.2263352604358' 'present']
 ['18' '119.60575063149663' 'present']
 ['19' '180.45090068996583' 'present']
 ['10' '285.63203803814906' 'marauded']
 ['10' '309.12106299127566' 'present']
 ['18' '318.0854629417245' 'marauded']
 ['3' '326.9932736626355' 'present']
 ['23' '332.97976571953524' 'present']]","[['F126' '45.11365633658417' 'mated']
 ['F175' '156.20606105410357' 'mated']
 ['F9' '189.62523390483213' 'absent']
 ['F181' '216.74001185008743' 'mated']
 ['F194' '241.42007666042673' 'absent']
 ['F149' '353.48183679316804' 'mated']]",2500.0,500.0,565.0,74.93128753705346,17.671811695384687,1613.0,273.11862108406274,58.579091857618934,75.0,12.173066710132066,2.51033989075711,0.0,0.0,0.0,0.0,0.0,0.0
22,0.054,16,360.00960618320215,"[['23' '91.45210444779151' 'present']
 ['15' '130.62789113884662' 'present']
 ['10' '221.1879400925064' 'present']
 ['14' '225.29425931194132' 'present']
 ['14' '240.4210885510698' 'present']
 ['15' '277.76484798777904' 'marauded']
 ['15' '345.5795086268863' 'present']]","[['F42' '51.679012720972025' 'mated']
 ['F187' '97.91338482145296' 'mated']
 ['F123' '114.25487047199087' 'mated']
 ['F30' '124.02906469752631' 'mated']
 ['F198' '126.21034521544152' 'mated']
 ['F106' '157.25962660975745' 'mated']
 ['F160' '173.39283149061006' 'mated']
 ['F112' '185.12470014103556' 'mated']
 ['F27' '191.80570286210894' 'mated']
 ['F0' '218.79194644065106' 'absent']
 ['F0' '218.82468286570597' 'absent']
 ['F174' '229.80884596902573' 'mated']
 ['F163' '243.26586915621058' 'mated']
 ['F2' '250.3209049596917' 'mated']
 ['F197' '257.69881002549715' 'mated']
 ['F70' '268.0191433884072' 'mated']
 ['F211' '288.66475353455945' 'absent']
 ['F87' '297.6692033851723' 'mated']
 ['F169' '358.5186377939991' 'mated']]",2500.0,1000.0,566.0,71.30521215871048,14.88664843641575,1651.0,278.0176433043932,59.12851525787075,34.0,6.0384354031221585,1.354482877063514,13.0,1.3,0.13000000000000006,123.0,3.391804625559313,0.0980581275720164
23,0.054,10,360.0366875018908,"[['11' '13.742953049251701' 'present']
 ['1' '16.257024234162007' 'marauded']
 ['15' '17.222803650770565' 'presentdestroyed']
 ['15' '23.232313969623355' 'presentdestroyed']
 ['11' '25.113869201955907' 'present']
 ['1' '27.774440159088034' 'present']
 ['2' '43.94731791840018' 'marauded']
 ['2' '45.316548338617466' 'presentdestroyed']
 ['2' '55.00394021651943' 'marauded']
 ['1' '68.53973560026242' 'present']
 ['15' '77.08173555652046' 'present']
 ['15' '78.3245340682804' 'present']
 ['18' '79.34962009241784' 'present']
 ['2' '83.210002272278' 'present']
 ['11' '90.60565654917008' 'present']
 ['1' '99.58167208641217' 'present']
 ['2' '110.30529602057469' 'present']
 ['2' '117.84595223897155' 'present']
 ['1' '122.55949286702734' 'present']
 ['15' '128.89565806974647' 'present']
 ['2' '130.07003443934195' 'present']
 ['1' '143.15376840588104' 'present']
 ['11' '156.56093727995147' 'marauded']
 ['2' '166.12993768544484' 'present']
 ['3' '168.1035689478356' 'marauded']
 ['1' '174.45776651136248' 'presentdestroyed']
 ['15' '183.24910931114977' 'present']
 ['1' '183.80177980311146' 'present']
 ['22' '193.04349420334034' 'present']
 ['1' '194.25048212331654' 'present']
 ['1' '197.95426878805193' 'present']
 ['1' '210.23230059715624' 'present']
 ['11' '211.13529532551362' 'present']
 ['22' '213.88805436844385' 'present']
 ['15' '218.1118445512012' 'present']
 ['2' '220.10635765470053' 'marauded']
 ['15' '231.76712750856976' 'present']
 ['15' '246.30295791074673' 'present']
 ['1' '260.8188911321909' 'present']
 ['1' '264.0559747135111' 'present']
 ['11' '284.4607939718524' 'present']
 ['2' '299.4149314531829' 'present']
 ['15' '306.28821135946004' 'present']
 ['1' '306.5741300156385' 'present']
 ['2' '312.73670594221824' 'present']
 ['2' '314.56394555360794' 'present']
 ['15' '325.137101132458' 'marauded']
 ['1' '351.4734530506878' 'marauded']]","[['F99' '25.495375943399452' 'mated']
 ['F77' '28.580367658500446' 'mated']
 ['F29' '44.43655801777223' 'absentdestroyed']
 ['F42' '51.6442904987498' '']
 ['F164' '130.284234431485' 'mated']
 ['F145' '145.25007253958773' 'mated']
 ['F193' '152.55746704618838' 'mated']
 ['F32' '164.55068689999172' 'mated']
 ['F212' '217.9143483909372' 'absent']
 ['F7' '223.52950646791547' 'destroyed']
 ['F56' '227.21665755606685' 'absentdestroyed']
 ['F194' '241.44595707683297' 'mated']
 ['F122' '293.9062119976694' 'mated']
 ['F79' '303.8278439319823' 'mated']
 ['F51' '310.1385349607583' 'mated']]",2500.0,1500.0,582.0,69.61053995879806,14.25317514442485,1421.0,237.94958228708145,50.74742630121646,288.0,48.71387223507795,10.247395650978076,16.0,1.6000000000000003,0.1600000000000001,92.0,2.4347300899884043,0.07126628943758566
