id,probability_maraud,successful_mating,next_foraging_time,mar_attempts,mate_attempts,x_pos,y_pos,foraging_events,foraging_hrs,foraging_sqhrs,staying_events,staying_hrs,staying_sqhrs,repairing_events,repairing_hrs,repairing_sqhrs,marauding_events,marauding_hrs,marauding_sqhrs,traveling_events,traveling_hrs,traveling_sqhrs
0,0.054,12,360.1002905141263,"[['16' '0.45621113950783243' 'marauded']
 ['18' '13.591195329439785' 'present']
 ['18' '18.069732516229383' 'present']
 ['1' '19.62218934974534' 'present']
 ['2' '30.7761361429244' 'present']
 ['18' '38.008875824361056' 'marauded']
 ['16' '39.341822229923494' 'presentdestroyed']
 ['3' '47.27896640647313' 'marauded']
 ['18' '48.50573415671856' 'destroyed']
 ['19' '55.66461613674245' 'present']
 ['1' '64.73591265036394' 'present']
 ['18' '75.05450172761023' 'present']
 ['23' '90.21068626494504' 'present']
 ['18' '93.16661348030529' 'present']
 ['16' '96.60005686204089' 'present']
 ['18' '97.6144889206214' 'present']
 ['16' '98.98035758563971' 'present']
 ['22' '109.57972787706797' 'present']
 ['16' '110.85172236945183' 'present']
 ['18' '128.01405338088134' 'present']
 ['18' '132.15397517976345' 'present']
 ['23' '132.23557398053123' 'present']
 ['16' '138.34886950048607' 'present']
 ['18' '139.05629880900472' 'present']
 ['22' '140.5657822480271' 'present']
 ['16' '145.63259171535373' 'present']
 ['3' '154.3404300695168' 'marauded']
 ['1' '154.63972905102995' 'presentdestroyed']
 ['1' '161.21743578675202' 'destroyed']
 ['18' '164.26282938965997' 'present']
 ['18' '168.3802136527332' 'present']
 ['18' '169.6882219805095' 'present']
 ['18' '170.94308078474205' 'present']
 ['18' '175.67952222016086' 'present']
 ['18' '177.75560795191672' 'present']
 ['3' '186.59404031617606' 'present']
 ['1' '187.09191819670417' 'marauded']
 ['16' '195.01802388834605' 'marauded']
 ['16' '198.86891987680946' 'presentdestroyed']
 ['12' '203.1985259956656' 'present']
 ['18' '204.39007753526806' 'present']
 ['18' '207.3252733050211' 'present']
 ['18' '213.22342544860402' 'present']
 ['16' '227.06037675194582' 'present']
 ['16' '239.99968736392015' 'present']
 ['16' '261.319428303097' 'marauded']
 ['18' '273.44804675896575' 'marauded']
 ['18' '282.86942359172144' 'present']
 ['18' '295.81269234065513' 'present']
 ['16' '314.57008775816723' 'present']
 ['18' '319.02869256628213' 'present']
 ['18' '320.06869810746304' 'present']
 ['13' '329.032414663989' 'present']
 ['23' '331.6241890677147' 'present']
 ['16' '335.4560958051094' 'present']
 ['3' '341.73196236434' 'present']
 ['18' '349.1199271691843' 'present']
 ['18' '349.48174508698634' 'present']
 ['4' '352.88387845368317' 'present']
 ['2' '355.00219594568733' 'marauded']
 ['18' '356.393197078053' 'destroyed']]","[['F145' '26.63107858955881' 'mated']
 ['F37' '80.89842761796021' 'mated']
 ['F92' '81.41789295172373' 'mated']
 ['F36' '119.54041323030972' 'mated']
 ['F51' '125.88638460876386' 'mated']
 ['F75' '132.217586451884' 'mated']
 ['F149' '139.07353599434728' 'mated']
 ['F139' '161.21805771341081' 'absentdestroyed']
 ['F1' '175.40288477029955' 'mated']
 ['F12' '206.0229019564827' 'mated']
 ['F83' '238.6957218261556' 'mated']
 ['F118' '242.1124486724497' 'mated']
 ['F184' '299.58075969006194' 'mated']]",0.0,0.0,570.0,73.22883273683803,14.816547763378303,1343.0,231.13963450644172,49.8040798224562,299.0,52.20758797001876,11.37891744448435,12.0,1.2,0.12000000000000005,81.0,2.250356429125512,0.0685871056241426
1,0.054,12,359.95673724064585,"[['6' '1.3556445930809151' 'present']
 ['22' '3.51000461784931' 'marauded']
 ['14' '13.969782767008832' 'present']
 ['0' '14.249226050975555' 'present']
 ['0' '18.90841442807407' 'present']
 ['0' '28.953613320504118' 'marauded']
 ['8' '29.08071432575823' 'destroyed']
 ['3' '29.521825368843235' 'presentdestroyed']
 ['6' '39.713320637979145' 'present']
 ['8' '48.51762354999298' 'present']
 ['3' '53.82258189387257' 'marauded']
 ['8' '55.337264725321226' 'presentdestroyed']
 ['0' '56.36435194757852' 'presentdestroyed']
 ['3' '58.132896853241355' 'destroyed']
 ['0' '59.15842280581127' 'presentdestroyed']
 ['3' '68.18850303995599' 'marauded']
 ['0' '71.74543408984866' 'destroyed']
 ['3' '72.93153724082777' 'presentdestroyed']
 ['3' '73.12240986685131' 'presentdestroyed']
 ['8' '73.47916323675487' 'presentdestroyed']
 ['8' '74.92832206793014' 'presentdestroyed']
 ['6' '76.22089541268859' 'present']
 ['10' '78.44629624615061' 'present']
 ['0' '78.71436933212708' 'present']
 ['14' '80.66671232813694' 'present']
 ['14' '80.99557392864304' 'marauded']
 ['8' '83.00894096782382' 'presentdestroyed']
 ['6' '86.74329108206355' 'destroyed']
 ['14' '89.00047813842947' 'marauded']
 ['3' '90.60797701071303' 'presentdestroyed']
 ['0' '91.23987017614081' 'presentdestroyed']
 ['3' '95.815593421477' 'presentdestroyed']
 ['0' '99.09121008008198' 'marauded']
 ['17' '101.78784515577635' 'destroyed']
 ['17' '101.89493459433686' 'presentdestroyed']
 ['0' '104.33799069149778' 'presentdestroyed']
 ['14' '105.03854674336591' 'destroyed']
 ['8' '105.57041367774279' 'presentdestroyed']
 ['0' '115.97971776360002' 'present']
 ['8' '121.75790519867887' 'present']
 ['0' '127.86000554099087' 'marauded']
 ['22' '130.88619941622807' 'presentdestroyed']
 ['8' '132.10726868872874' 'presentdestroyed']
 ['14' '132.43684910080174' 'presentdestroyed']
 ['0' '135.2268312961779' 'presentdestroyed']
 ['3' '145.10166384187463' 'present']
 ['3' '157.6644562527853' 'present']
 ['3' '167.1980963828636' 'present']
 ['6' '168.6414014394421' 'marauded']
 ['12' '170.44005340558977' 'presentdestroyed']
 ['14' '170.53444321716358' 'destroyed']
 ['12' '172.32540648983073' 'destroyed']
 ['22' '173.93158561104866' 'presentdestroyed']
 ['8' '175.27779727398828' 'presentdestroyed']
 ['0' '176.96274921990243' 'present']
 ['8' '177.9960594797849' 'marauded']
 ['3' '186.21456855069005' 'present']
 ['17' '198.05189128031404' 'present']
 ['12' '201.45387934023407' 'present']
 ['3' '203.07041317451575' 'present']
 ['0' '204.42436763375306' 'present']
 ['6' '206.71004334138567' 'marauded']
 ['6' '208.2874844174598' 'presentdestroyed']
 ['3' '215.8199706818491' 'present']
 ['22' '220.05655768848845' 'present']
 ['6' '226.6502053305193' 'present']
 ['0' '230.4347385508506' 'present']
 ['22' '231.04211272950576' 'marauded']
 ['6' '231.2233718289412' 'presentdestroyed']
 ['8' '241.0498582755879' 'present']
 ['22' '241.54434947248913' 'marauded']
 ['22' '248.33037286882424' 'presentdestroyed']
 ['14' '252.19202546686248' 'marauded']
 ['0' '254.40295328181654' 'presentdestroyed']
 ['8' '255.17988451397937' 'destroyed']
 ['14' '263.9963358350222' 'present']
 ['12' '265.8807750968359' 'present']
 ['6' '269.53429779210563' 'present']
 ['14' '276.0893370761958' 'present']
 ['6' '280.3253776596014' 'marauded']
 ['8' '283.9676361526777' 'presentdestroyed']
 ['6' '284.0631897998989' 'presentdestroyed']
 ['12' '289.358332654202' 'present']
 ['12' '291.00929155173424' 'present']
 ['3' '292.8366047847512' 'present']
 ['3' '300.29275587765756' 'present']
 ['22' '305.7227911742718' 'present']
 ['0' '310.1338420823061' 'marauded']
 ['14' '315.35301122739395' 'presentdestroyed']
 ['6' '316.06793896943464' 'presentdestroyed']
 ['6' '319.9242427738551' 'present']
 ['12' '323.7554989792081' 'present']
 ['0' '329.3231683634724' 'marauded']
 ['3' '342.52280564710946' 'present']
 ['8' '346.2240821425519' 'present']
 ['12' '348.75848654543825' 'present']
 ['8' '357.42156197365' 'marauded']]","[['F119' '29.85020821419769' 'destroyed']
 ['F152' '42.155185894159644' 'absent']
 ['F152' '42.178334042307796' 'absent']
 ['F31' '59.15397241698052' 'destroyed']
 ['F73' '60.25536870024163' 'destroyed']
 ['F67' '78.63348561645597' 'absent']
 ['F195' '101.11266557825468' 'destroyed']
 ['F49' '146.6477337665608' 'mated']
 ['F52' '155.28710900866758' 'mated']
 ['F139' '161.2296317874849' 'mated']
 ['F5' '174.7512517828097' 'destroyed']
 ['F1' '175.39131069622547' 'destroyed']
 ['F204' '186.96634496197782' 'absent']
 ['F104' '191.5605368803536' 'absent']
 ['F93' '195.90068996964663' 'mated']
 ['F178' '203.30316327968677' 'mated']
 ['F34' '222.4656831092112' 'mated']
 ['F26' '229.29586105120958' 'mated']
 ['F138' '249.73610646665188' 'mated']
 ['F141' '268.8331083623781' 'mated']
 ['F85' '269.04116178701645' 'mated']
 ['F208' '275.5285876756844' 'mated']
 ['F41' '290.93651776172146' 'mated']]",0.0,500.0,565.0,74.45345434091017,15.64402017959718,1030.0,177.91722620940655,38.93866426430127,629.0,105.84405896274036,22.550575615095166,7.0,0.7,0.07,48.0,1.2245253457548995,0.032686042524005504
2,0.054,4,360.4582674057901,"[['13' '0.8612470902985423' 'present']
 ['4' '2.946544411213251' 'marauded']
 ['22' '6.270285346658691' 'presentdestroyed']
 ['8' '9.97235474419693' 'present']
 ['4' '12.710332639288008' 'present']
 ['22' '17.577125415966936' 'present']
 ['4' '18.28821628149289' 'present']
 ['23' '20.131149200879854' 'present']
 ['23' '28.610976926750144' 'present']
 ['23' '31.776594406166904' 'present']
 ['23' '48.22670693819877' 'present']
 ['8' '50.63060910244065' 'present']
 ['13' '54.05815397986228' 'present']
 ['22' '54.60545049791915' 'present']
 ['4' '61.48903703926636' 'present']
 ['13' '61.62420807151088' 'present']
 ['16' '63.235706528448354' 'present']
 ['4' '70.6358186653968' 'marauded']
 ['4' '71.4625392076752' 'presentdestroyed']
 ['17' '75.28786405489232' 'presentdestroyed']
 ['4' '77.20411578946096' 'presentdestroyed']
 ['8' '79.42034141712055' 'present']
 ['12' '90.32000614708073' 'marauded']
 ['16' '92.49018653277109' 'presentdestroyed']
 ['8' '95.96689643987528' 'destroyed']
 ['22' '98.79125675611161' 'marauded']
 ['23' '100.6293078415277' 'presentdestroyed']
 ['22' '115.9799532820785' 'present']
 ['17' '124.0497055830142' 'marauded']
 ['8' '127.10365987589906' 'presentdestroyed']
 ['23' '127.29097916088308' 'presentdestroyed']
 ['17' '132.2073383216303' 'present']
 ['17' '132.99737779981857' 'present']
 ['23' '133.3395368440187' 'marauded']
 ['0' '133.56722899801787' 'presentdestroyed']
 ['13' '134.05209393862987' 'destroyed']
 ['8' '137.09850526366623' 'presentdestroyed']
 ['13' '138.13093986202148' 'destroyed']
 ['8' '139.62222899064622' 'presentdestroyed']
 ['22' '143.62302118361052' 'marauded']
 ['23' '144.73122800272384' 'presentdestroyed']
 ['4' '151.49348594616578' 'present']
 ['23' '154.37972115970564' 'present']
 ['23' '156.48818098327789' 'present']
 ['13' '161.44540338321522' 'present']
 ['23' '166.02893494377136' 'marauded']
 ['23' '168.3750726104966' 'presentdestroyed']
 ['4' '172.82910273921118' 'presentdestroyed']
 ['8' '174.73071814774306' 'present']
 ['4' '176.32431406546746' 'present']
 ['4' '178.57110084843143' 'present']
 ['23' '181.39133162023313' 'present']
 ['23' '188.22948995334332' 'marauded']
 ['17' '189.9108025784399' 'presentdestroyed']
 ['13' '191.0608859286686' 'presentdestroyed']
 ['13' '198.85120559809644' 'present']
 ['23' '200.32152674303526' 'present']
 ['13' '202.22997433483243' 'present']
 ['23' '210.18074480826849' 'present']
 ['16' '212.6197618390124' 'present']
 ['8' '225.20728813025667' 'present']
 ['12' '227.2414240987672' 'present']
 ['8' '227.45004306306618' 'present']
 ['17' '230.9912249640334' 'present']
 ['23' '234.36169786890667' 'marauded']
 ['13' '245.3851818986675' 'present']
 ['23' '248.4157852978977' 'present']
 ['8' '249.31618419506736' 'marauded']
 ['8' '250.13873139292852' 'presentdestroyed']
 ['17' '253.5595654688679' 'presentdestroyed']
 ['17' '258.917352558488' 'present']
 ['4' '263.6351777158675' 'present']
 ['13' '273.4963576981035' 'present']
 ['22' '275.61173006138927' 'present']
 ['0' '284.882919181319' 'present']
 ['8' '288.754573610872' 'present']
 ['13' '298.7772712135962' 'present']
 ['22' '300.63412683667116' 'marauded']
 ['13' '305.55785501530295' 'presentdestroyed']
 ['17' '307.3846162571618' 'destroyed']
 ['22' '312.65625156397607' 'present']
 ['23' '313.5527648666958' 'marauded']
 ['8' '322.7009388337257' 'present']
 ['8' '322.84017108015' 'present']
 ['17' '328.1033575972651' 'marauded']
 ['13' '339.66160763072037' 'present']
 ['13' '342.12771069067253' 'present']
 ['13' '342.1604471157275' 'marauded']
 ['4' '342.470290410997' 'presentdestroyed']
 ['23' '344.0972745297296' 'presentdestroyed']
 ['8' '346.2009339944037' 'presentdestroyed']
 ['8' '349.4280430889483' 'present']
 ['17' '349.62725396399657' 'present']
 ['8' '350.1765112421877' 'present']
 ['4' '351.32381064506626' 'present']
 ['17' '353.90171561660003' 'present']
 ['8' '354.05380196951364' 'present']
 ['0' '354.93840014062505' 'present']
 ['13' '357.3917161391086' 'present']]","[['F147' '25.700320106196127' 'mated']
 ['F96' '32.41589660563736' 'mated']
 ['F16' '89.65476497412824' 'absent']
 ['F191' '110.43800228323202' 'mated']
 ['F54' '165.95650025944516' 'mated']
 ['F214' '166.76708976651747' 'destroyed']
 ['F155' '187.1843365958454' 'absent']
 ['F176' '250.9922967547366' 'absentdestroyed']
 ['F55' '289.45041622052037' 'absent']
 ['F168' '318.7837619962627' 'destroyed']]",0.0,1000.0,583.0,68.84093270484546,13.540220176103114,1176.0,196.8781999435597,41.26629675519141,520.0,91.57147540985683,20.1511436882228,8.0,0.7999999999999999,0.08000000000000002,66.0,1.9971469080422015,0.0632287379972565
3,0.054,8,360.22772100834663,"[['6' '29.322665948018756' 'present']
 ['23' '36.75192622806458' 'marauded']
 ['16' '42.26591749184793' 'presentdestroyed']
 ['16' '45.760757284876945' 'present']
 ['15' '49.370747818243856' 'present']
 ['0' '55.388126836939755' 'present']
 ['16' '59.22730225947949' 'present']
 ['16' '66.20624925754721' 'present']
 ['15' '86.04928498523431' 'present']
 ['0' '93.24540808759569' 'present']
 ['1' '99.07941922234974' 'present']
 ['15' '108.4964723649294' 'present']
 ['16' '129.90059963464216' 'marauded']
 ['15' '134.65187834303657' 'presentdestroyed']
 ['15' '135.99975691373547' 'presentdestroyed']
 ['15' '146.0894574370483' 'present']
 ['15' '151.20776414219648' 'present']
 ['15' '153.95065913900115' 'present']
 ['15' '153.9738072871493' 'present']
 ['15' '219.13313758545135' 'present']
 ['15' '220.11217861186773' 'present']
 ['16' '220.989551096172' 'present']
 ['1' '228.47146758513438' 'present']
 ['15' '239.20451101452815' 'present']
 ['15' '241.45266102741542' 'present']
 ['15' '242.73124480072042' 'marauded']
 ['15' '254.66613507286215' 'present']
 ['23' '259.4265588048444' 'present']
 ['15' '286.1436713896327' 'present']
 ['15' '294.7429506116227' 'present']
 ['20' '314.5352172304922' 'present']
 ['15' '318.58072459006826' 'present']
 ['15' '341.9196514427026' 'present']
 ['15' '342.3538599046282' 'present']]","[['F152' '54.213056264530024' 'mated']
 ['F25' '94.85018573002448' 'mated']
 ['F42' '106.06736945234911' 'mated']
 ['F132' '113.82161055479428' 'mated']
 ['F173' '165.15164990228396' 'mated']
 ['F86' '190.47934887070844' 'absent']
 ['F100' '191.09690439405043' 'mated']
 ['F190' '201.14054850909125' 'mated']
 ['F79' '238.40893461711903' 'absent']
 ['F182' '241.74741760117013' 'mated']]",0.0,1500.0,571.0,73.24026526745385,14.857929305324195,1542.0,264.220620765613,57.06614171555644,109.0,18.187055940111392,3.9400255511781648,13.0,1.3,0.13000000000000006,105.0,3.065426084981321,0.09645061728395063
4,0.054,8,360.9211000311061,"[['6' '0.01636821252746638' 'present']
 ['6' '50.31647391971648' 'marauded']
 ['10' '77.46230913470181' 'present']
 ['6' '103.52999012157035' 'present']
 ['13' '106.75129407597075' 'present']
 ['19' '106.91124347578749' 'present']
 ['13' '107.08458359594523' 'present']
 ['2' '108.95763959482534' 'present']
 ['10' '113.61575695855022' 'marauded']
 ['15' '133.68413178637917' 'present']
 ['6' '161.03845788503426' 'present']
 ['0' '167.41830372778563' 'present']
 ['2' '219.62221892990317' 'present']
 ['19' '224.60110903570262' 'marauded']
 ['19' '246.88347983176536' 'marauded']
 ['2' '262.42816943476134' 'present']
 ['2' '298.5712288896' 'present']
 ['19' '351.5220656906557' 'present']]","[['F150' '51.954497896986936' 'destroyed']
 ['F90' '62.37639813532536' 'mated']
 ['F142' '126.9896689117936' 'mated']
 ['F6' '135.24000523989818' 'absent']
 ['F103' '137.8825105398387' 'mated']
 ['F94' '144.74979696631198' 'mated']
 ['F71' '174.42885341796745' 'mated']
 ['F155' '187.20748474399355' 'absent']
 ['F151' '218.88471977123723' 'mated']
 ['F197' '285.6635693421991' 'mated']
 ['F27' '336.2819861366637' 'mated']]",500.0,0.0,572.0,70.15304873887688,14.507543875845103,1562.0,262.61120822706454,56.26681742066197,135.0,24.267518770871366,5.4003944379384246,6.0,0.6,0.06000000000000001,85.0,2.6830903736357263,0.09323559670781896
5,0.054,12,359.9042018061214,"[['15' '4.27259839715108' 'present']
 ['15' '11.72100715714917' 'present']
 ['10' '12.553401087436015' 'marauded']
 ['19' '12.837166393677208' 'presentdestroyed']
 ['19' '14.41979636603761' 'destroyed']
 ['10' '18.12541015199137' 'presentdestroyed']
 ['19' '19.58063257394882' 'presentdestroyed']
 ['10' '23.243850291000438' 'present']
 ['19' '39.008650998115414' 'present']
 ['10' '46.72527990313786' 'marauded']
 ['10' '53.94715910340238' 'presentdestroyed']
 ['10' '55.15101966464951' 'present']
 ['15' '61.3470584966102' 'present']
 ['15' '63.29004465580569' 'present']
 ['19' '69.70146199562019' 'present']
 ['15' '84.61234373226813' 'marauded']
 ['10' '87.93495500926912' 'destroyed']
 ['10' '96.9617713504221' 'marauded']
 ['15' '106.95725470331891' 'present']
 ['15' '111.21439611892188' 'present']
 ['15' '113.10714987897131' 'marauded']
 ['19' '116.40902757604307' 'presentdestroyed']
 ['15' '121.52116882713659' 'present']
 ['15' '138.0208453697226' 'present']
 ['19' '142.52186586676729' 'present']
 ['10' '147.5818271721898' 'present']
 ['19' '170.00473531947083' 'present']
 ['15' '186.09485729024996' 'present']
 ['15' '208.54948267115827' 'present']
 ['15' '218.30664083319505' 'present']
 ['15' '218.61794798734144' 'present']
 ['10' '221.75342122420764' 'present']
 ['22' '223.59301915576287' 'present']
 ['15' '228.0199373280961' 'marauded']
 ['15' '233.25032838364294' 'destroyed']
 ['15' '238.86090931161306' 'present']
 ['15' '239.59545853690997' 'present']
 ['19' '277.66862441740363' 'marauded']
 ['15' '285.692272802167' 'present']
 ['19' '287.1408353963967' 'present']
 ['18' '320.0291817467874' 'present']
 ['19' '329.2942431984164' 'present']
 ['15' '335.38895642278754' 'present']
 ['15' '344.45841209505517' 'marauded']
 ['15' '344.6105258489547' 'destroyed']
 ['15' '352.69126221455923' 'present']
 ['10' '353.55968460676576' 'marauded']
 ['19' '357.9823293873227' 'presentdestroyed']]","[['F56' '51.48132844756066' 'destroyed']
 ['F123' '58.91378381308381' 'mated']
 ['F31' '59.18869463920275' 'mated']
 ['F213' '111.83576591907467' 'mated']
 ['F130' '125.15410839960676' 'absent']
 ['F58' '136.9996070821633' 'mated']
 ['F110' '140.47006111072486' 'mated']
 ['F89' '161.68144291093427' 'mated']
 ['F173' '165.1285017541358' 'absent']
 ['F14' '165.93163390594788' 'mated']
 ['F215' '176.96750671505077' 'mated']
 ['F117' '248.40624671163334' 'mated']
 ['F164' '301.89805113626204' 'mated']
 ['F181' '322.14914548186226' 'mated']
 ['F177' '322.9206384347122' 'mated']
 ['F122' '345.15819313204423' 'destroyed']]",500.0,500.0,551.0,69.47363220493745,15.001846850094847,1393.0,232.33771163902054,49.16039665514889,313.0,54.10886715929843,11.940605152989702,17.0,1.7000000000000004,0.1700000000000001,89.0,2.4291927198369065,0.07019461591220849
6,0.054,6,360.47227642048693,"[['19' '2.312775728660988' 'present']
 ['22' '2.658979947102899' 'present']
 ['18' '7.764303602742962' 'present']
 ['18' '7.787451750891111' 'present']
 ['16' '9.011773120216166' 'present']
 ['18' '13.619137616041325' 'present']
 ['18' '16.561265243140053' 'present']
 ['22' '17.60986184102187' 'marauded']
 ['19' '17.91828838308581' 'presentdestroyed']
 ['16' '22.059537065008275' 'presentdestroyed']
 ['18' '22.117641578572925' 'destroyed']
 ['12' '22.587726217532456' 'presentdestroyed']
 ['3' '23.385295465456064' 'presentdestroyed']
 ['4' '28.154016275305523' 'present']
 ['16' '31.218331547264178' 'present']
 ['12' '32.60708882759397' 'present']
 ['18' '39.977754429197056' 'marauded']
 ['18' '40.96027100634298' 'presentdestroyed']
 ['18' '43.92192480885458' 'presentdestroyed']
 ['4' '45.09438943454681' 'destroyed']
 ['18' '47.11793384903099' 'presentdestroyed']
 ['12' '51.41023046781091' 'present']
 ['18' '51.45011061075157' 'present']
 ['19' '52.61931369728949' 'marauded']
 ['16' '53.76169578927971' 'presentdestroyed']
 ['19' '57.79089738804573' 'presentdestroyed']
 ['18' '59.30497546248882' 'presentdestroyed']
 ['4' '60.28608654458279' 'presentdestroyed']
 ['3' '61.20642141521288' 'present']
 ['4' '63.05072395936166' 'marauded']
 ['22' '65.54855460583549' 'destroyed']
 ['18' '67.57747152364738' 'destroyed']
 ['22' '68.9162777282584' 'presentdestroyed']
 ['18' '71.27020134143815' 'present']
 ['4' '77.71518076945696' 'marauded']
 ['19' '82.19663700991424' 'presentdestroyed']
 ['18' '93.47910899945536' 'present']
 ['18' '96.36168612820593' 'present']
 ['15' '97.92384304774313' 'present']
 ['18' '108.1044929769135' 'marauded']
 ['16' '108.6811500977481' 'destroyed']
 ['18' '113.01561902843616' 'presentdestroyed']
 ['18' '113.23609289359327' 'presentdestroyed']
 ['18' '115.35958333851241' 'presentdestroyed']
 ['18' '115.93950079383363' 'marauded']
 ['19' '121.03667187284411' 'presentdestroyed']
 ['12' '122.93522515032433' 'presentdestroyed']
 ['12' '125.46419699663328' 'marauded']
 ['22' '126.59994782338002' 'presentdestroyed']
 ['16' '127.2518277027213' 'presentdestroyed']
 ['18' '129.9208495067403' 'destroyed']
 ['18' '138.44646097561815' 'present']
 ['18' '138.6077547346201' 'present']
 ['18' '140.40464694129324' 'present']
 ['16' '144.53602518876545' 'present']
 ['19' '146.26150697973003' 'present']
 ['19' '152.65694652204843' 'present']
 ['22' '156.9472151932508' 'present']
 ['12' '157.58060520914776' 'present']
 ['19' '161.06800824162232' 'present']
 ['16' '162.1961783524664' 'present']
 ['12' '162.6200935939656' 'present']
 ['12' '165.9638739311065' 'present']
 ['16' '170.7442923435044' 'marauded']
 ['18' '172.01029325424267' 'presentdestroyed']
 ['4' '173.51857385513065' 'presentdestroyed']
 ['22' '174.55850542003137' 'presentdestroyed']
 ['18' '178.35289025028487' 'marauded']
 ['18' '179.54690029057963' 'presentdestroyed']
 ['22' '187.78135583278817' 'present']
 ['16' '196.02112883787944' 'marauded']
 ['1' '197.265932654221' 'presentdestroyed']
 ['18' '200.7137471182284' 'presentdestroyed']
 ['12' '201.12140634909022' 'presentdestroyed']
 ['4' '202.268570642614' 'presentdestroyed']
 ['18' '203.02019536826953' 'presentdestroyed']
 ['19' '204.93561822437584' 'present']
 ['18' '212.28731931846772' 'present']
 ['18' '212.63436000305185' 'marauded']
 ['19' '213.5210440429642' 'destroyed']
 ['12' '214.75645786837154' 'presentdestroyed']
 ['1' '221.30840910786753' 'present']
 ['16' '225.05614082245006' 'present']
 ['16' '227.5676349480067' 'present']
 ['12' '228.64513455345497' 'present']
 ['22' '235.85132324070173' 'present']
 ['19' '250.02991851685485' 'present']
 ['1' '251.5139600774879' 'present']
 ['12' '252.40705501459556' 'present']
 ['0' '252.5739501074233' 'present']
 ['19' '252.98639887571963' 'present']
 ['16' '256.96817459076055' 'marauded']
 ['18' '257.77351108667847' 'presentdestroyed']
 ['16' '260.32088260770104' 'presentdestroyed']
 ['12' '262.2212756428359' 'destroyed']
 ['1' '272.92244486394907' 'present']
 ['4' '276.8898406330094' 'present']
 ['16' '277.18770886338643' 'present']
 ['19' '281.556175295431' 'present']
 ['22' '297.6195565514086' 'marauded']
 ['12' '300.1423673532711' 'presentdestroyed']
 ['1' '306.283979340718' 'present']
 ['18' '311.9409214147216' 'present']
 ['12' '313.85593931325917' 'present']
 ['18' '316.3658062781338' 'present']
 ['3' '317.1642889282199' 'present']
 ['18' '332.24479023745744' 'present']
 ['18' '339.79893109146786' 'present']
 ['18' '340.1758937963193' 'present']
 ['18' '352.36594751575365' 'present']
 ['18' '359.50117232370394' 'present']]","[['F23' '38.49176992032113' 'mated']
 ['F152' '42.16675996823372' 'destroyed']
 ['F152' '42.18990811638187' 'destroyed']
 ['F31' '59.142398342906446' 'destroyed']
 ['F73' '60.2226322751867' 'destroyed']
 ['F13' '97.08408475972524' 'absent']
 ['F132' '113.79846240664612' 'destroyed']
 ['F170' '144.67575034696824' 'mated']
 ['F187' '148.65370591298503' 'mated']
 ['F52' '155.2755349345935' 'absent']
 ['F1' '175.3797366221514' 'destroyed']
 ['F207' '193.1608370142723' 'mated']
 ['F59' '193.18609311741054' 'mated']
 ['F135' '219.18882238165452' 'destroyed']
 ['F121' '259.23536396280826' 'destroyed']
 ['F192' '282.37813474728017' 'mated']
 ['F38' '303.5675444907102' 'destroyed']]",500.0,1000.0,567.0,71.24601371660319,15.316141451420865,1194.0,200.97733171424028,42.5224624676006,488.0,85.20901619195634,18.504794219461605,9.0,0.8999999999999999,0.09000000000000002,67.0,1.7638902318601255,0.05090449245541835
7,0.0,12,359.8699263231999,"[['10' '1.2856803605439298' 'present']
 ['17' '16.394767340857427' 'marauded']
 ['4' '30.84324625009459' 'present']
 ['4' '39.278767515272094' 'present']
 ['10' '40.29664283553905' 'present']
 ['18' '45.01288834443587' 'present']
 ['4' '50.30530067129921' 'present']
 ['17' '50.76831794212466' 'present']
 ['18' '51.02704463449209' 'marauded']
 ['4' '58.79602413652545' 'present']
 ['10' '60.88796094242646' 'marauded']
 ['4' '77.68723848285542' 'present']
 ['18' '78.49085015051831' 'present']
 ['10' '88.20333458119524' 'present']
 ['18' '92.54324558849' 'present']
 ['4' '96.03827925150124' 'present']
 ['4' '98.97454636079482' 'present']
 ['10' '118.43716978448488' 'marauded']
 ['10' '124.03439206920045' 'presentdestroyed']
 ['17' '135.43649226432328' 'marauded']
 ['4' '137.49996754517656' 'presentdestroyed']
 ['17' '149.34341733010476' 'present']
 ['10' '152.3985488601964' 'present']
 ['17' '156.0557530847677' 'present']
 ['10' '166.0068063703222' 'present']
 ['4' '170.0150123687292' 'present']
 ['17' '176.3104615812609' 'present']
 ['10' '176.8180034463066' 'present']
 ['4' '178.65849195893503' 'present']
 ['4' '178.68164010708318' 'present']
 ['17' '185.20527945168294' 'present']
 ['17' '189.0022374361377' 'present']
 ['4' '207.60754614885775' 'present']
 ['17' '216.2775340408398' 'present']
 ['17' '221.34196756122896' 'present']
 ['23' '224.5379629031964' 'present']
 ['10' '226.08786384877274' 'present']
 ['17' '226.35844549026427' 'marauded']
 ['10' '241.26913318534494' 'marauded']
 ['18' '244.10392942662526' 'presentdestroyed']
 ['10' '249.17791640892352' 'presentdestroyed']
 ['17' '253.5923018939228' 'present']
 ['10' '258.67459977794095' 'present']
 ['4' '258.8034311433416' 'present']
 ['17' '260.0877098798071' 'present']
 ['4' '263.5290061201517' 'present']
 ['18' '272.5008648556597' 'present']
 ['17' '277.632997922473' 'marauded']
 ['4' '280.6870305867424' 'presentdestroyed']
 ['23' '282.2338491801743' 'presentdestroyed']
 ['10' '283.8124312148144' 'presentdestroyed']
 ['15' '284.5515965980385' 'presentdestroyed']
 ['4' '285.87251692713585' 'marauded']
 ['10' '285.97328520394035' 'presentdestroyed']
 ['4' '287.35711558769333' 'presentdestroyed']
 ['17' '288.83340672244015' 'presentdestroyed']
 ['4' '290.29637663413894' 'presentdestroyed']
 ['4' '305.1933170457077' 'present']
 ['10' '312.89099410163743' 'present']
 ['10' '322.01955234274044' 'present']
 ['5' '333.63492910595784' 'marauded']
 ['4' '336.6021563442335' 'destroyed']
 ['10' '338.54310124057565' 'presentdestroyed']
 ['5' '344.4583069480035' 'present']
 ['17' '348.07910351095506' 'present']
 ['10' '354.6459431094022' 'present']
 ['10' '356.6321929795359' 'present']]","[['F119' '29.873356362345838' 'mated']
 ['F150' '51.96607197106101' 'destroyed']
 ['F150' '51.989220119209165' 'destroyed']
 ['F126' '61.15949050158024' 'destroyed']
 ['F97' '90.74337761303046' 'mated']
 ['F129' '117.8912429500742' 'mated']
 ['F6' '135.25157931397226' 'mated']
 ['F103' '137.87093646576463' 'destroyed']
 ['F124' '162.218656971546' 'absent']
 ['F124' '162.24180511969416' 'absent']
 ['F76' '162.26755152851342' 'absent']
 ['F155' '187.21905881806762' 'mated']
 ['F144' '196.07786815461301' 'mated']
 ['F88' '198.77960651456337' 'mated']
 ['F32' '203.35458880090508' 'mated']
 ['F24' '206.95033097845055' 'mated']
 ['F8' '213.0410977729633' 'mated']
 ['F143' '257.52710538609807' 'mated']
 ['F148' '278.6132078891233' 'destroyed']
 ['F46' '307.36593250130835' 'mated']]",500.0,1500.0,563.0,69.91327107649562,15.074080901270529,1385.0,229.21712052318892,48.45222470263604,358.0,60.928125042936074,13.141343602048048,0.0,0.0,0.0,0.0,0.0,0.0
8,0.054,11,360.1463090707853,"[['20' '12.650514037733139' 'present']
 ['1' '17.394988845854176' 'marauded']
 ['1' '20.012323320761205' 'presentdestroyed']
 ['12' '20.62511538088112' 'presentdestroyed']
 ['1' '26.458711817354814' 'present']
 ['23' '31.95418397605531' 'present']
 ['2' '40.03453764681878' 'present']
 ['16' '58.25470489628307' 'present']
 ['18' '75.88628838463671' 'present']
 ['12' '85.05903894493' 'marauded']
 ['16' '96.62320501018904' 'present']
 ['1' '110.8934705158642' 'present']
 ['1' '110.91661866401235' 'present']
 ['16' '111.52435787037048' 'present']
 ['20' '114.24533581921906' 'present']
 ['2' '119.32840434605681' 'present']
 ['1' '121.7101495749707' 'present']
 ['20' '122.57140365755893' 'present']
 ['20' '122.99954756057458' 'present']
 ['20' '134.25268358187017' 'present']
 ['20' '135.7578357144631' 'present']
 ['18' '139.01405018007102' 'present']
 ['1' '145.4279614709168' 'present']
 ['16' '146.38484704013237' 'marauded']
 ['20' '150.4648562389872' 'destroyed']
 ['10' '178.86513943703216' 'present']
 ['2' '180.3342951389744' 'present']
 ['2' '184.31305625478134' 'present']
 ['1' '189.84436844388202' 'present']
 ['20' '190.49690933195677' 'present']
 ['20' '193.60355861552512' 'present']
 ['12' '201.00008607480012' 'present']
 ['1' '201.0787602517765' 'present']
 ['18' '205.44068202355948' 'marauded']
 ['16' '209.97905365025522' 'presentdestroyed']
 ['2' '214.0163133556848' 'present']
 ['20' '224.66955538861905' 'present']
 ['2' '230.33013070022' 'present']
 ['12' '231.89659000603757' 'marauded']
 ['16' '236.02434414215318' 'presentdestroyed']
 ['20' '249.9983886740578' 'present']
 ['2' '260.38809007365467' 'present']
 ['2' '262.4561117213629' 'present']
 ['16' '269.41999914551116' 'present']
 ['2' '269.4637852207441' 'present']
 ['23' '272.31975627869326' 'present']
 ['20' '272.3799297072592' 'marauded']
 ['12' '273.0121551250186' 'presentdestroyed']
 ['12' '282.2525548025686' 'present']
 ['18' '282.6819240676932' 'present']
 ['20' '283.14724986998874' 'present']
 ['16' '297.38115955549773' 'present']
 ['12' '313.6960040287132' 'present']
 ['16' '319.51785128046004' 'present']
 ['1' '322.6201315515388' 'present']
 ['12' '324.6944236372357' 'marauded']
 ['1' '329.04090243548364' 'presentdestroyed']
 ['16' '332.1248216880171' 'present']
 ['12' '333.83393232867826' 'present']
 ['16' '338.76072858989744' 'marauded']
 ['12' '345.7671260831099' 'presentdestroyed']
 ['19' '352.8251707447718' 'present']
 ['20' '359.21433650564524' 'present']]","[['F165' '45.91101026180007' 'mated']
 ['F67' '78.64505969053005' 'absent']
 ['F80' '112.76248124941876' 'mated']
 ['F33' '134.3465931852493' 'mated']
 ['F137' '142.4656173073456' 'mated']
 ['F18' '159.29830892604426' 'mated']
 ['F64' '170.13765133635607' 'mated']
 ['F0' '180.14797883103049' 'mated']
 ['F86' '190.5024970188566' 'mated']
 ['F50' '225.13116611624278' 'mated']
 ['F121' '259.2728184532886' 'mated']
 ['F208' '275.5170136016103' 'destroyed']
 ['F43' '288.7408086548445' 'mated']]",1000.0,0.0,545.0,67.19511783148315,13.717844813084831,1418.0,239.74129101531508,51.34408179251764,281.0,49.19334209549473,10.967069953860758,16.0,1.6000000000000003,0.1600000000000001,93.0,2.295841201099515,0.060549554183813296
9,0.0,13,360.34722312122244,"[['3' '1.313067213904582' 'present']
 ['5' '12.562775062416069' 'marauded']
 ['0' '17.149228583667973' 'destroyed']
 ['0' '19.81160017162967' 'presentdestroyed']
 ['16' '21.546148080690518' 'present']
 ['0' '23.480180246148812' 'present']
 ['4' '26.56894337733166' 'present']
 ['0' '28.3133824445203' 'present']
 ['17' '35.857093717728986' 'present']
 ['3' '36.708146059932076' 'present']
 ['3' '36.74088248498701' 'marauded']
 ['5' '37.21141430188761' 'destroyed']
 ['23' '37.359256304313334' 'presentdestroyed']
 ['16' '48.42481350116747' 'present']
 ['16' '49.085312880535' 'marauded']
 ['17' '49.60680302061485' 'presentdestroyed']
 ['5' '54.70428682332922' 'presentdestroyed']
 ['0' '64.52716227631167' 'present']
 ['4' '71.15156410705887' 'marauded']
 ['5' '75.3026427235048' 'presentdestroyed']
 ['0' '78.87494897677765' 'present']
 ['0' '90.9968132941889' 'present']
 ['17' '95.00862336758638' 'present']
 ['17' '100.98309899266948' 'present']
 ['5' '106.26346486504357' 'present']
 ['5' '107.55090101452649' 'present']
 ['4' '108.52718454711605' 'present']
 ['10' '111.28829786891546' 'present']
 ['16' '115.54972046324616' 'marauded']
 ['0' '128.72153421616653' 'present']
 ['0' '132.38743464070066' 'present']
 ['0' '133.0942253974112' 'present']
 ['17' '134.67516598592331' 'present']
 ['16' '143.3621147931954' 'present']
 ['3' '150.49656368578758' 'present']
 ['16' '158.52325503694135' 'present']
 ['3' '159.1970757325711' 'present']
 ['0' '166.67026379699837' 'present']
 ['3' '173.06292383327346' 'present']
 ['17' '178.79557324920654' 'present']
 ['3' '186.3919775317017' 'marauded']
 ['17' '189.12710136969528' 'presentdestroyed']
 ['3' '196.63772208967225' 'present']
 ['0' '205.59085727469275' 'present']
 ['17' '207.2452207855468' 'present']
 ['5' '211.74879192844307' 'present']
 ['3' '213.9768028860701' 'present']
 ['20' '214.52795529793346' 'marauded']
 ['17' '219.41223542705848' 'presentdestroyed']
 ['16' '225.6579314015215' 'present']
 ['17' '226.64023602521283' 'present']
 ['17' '226.67297245026774' 'marauded']
 ['20' '232.01086359942252' 'presentdestroyed']
 ['16' '233.2964550038908' 'presentdestroyed']
 ['17' '246.2105026899313' 'present']
 ['16' '253.48283262832715' 'present']
 ['0' '258.5065994561992' 'present']
 ['0' '272.3341690294083' 'present']
 ['17' '277.36894036468567' 'present']
 ['4' '277.8324349172902' 'present']
 ['16' '284.61636968069865' 'present']
 ['0' '291.9610290383778' 'present']
 ['20' '296.2020555854103' 'present']
 ['0' '301.26199927533816' 'present']
 ['0' '304.064284689028' 'present']
 ['5' '313.9023092573236' 'present']
 ['5' '314.6101847348523' 'present']
 ['5' '314.8800410511005' 'present']
 ['20' '318.14649714326595' 'marauded']
 ['0' '319.0126005561503' 'destroyed']
 ['3' '323.2997269739952' 'presentdestroyed']
 ['3' '338.11242333205934' 'marauded']
 ['3' '346.0883864639897' 'present']
 ['0' '347.39778176188' 'present']
 ['17' '350.2181362433106' 'present']
 ['17' '351.76556610161555' 'present']
 ['3' '354.21527835360365' 'present']]","[['F150' '51.97764604513509' 'destroyed']
 ['F11' '87.01004730866757' 'mated']
 ['F183' '106.9224860236389' 'mated']
 ['F19' '127.46765204914294' 'mated']
 ['F58' '136.98323886963584' 'absent']
 ['F82' '146.20119529916292' 'mated']
 ['F160' '153.06545936187598' 'mated']
 ['F194' '154.62482669579487' 'mated']
 ['F174' '161.30973244267219' 'mated']
 ['F124' '162.25337919376824' 'mated']
 ['F113' '188.65124882172262' 'destroyed']
 ['F53' '194.2803360692401' 'mated']
 ['F188' '210.55604844496887' 'mated']
 ['F205' '228.64201417470164' 'destroyed']
 ['F210' '242.0375724140248' 'mated']
 ['F179' '285.48678211605426' 'mated']
 ['F29' '297.8109599144678' 'mated']]",1000.0,500.0,572.0,70.12974209872047,14.643562758072237,1368.0,229.1012650081994,48.66537380678268,350.0,60.76971092036454,12.983341182947445,0.0,0.0,0.0,0.0,0.0,0.0
10,0.054,12,360.61663575253885,"[['22' '8.577859354847511' 'present']
 ['22' '15.193188847852898' 'present']
 ['23' '16.639547480332865' 'present']
 ['22' '25.194019135855672' 'present']
 ['22' '32.036500583290305' 'marauded']
 ['0' '34.96093435402199' 'presentdestroyed']
 ['19' '36.806994253646785' 'destroyed']
 ['19' '40.33793828587859' 'present']
 ['22' '64.85943504711675' 'present']
 ['5' '72.20896892054843' 'present']
 ['22' '94.25283703799845' 'present']
 ['22' '97.38017643336185' 'present']
 ['5' '107.51816458947155' 'present']
 ['19' '132.8623280804269' 'present']
 ['2' '142.4332356609835' 'present']
 ['5' '148.36765234655897' 'present']
 ['14' '149.4791653214929' 'present']
 ['19' '153.26818065188579' 'present']
 ['0' '154.27892878747625' 'marauded']
 ['2' '158.39088526602234' 'destroyed']
 ['5' '159.01235740470761' 'presentdestroyed']
 ['22' '173.9595278976502' 'present']
 ['2' '185.98438051717417' 'marauded']
 ['5' '187.65593754725634' 'presentdestroyed']
 ['22' '188.29334582753177' 'presentdestroyed']
 ['22' '196.02196193922666' 'present']
 ['23' '208.71033795263153' 'present']
 ['19' '210.68120085491657' 'marauded']
 ['22' '223.86958563785794' 'present']
 ['22' '225.5396250258721' 'present']
 ['15' '227.5329903386446' 'present']
 ['5' '227.9134666478469' 'marauded']
 ['22' '231.17005501610728' 'presentdestroyed']
 ['15' '235.28799687119908' 'present']
 ['22' '240.89483500102327' 'present']
 ['22' '248.35831515542577' 'present']
 ['22' '261.7465562317705' 'marauded']
 ['23' '282.8576691422596' 'present']
 ['22' '286.5612414946552' 'present']
 ['22' '299.2835701772773' 'marauded']
 ['5' '301.3027734355773' 'presentdestroyed']
 ['5' '322.33586253162093' 'present']
 ['22' '331.7782327080054' 'marauded']
 ['22' '332.22787203397405' 'presentdestroyed']
 ['22' '334.70781330117904' 'presentdestroyed']]","[['F146' '41.2018364991377' 'mated']
 ['F166' '43.62506711862669' 'mated']
 ['F126' '61.14791642750616' 'absent']
 ['F126' '61.17106457565431' 'absent']
 ['F150' '64.00079419328324' 'mated']
 ['F105' '72.61560344691922' 'mated']
 ['F124' '162.2302310456201' '']
 ['F76' '162.25597745443935' '']
 ['F193' '174.5428644772067' 'mated']
 ['F171' '183.63730168734278' 'absent']
 ['F93' '195.8659677474244' 'absent']
 ['F69' '198.600147794363' 'mated']
 ['F206' '202.13475800566937' 'mated']
 ['F98' '203.24349044076547' 'mated']
 ['F108' '204.3390123035967' 'mated']
 ['F162' '216.79610362068854' 'destroyed']
 ['F60' '249.77105251794947' 'mated']
 ['F47' '308.8563041353948' 'mated']
 ['F200' '328.07997527936647' 'mated']]",1000.0,1000.0,567.0,70.29277139394996,15.097508163658992,1446.0,237.11684548150248,50.507106897856104,282.0,48.583112342715545,10.682471752121511,17.0,1.7000000000000004,0.1700000000000001,83.0,2.521002542556428,0.08412637174211247
11,0.0,7,360.07581176634443,"[['20' '6.574247152747188' 'present']
 ['20' '9.772967893574915' 'present']
 ['20' '12.576801245878109' 'present']
 ['13' '15.931154598187138' 'marauded']
 ['13' '17.013769478616613' 'presentdestroyed']
 ['13' '21.419987179514134' 'presentdestroyed']
 ['5' '24.070364921832997' 'present']
 ['19' '27.878313439076926' 'present']
 ['19' '30.301707417819973' 'present']
 ['13' '31.118716947823106' 'present']
 ['0' '33.631259830329185' 'marauded']
 ['20' '38.92285082819521' 'presentdestroyed']
 ['19' '42.519256042917974' 'present']
 ['13' '44.405257877617025' 'present']
 ['1' '44.644548086286896' 'present']
 ['19' '53.58954902768996' 'present']
 ['13' '54.08609626646383' 'present']
 ['17' '62.855159451321214' 'present']
 ['13' '63.80841895887508' 'present']
 ['13' '65.09760806742652' 'present']
 ['5' '65.47081421348165' 'present']
 ['13' '66.05002161082244' 'present']
 ['5' '81.28869966212709' 'present']
 ['20' '86.80917584816282' 'present']
 ['0' '88.50453786570218' 'present']
 ['13' '89.18269021864552' 'present']
 ['20' '89.53844513448662' 'present']
 ['13' '89.77710360478463' 'marauded']
 ['13' '96.13069427535179' 'presentdestroyed']
 ['19' '100.65281604385214' 'present']
 ['13' '100.93428246256528' 'present']
 ['19' '101.88202053171817' 'present']
 ['13' '103.7437385539643' 'present']
 ['5' '108.2630009673749' 'present']
 ['20' '116.98554342149917' 'present']
 ['20' '128.4271275396939' 'present']
 ['13' '128.6221523842151' 'present']
 ['19' '129.39020031347513' 'present']
 ['5' '132.40580373534272' 'present']
 ['13' '139.63976242205618' 'marauded']
 ['5' '147.33623856985824' 'present']
 ['13' '148.38104768054868' 'present']
 ['20' '161.13256748166415' 'present']
 ['13' '161.49726491104832' 'marauded']
 ['13' '175.66579503574815' 'present']
 ['5' '176.52108886322404' 'present']
 ['13' '185.070112329487' 'present']
 ['5' '187.6279952606548' 'present']
 ['5' '188.33017759291099' 'present']
 ['19' '190.17819727599013' 'present']
 ['19' '190.80227679438892' 'present']
 ['19' '191.74061787666443' 'present']
 ['13' '192.79742581780786' 'present']
 ['20' '193.12090679803887' 'present']
 ['20' '197.9354434425937' 'present']
 ['20' '206.89460579138154' 'present']
 ['13' '207.14760139888207' 'present']
 ['13' '234.7592313581718' 'present']
 ['5' '241.03701189359586' 'present']
 ['13' '247.0045507255056' 'marauded']
 ['5' '247.31934095971263' 'presentdestroyed']
 ['5' '253.24973830010032' 'presentdestroyed']
 ['5' '257.22511376192296' 'marauded']
 ['20' '257.4831336569927' 'presentdestroyed']
 ['13' '266.4975025414722' 'present']
 ['13' '271.03093871231374' 'present']
 ['0' '272.30622674280676' 'present']
 ['19' '277.6454762692555' 'present']
 ['19' '282.44955629008314' 'present']
 ['13' '282.81977729244176' 'present']
 ['19' '284.9601584073734' 'marauded']
 ['5' '287.3701843898526' 'presentdestroyed']
 ['5' '288.4196038846463' 'destroyed']
 ['13' '295.7123054998656' 'marauded']
 ['19' '296.0283207244408' 'presentdestroyed']
 ['20' '297.4370774244533' 'presentdestroyed']
 ['5' '298.78844230061566' 'destroyed']
 ['13' '307.78865382863256' 'present']
 ['20' '323.23313758173083' 'present']
 ['5' '324.7885071481795' 'present']
 ['13' '325.51056797320786' 'present']
 ['5' '326.6391665449076' 'present']
 ['5' '329.24931662521414' 'present']
 ['13' '331.5894562032216' 'marauded']
 ['5' '337.12906688740753' 'destroyed']
 ['19' '337.9104974750123' 'presentdestroyed']
 ['13' '339.42592951875946' 'present']
 ['19' '340.47520057088764' 'present']
 ['13' '346.10477211573124' 'marauded']
 ['20' '346.5102022940019' 'presentdestroyed']
 ['0' '347.87941665853833' 'presentdestroyed']
 ['13' '353.61879516693347' 'present']
 ['13' '354.0097821064346' 'present']
 ['19' '356.81371157164904' 'present']]","[['F48' '73.22454302435183' 'mated']
 ['F195' '101.08951743010653' 'absent']
 ['F202' '109.96202178698958' 'mated']
 ['F17' '128.10358952042372' 'absent']
 ['F110' '140.45848703665078' 'destroyed']
 ['F89' '161.6698688368602' 'destroyed']
 ['F76' '162.22803516783782' 'destroyed']
 ['F204' '186.98949311012598' 'absent']
 ['F39' '189.7291060076401' 'absent']
 ['F95' '190.0857081588378' 'mated']
 ['F158' '206.87873416675168' 'mated']
 ['F114' '208.75105099592236' 'mated']
 ['F74' '230.42639238427782' 'mated']
 ['F172' '240.2631044286231' 'absent']
 ['F122' '345.1697672061183' 'mated']]",1000.0,1500.0,565.0,70.40686626824838,14.110864262573214,1300.0,222.40879009887655,47.989127120458626,410.0,67.30729606138756,14.300255077465986,0.0,0.0,0.0,0.0,0.0,0.0
12,0.054,16,360.5334084097584,"[['18' '0.4275509282576414' 'present']
 ['8' '1.3912349265073791' 'present']
 ['8' '3.5442855172347' 'marauded']
 ['18' '10.080944711352702' 'presentdestroyed']
 ['22' '10.503962324162044' 'presentdestroyed']
 ['13' '15.04481135419083' 'present']
 ['1' '19.121076843398953' 'present']
 ['14' '20.823446548920966' 'present']
 ['16' '20.996314140165495' 'present']
 ['14' '23.533769914979118' 'present']
 ['16' '31.45655208166497' 'present']
 ['13' '32.80215954085103' 'marauded']
 ['13' '33.54633767738567' 'destroyed']
 ['14' '38.901552920070465' 'presentdestroyed']
 ['8' '41.896425527684656' 'marauded']
 ['16' '42.40643066653942' 'presentdestroyed']
 ['8' '52.233035812054815' 'present']
 ['14' '58.84761505269095' 'present']
 ['16' '59.025707400301094' 'present']
 ['13' '63.836361245476624' 'present']
 ['1' '65.1437836370154' 'present']
 ['8' '70.4491757337638' 'marauded']
 ['1' '79.09323991390859' 'present']
 ['8' '84.05167789304947' 'present']
 ['22' '90.34875192628131' 'marauded']
 ['0' '93.74684979398543' 'presentdestroyed']
 ['8' '95.99004458802344' 'presentdestroyed']
 ['16' '96.67677279082747' 'destroyed']
 ['20' '105.88160472138826' 'present']
 ['16' '110.82857422130368' 'present']
 ['8' '112.29807481571017' 'present']
 ['14' '114.11077408554917' 'marauded']
 ['16' '115.37162273509094' 'presentdestroyed']
 ['16' '116.26258432975636' 'presentdestroyed']
 ['22' '123.23160586227868' 'present']
 ['8' '130.2867922576366' 'present']
 ['14' '133.86765843792804' 'present']
 ['16' '135.48991599496222' 'marauded']
 ['22' '138.72450437918764' 'presentdestroyed']
 ['8' '144.04715609346675' 'present']
 ['13' '145.71066033790342' 'marauded']
 ['6' '146.34725376746994' 'presentdestroyed']
 ['22' '152.32708469429602' 'presentdestroyed']
 ['22' '154.4080789206465' 'present']
 ['6' '155.18220519860773' 'present']
 ['2' '155.9156474672871' 'present']
 ['16' '157.0634248069137' 'present']
 ['14' '161.84873533469195' 'present']
 ['6' '163.92788644445483' 'present']
 ['1' '166.54103666431996' 'present']
 ['6' '166.73281891652724' 'present']
 ['22' '173.1733356022992' 'marauded']
 ['8' '173.86194241318339' 'presentdestroyed']
 ['1' '177.39075258214237' 'presentdestroyed']
 ['13' '178.68167302764013' 'presentdestroyed']
 ['8' '179.17044969297143' 'presentdestroyed']
 ['1' '189.63128621499095' 'marauded']
 ['13' '195.00975404377286' 'presentdestroyed']
 ['16' '197.08842260208885' 'presentdestroyed']
 ['16' '200.46196883306365' 'present']
 ['13' '204.0445831590203' 'marauded']
 ['4' '206.29707979427815' 'presentdestroyed']
 ['6' '206.84663541135282' 'presentdestroyed']
 ['6' '210.8954797839518' 'presentdestroyed']
 ['2' '212.7458541056685' 'present']
 ['18' '217.7715177592714' 'present']
 ['8' '219.55285502897124' 'marauded']
 ['1' '225.17991617173968' 'presentdestroyed']
 ['13' '227.95896906818746' 'present']
 ['14' '229.9496563128338' 'present']
 ['22' '234.38140864009375' 'present']
 ['13' '240.66360707330546' 'marauded']
 ['8' '242.28833433936643' 'presentdestroyed']
 ['16' '247.8188727443994' 'presentdestroyed']
 ['16' '253.0862492971727' 'present']
 ['20' '254.97177906543186' 'present']
 ['8' '256.78413110603685' 'present']
 ['16' '256.9450264426124' 'present']
 ['8' '257.31344985938006' 'present']
 ['2' '262.7763889365014' 'present']
 ['2' '265.09233707900415' 'present']
 ['16' '276.18450811935014' 'present']
 ['6' '278.70783030178956' 'present']
 ['14' '279.04071160108003' 'present']
 ['14' '280.5656489071716' 'present']
 ['8' '284.5579869361619' 'present']
 ['1' '288.07588830522826' 'present']
 ['17' '293.1413777919491' 'present']
 ['22' '300.29611090495064' 'present']
 ['22' '303.02104336119066' 'marauded']
 ['1' '305.06052065069696' 'presentdestroyed']
 ['6' '306.73325250631854' 'presentdestroyed']
 ['14' '307.8763410817643' 'destroyed']
 ['13' '314.0745079454661' 'present']
 ['20' '323.26785980395306' 'present']
 ['8' '335.1176447189301' 'marauded']
 ['18' '336.11847406074827' 'presentdestroyed']
 ['2' '340.1726994340396' 'presentdestroyed']
 ['8' '347.4401178614968' 'present']
 ['14' '347.67982916571697' 'present']
 ['4' '351.1078156337938' 'present']
 ['8' '355.84018981047575' 'present']
 ['8' '357.5447101217982' 'present']]","[['F152' '42.14361182008557' 'destroyed']
 ['F73' '60.26694277431571' 'mated']
 ['F189' '62.09943074741307' 'mated']
 ['F63' '89.07763484918732' 'mated']
 ['F40' '100.1577201364033' 'mated']
 ['F156' '132.67979440036302' 'mated']
 ['F109' '135.354018916821' 'mated']
 ['F187' '148.64213183891096' 'destroyed']
 ['F102' '156.0759784756646' 'mated']
 ['F20' '164.13583859152894' 'mated']
 ['F87' '166.6557746908793' 'mated']
 ['F104' '191.54896280627952' 'destroyed']
 ['F140' '203.95363706577996' 'absent']
 ['F154' '208.80068818094765' 'absentdestroyed']
 ['F111' '217.7757562731234' 'mated']
 ['F135' '219.2003964557286' 'mated']
 ['F175' '221.4382690941976' 'destroyed']
 ['F28' '256.4224749251228' 'mated']
 ['F153' '267.1202840295359' 'mated']
 ['F112' '272.8021901849208' 'mated']
 ['F169' '281.9434077193517' 'mated']
 ['F184' '287.53446339376563' 'absent']
 ['F184' '287.5576115419138' 'absent']
 ['F68' '330.76727142742277' 'mated']]",1500.0,0.0,569.0,70.87687593528378,14.31481096421276,1138.0,194.3914266642399,42.221518355469804,544.0,92.21122665993869,19.9432588513376,8.0,0.7999999999999999,0.08000000000000002,67.0,1.7696590604883375,0.04929698216735249
13,0.054,9,360.015185176103,"[['2' '2.8696985444452' 'marauded']
 ['14' '6.159672724898018' 'presentdestroyed']
 ['17' '10.524685998451714' 'present']
 ['2' '14.382690368667548' 'present']
 ['16' '21.813902956918675' 'present']
 ['12' '22.03726583022103' 'present']
 ['12' '23.258424635496304' 'present']
 ['14' '39.302573257195775' 'present']
 ['14' '43.4926404739567' 'present']
 ['4' '45.368464325939456' 'present']
 ['2' '46.369610520396236' 'present']
 ['14' '46.433891730922525' 'present']
 ['14' '64.67437384231462' 'present']
 ['16' '78.34584762061836' 'present']
 ['17' '78.75234826346397' 'present']
 ['16' '80.92273177367119' 'marauded']
 ['14' '82.50363899558883' 'presentdestroyed']
 ['14' '86.98328273969433' 'presentdestroyed']
 ['16' '107.77350362024424' 'present']
 ['12' '109.80868136472148' 'present']
 ['12' '109.84141778977641' 'present']
 ['4' '123.90027037672762' 'present']
 ['14' '128.24772419872278' 'present']
 ['14' '136.28550491304824' 'present']
 ['20' '139.97437184874437' 'present']
 ['16' '141.9790907977621' 'present']
 ['2' '142.4754842899172' 'present']
 ['16' '160.94155057983878' 'present']
 ['12' '165.17686301775584' 'present']
 ['16' '166.47675095111362' 'present']
 ['16' '199.04565384203977' 'present']
 ['15' '212.35457956593157' 'marauded']
 ['14' '230.99006994454763' 'present']
 ['2' '256.90645693434266' 'present']
 ['12' '258.5706498274251' 'present']
 ['16' '260.3440307558492' 'present']
 ['20' '270.8844761281825' 'present']
 ['0' '295.0591693743317' 'present']
 ['16' '298.5999220133065' 'present']
 ['2' '299.1503866075154' 'present']
 ['12' '317.73198619850984' 'present']
 ['16' '320.58587261882144' 'present']
 ['2' '336.5781141364879' 'present']
 ['14' '337.223172895717' 'present']
 ['2' '341.14082960017265' 'present']
 ['14' '347.21076511140524' 'present']]","[['F17' '128.1151635944978' 'mated']
 ['F7' '183.96796042954847' 'mated']
 ['F140' '203.9700052783074' 'mated']
 ['F212' '205.2187174493918' 'absent']
 ['F22' '207.58377315377817' 'mated']
 ['F154' '208.8170563934751' 'mated']
 ['F111' '217.75938806059594' 'absentdestroyed']
 ['F186' '229.95973344870188' 'mated']
 ['F84' '247.57100399783002' 'absent']
 ['F133' '283.17457527895664' 'mated']
 ['F62' '284.6868063588352' 'mated']
 ['F179' '285.4636339679061' 'absent']
 ['F38' '303.59069263885834' 'mated']]",1500.0,500.0,576.0,66.76455819461826,12.983661244739263,1600.0,270.22522866519677,57.784808782339155,100.0,18.371846182315824,4.127776663813556,15.0,1.5000000000000002,0.15000000000000008,117.0,3.143016658193192,0.09002057613168725
14,0.054,7,360.056865677969,"[['22' '1.4542571171875696' 'present']
 ['15' '8.076915153289663' 'present']
 ['22' '9.198839319615237' 'present']
 ['23' '13.080236236705382' 'present']
 ['13' '15.01686906758929' 'present']
 ['23' '15.072652796793841' 'present']
 ['13' '17.95564480420292' 'present']
 ['13' '19.535294731259576' 'present']
 ['13' '19.99326753541513' 'present']
 ['23' '20.0528565993305' 'present']
 ['13' '20.970201489681457' 'present']
 ['1' '21.672724407048687' 'present']
 ['15' '27.90234172971228' 'present']
 ['13' '40.10135042139826' 'present']
 ['1' '46.523147148720845' 'present']
 ['13' '51.10834142154341' 'present']
 ['13' '57.87150541451166' 'present']
 ['20' '60.176462942199514' 'present']
 ['22' '86.66795659593622' 'present']
 ['13' '97.83676161661813' 'present']
 ['23' '101.71075810249997' 'present']
 ['22' '106.4510989684255' 'marauded']
 ['23' '119.67931622353608' 'present']
 ['22' '121.51482207648208' 'present']
 ['20' '122.12006135792355' 'present']
 ['13' '123.19609171053142' 'present']
 ['23' '126.7505606336982' 'present']
 ['10' '130.1506804259366' 'present']
 ['1' '140.92174895732973' 'present']
 ['12' '143.01097413779237' 'present']
 ['12' '144.9581854616303' 'present']
 ['15' '145.85969688408326' 'present']
 ['13' '145.9727256174086' 'present']
 ['22' '152.21010711947173' 'present']
 ['1' '153.71962009828664' 'present']
 ['4' '156.6426928117061' 'present']
 ['12' '161.7316432362026' 'present']
 ['23' '172.63300829369717' 'present']
 ['23' '172.66574471875208' 'present']
 ['20' '175.27492448691547' 'present']
 ['1' '177.36760443399422' 'present']
 ['15' '178.61569977608247' 'present']
 ['23' '179.7948910543022' 'present']
 ['23' '181.5273369169526' 'marauded']
 ['13' '182.11918960678182' 'presentdestroyed']
 ['23' '182.9830474841806' 'presentdestroyed']
 ['13' '185.1164086257833' 'presentdestroyed']
 ['23' '187.03492040776356' 'presentdestroyed']
 ['12' '189.52695607937312' 'marauded']
 ['13' '205.7329156433007' 'marauded']
 ['23' '215.03233634572186' 'marauded']
 ['23' '217.99606809175452' 'presentdestroyed']
 ['13' '226.85358166492333' 'present']
 ['23' '230.4903414047313' 'present']
 ['15' '234.1388948096883' 'present']
 ['23' '234.83998284339646' 'marauded']
 ['13' '239.70787492942318' 'presentdestroyed']
 ['23' '242.40479949704778' 'present']
 ['23' '243.82181875721537' 'present']
 ['23' '247.21455610238488' 'present']
 ['23' '248.3830488728428' 'present']
 ['13' '256.8871017498811' 'present']
 ['12' '261.391396307824' 'present']
 ['15' '261.7369191530449' 'present']
 ['12' '263.25557441285144' 'present']
 ['1' '266.0491085756124' 'marauded']
 ['1' '269.19681888582215' 'presentdestroyed']
 ['20' '271.6664000669871' 'destroyed']
 ['23' '277.858816317522' 'present']
 ['22' '282.2029194908964' 'marauded']
 ['15' '286.12052324148453' 'presentdestroyed']
 ['10' '288.84867350418887' 'presentdestroyed']
 ['23' '290.9916010186642' 'present']
 ['15' '293.19363291394455' 'present']
 ['1' '297.5535988134208' 'present']
 ['20' '305.3418266212326' 'present']
 ['23' '306.4385467997036' 'present']
 ['15' '307.98005190125116' 'present']
 ['13' '314.10245023206767' 'present']
 ['22' '314.43896301751784' 'present']
 ['20' '315.9208080967954' 'present']
 ['12' '316.1898362913221' 'present']
 ['6' '318.64498903242446' 'marauded']
 ['23' '323.3016664792348' 'presentdestroyed']
 ['15' '324.9647527443216' 'presentdestroyed']
 ['1' '328.87869236246166' 'present']
 ['15' '330.0843600346054' 'present']
 ['12' '343.61684758006606' 'present']
 ['22' '349.9687673345723' 'marauded']
 ['23' '350.70113108158057' 'presentdestroyed']]","[['F115' '23.05215684010528' 'mated']
 ['F31' '59.1655464910546' 'absent']
 ['F61' '141.99092531169214' 'mated']
 ['F78' '170.06373320457163' 'mated']
 ['F204' '186.95477088790375' 'destroyed']
 ['F104' '191.57211095442767' 'destroyed']
 ['F9' '192.6867870190875' 'destroyed']
 ['F93' '195.88911589557256' 'destroyed']
 ['F44' '202.7040935205099' 'mated']
 ['F212' '205.23029152346587' 'mated']
 ['F180' '205.71168020524118' 'absent']
 ['F186' '229.9481593746278' 'absent']
 ['F57' '248.81892522058948' 'mated']
 ['F184' '287.52288931969156' 'destroyed']
 ['F184' '287.5460374678397' 'destroyed']
 ['F116' '304.6280113678982' 'mated']]",1500.0,1000.0,584.0,67.84846588448991,13.089241619667037,1371.0,228.3644853546813,48.11799925134482,342.0,61.242665698775646,13.507261430804439,7.0,0.7,0.07,82.0,1.959649403923434,0.04768947187928663
15,0.054,9,360.3471696842174,"[['5' '1.062153690591975' 'present']
 ['14' '1.326037252939756' 'present']
 ['3' '2.193536049708307' 'present']
 ['10' '4.768668127896222' 'present']
 ['3' '6.971627472679291' 'present']
 ['3' '7.477048576720866' 'present']
 ['3' '7.704428013241093' 'present']
 ['3' '7.7275761613892415' 'present']
 ['3' '13.011739725851614' 'present']
 ['3' '14.756505908057438' 'marauded']
 ['4' '28.19626490423924' 'present']
 ['5' '28.90496600215629' 'present']
 ['5' '31.903913885635518' 'present']
 ['3' '35.23318927007563' 'present']
 ['5' '41.50354206071363' 'marauded']
 ['5' '45.00390129834806' 'presentdestroyed']
 ['3' '49.809164034644' 'present']
 ['3' '53.79463960727102' 'present']
 ['14' '56.53187735029007' 'present']
 ['3' '64.9202094333052' 'present']
 ['23' '67.00157806776933' 'present']
 ['5' '77.086695979118' 'marauded']
 ['19' '88.70691053788164' 'marauded']
 ['19' '89.3088020903577' 'presentdestroyed']
 ['3' '93.06266376835752' 'destroyed']
 ['14' '94.47541819841555' 'presentdestroyed']
 ['3' '95.45456739396272' 'presentdestroyed']
 ['18' '96.95930014343926' 'present']
 ['3' '98.07817804445921' 'present']
 ['3' '99.31664485217723' 'present']
 ['3' '106.2200286936573' 'present']
 ['22' '107.09293282434791' 'present']
 ['3' '110.73899312661095' 'present']
 ['3' '123.86107515020221' 'present']
 ['5' '124.53304422328328' 'marauded']
 ['5' '144.11460142423536' 'present']
 ['3' '147.3454044343497' 'present']
 ['3' '155.00947151349962' 'present']
 ['13' '155.76554293587648' 'present']
 ['14' '159.65278084028668' 'marauded']
 ['3' '162.7144173605317' 'presentdestroyed']
 ['5' '170.70720385528193' 'marauded']
 ['3' '185.73384444741706' 'present']
 ['3' '188.62948862274578' 'present']
 ['5' '197.76077243064725' 'present']
 ['3' '200.45896581392265' 'present']
 ['14' '201.83858033777176' 'present']
 ['3' '205.70151101258247' 'present']
 ['3' '227.6501929425395' 'present']
 ['3' '231.99912793543155' 'present']
 ['6' '238.72721331850585' 'present']
 ['4' '241.17531193467727' 'present']
 ['6' '247.14068400527742' 'marauded']
 ['5' '253.22659015195217' 'presentdestroyed']
 ['23' '256.93450140628204' 'present']
 ['23' '260.98022588917377' 'present']
 ['5' '263.0444101430622' 'marauded']
 ['5' '273.92053236692146' 'present']
 ['5' '290.56711303921867' 'present']
 ['3' '294.85346912140557' 'present']
 ['14' '298.5174192474339' 'marauded']
 ['20' '300.65856245833123' 'presentdestroyed']
 ['20' '305.52614824368493' 'present']
 ['5' '311.0763835265765' 'marauded']
 ['3' '312.1123828623544' 'presentdestroyed']
 ['3' '313.4976267280157' 'presentdestroyed']
 ['3' '325.0511910647002' 'present']
 ['5' '325.50322052614086' 'present']
 ['5' '325.59183116421104' 'present']
 ['14' '327.1621743008931' 'present']
 ['5' '335.95223546022424' 'present']
 ['5' '342.09286353375074' 'present']
 ['5' '342.57919482241186' 'present']
 ['5' '342.7646665761892' 'present']
 ['14' '343.1219375347754' 'present']
 ['3' '356.04998550722854' 'present']]","[['F56' '51.49290252163473' 'mated']
 ['F31' '59.177120565128675' 'absent']
 ['F25' '94.8386116559504' 'destroyed']
 ['F159' '116.81286883247233' 'mated']
 ['F173' '165.1400758282099' 'absentdestroyed']
 ['F104' '191.58368502850175' 'mated']
 ['F180' '205.72325427931526' 'mated']
 ['F136' '232.28428289100663' 'mated']
 ['F161' '244.57137825815371' 'mated']
 ['F131' '256.79597661852495' 'mated']
 ['F101' '271.24374524706013' 'mated']
 ['F164' '301.88647706218796' 'destroyed']
 ['F116' '304.6164372938241' 'destroyed']
 ['F122' '345.14661905797016' 'absent']
 ['F77' '353.9158009345491' 'mated']]",1500.0,1500.0,564.0,68.13295883007298,13.834815365663617,1322.0,222.4443443786048,47.455989477270094,394.0,67.10341001501124,14.528616211404872,7.0,0.7,0.07,63.0,1.6668696067649333,0.048761145404663864
16,0.054,9,360.04359184299335,"[['8' '0.46676948464913254' 'marauded']
 ['3' '2.988329663802564' 'presentdestroyed']
 ['3' '5.033396943811901' 'presentdestroyed']
 ['6' '5.860907986181521' 'presentdestroyed']
 ['6' '11.635684019148034' 'marauded']
 ['0' '13.794357722815374' 'presentdestroyed']
 ['3' '14.31381896314961' 'presentdestroyed']
 ['3' '16.27326529403645' 'presentdestroyed']
 ['0' '20.822570967581317' 'present']
 ['12' '23.286366922097844' 'present']
 ['6' '35.52243540663544' 'present']
 ['8' '40.363957874873776' 'present']
 ['13' '42.5095066081474' 'present']
 ['6' '47.60482432375199' 'present']
 ['13' '47.7489218808105' 'present']
 ['13' '48.51955990099082' 'present']
 ['23' '50.30504639733409' 'present']
 ['12' '58.775457124310684' 'present']
 ['12' '64.95445569954775' 'present']
 ['0' '66.36605111227863' 'marauded']
 ['0' '67.41777663659973' 'presentdestroyed']
 ['8' '71.31382194502312' 'presentdestroyed']
 ['6' '72.2704512960324' 'presentdestroyed']
 ['13' '72.46328602908825' 'presentdestroyed']
 ['3' '74.22368617043541' 'present']
 ['3' '77.38355030756888' 'present']
 ['2' '78.73297235920275' 'present']
 ['3' '79.21233853784952' 'present']
 ['2' '87.12118634522369' 'present']
 ['23' '90.63205082225906' 'present']
 ['13' '91.879572822613' 'present']
 ['13' '94.58925488762979' 'present']
 ['13' '95.39136541359488' 'present']
 ['0' '97.1032467270852' 'present']
 ['13' '99.5795042321266' 'present']
 ['8' '104.01171752022367' 'present']
 ['13' '107.17293812269762' 'present']
 ['2' '107.6432652497679' 'present']
 ['13' '112.48175576802684' 'present']
 ['0' '113.31037034158271' 'present']
 ['2' '115.43385753720132' 'present']
 ['13' '116.84212798866764' 'marauded']
 ['8' '118.07556658807525' 'destroyed']
 ['8' '122.81851582816641' 'presentdestroyed']
 ['3' '123.71318610893516' 'presentdestroyed']
 ['0' '124.42831136969671' 'present']
 ['0' '133.11737354555936' 'present']
 ['3' '140.14764187933991' 'present']
 ['13' '144.03578426791137' 'present']
 ['6' '146.78610010273178' 'present']
 ['3' '148.00320797385734' 'marauded']
 ['0' '149.49898295341498' 'presentdestroyed']
 ['13' '150.5810289391078' 'presentdestroyed']
 ['3' '155.03261966164777' 'presentdestroyed']
 ['13' '160.7228005870087' 'present']
 ['0' '162.96222359589416' 'present']
 ['6' '166.70967076837908' 'present']
 ['3' '171.05236729206374' 'present']
 ['0' '172.0985327141829' 'present']
 ['13' '175.82131925410587' 'present']
 ['0' '180.52027034682905' 'present']
 ['0' '184.3264817205532' 'marauded']
 ['13' '185.04696418133884' 'presentdestroyed']
 ['13' '185.09326047763514' 'presentdestroyed']
 ['13' '185.9501343138774' 'presentdestroyed']
 ['6' '193.87200089815732' 'present']
 ['3' '195.2856634959859' 'present']
 ['3' '200.9799886959171' 'marauded']
 ['2' '201.15589669446624' 'presentdestroyed']
 ['3' '201.4872321308431' 'presentdestroyed']
 ['13' '202.65275289820488' 'destroyed']
 ['3' '208.14867598235352' 'presentdestroyed']
 ['12' '213.59715204214305' 'marauded']
 ['6' '224.444771248756' 'present']
 ['0' '227.00918434410443' 'present']
 ['3' '227.23757599046579' 'present']
 ['6' '228.5743775094728' 'present']
 ['6' '233.5094933029661' 'present']
 ['3' '240.00062936465193' 'marauded']
 ['13' '243.8567708880697' 'presentdestroyed']
 ['8' '248.42075563709614' 'present']
 ['13' '248.6651361557976' 'present']
 ['3' '251.25957373098188' 'present']
 ['6' '251.27382508125277' 'present']
 ['8' '253.7138842278896' 'present']
 ['13' '253.7491765081875' 'present']
 ['13' '254.7149061007181' 'present']
 ['13' '255.55028415458577' 'present']
 ['8' '261.5999384056243' 'marauded']
 ['3' '263.74411829464924' 'presentdestroyed']
 ['8' '264.40244097921874' 'presentdestroyed']
 ['8' '271.57158679426675' 'present']
 ['0' '273.3049387441966' 'present']
 ['2' '274.82437973923527' 'present']
 ['3' '282.4894966886873' 'present']
 ['6' '284.367642042826' 'present']
 ['0' '284.91086146792054' 'marauded']
 ['13' '285.0904182880565' 'presentdestroyed']
 ['0' '291.9841771865259' 'destroyed']
 ['2' '293.6594621867575' 'present']
 ['13' '297.7759822040933' 'present']
 ['8' '302.7047308857792' 'marauded']
 ['3' '304.0557176700463' 'presentdestroyed']
 ['3' '304.3557754363701' 'presentdestroyed']
 ['6' '309.40933914384794' 'presentdestroyed']
 ['12' '315.2620952977262' 'present']
 ['6' '316.0910871175828' 'present']
 ['13' '316.86112319408545' 'present']
 ['13' '317.0573073610386' 'present']
 ['3' '320.53030382584785' 'present']
 ['0' '322.53648447282' 'present']
 ['12' '330.21299468978265' 'present']
 ['0' '336.1521657564508' 'present']
 ['13' '338.6305633695683' 'present']
 ['3' '339.18215513811816' 'present']
 ['12' '343.1830008351299' 'present']
 ['12' '345.6439779349617' 'marauded']
 ['13' '349.34111569407605' 'presentdestroyed']
 ['3' '352.753477027705' 'presentdestroyed']
 ['3' '352.80572010457644' 'presentdestroyed']
 ['0' '352.8147433469722' 'presentdestroyed']
 ['3' '352.91464113818495' 'presentdestroyed']]","[['F152' '54.20148219045595' 'absent']
 ['F67' '78.65663376460412' 'mated']
 ['F211' '113.346708580709' 'mated']
 ['F36' '119.52883915623565' 'absentdestroyed']
 ['F58' '136.97166479556176' 'absent']
 ['F196' '163.71639601709083' 'mated']
 ['F127' '174.63816970522325' 'mated']
 ['F35' '176.7141784443144' 'mated']
 ['F86' '190.4909229447825' 'destroyed']
 ['F100' '191.08533031997635' 'destroyed']
 ['F59' '193.17451904333646' 'absent']
 ['F111' '217.74781398652186' 'destroyed']
 ['F175' '221.44984316827168' 'mated']
 ['F205' '228.65358824877572' 'mated']
 ['F79' '238.4205086911931' 'mated']
 ['F172' '240.21492991866745' 'destroyed']
 ['F182' '241.73584352709605' 'destroyed']
 ['F210' '242.02599833995072' 'destroyed']
 ['F84' '247.5825780719041' 'mated']
 ['F179' '285.4752080419802' 'destroyed']
 ['F184' '287.56918561598786' 'destroyed']
 ['F38' '303.57911856478427' 'destroyed']]",2000.0,0.0,556.0,67.70546741428983,13.833079746609991,1239.0,209.58438692383774,45.74386821104,458.0,79.42721535376106,17.202695095594265,13.0,1.3,0.13000000000000006,86.0,2.019505571461094,0.04768947187928663
17,0.054,7,359.91918312184,"[['20' '2.7959073582129714' 'present']
 ['18' '4.601547690387098' 'present']
 ['18' '17.06329904542797' 'present']
 ['4' '27.288964982757605' 'present']
 ['18' '27.612128485852292' 'marauded']
 ['20' '29.71358848524677' 'destroyed']
 ['2' '37.1065556243337' 'present']
 ['18' '38.14161224941599' 'marauded']
 ['18' '40.1056967157986' 'presentdestroyed']
 ['18' '40.43874541694359' 'presentdestroyed']
 ['18' '42.82333215987991' 'presentdestroyed']
 ['20' '53.31484904724376' 'marauded']
 ['20' '84.16284839951021' 'marauded']
 ['20' '84.55341108015374' 'destroyed']
 ['20' '84.76135888851272' 'presentdestroyed']
 ['20' '100.91117484508918' 'present']
 ['18' '115.68894270003162' 'marauded']
 ['18' '129.05294723776544' 'present']
 ['20' '136.85594209310858' 'marauded']
 ['20' '140.0090940709666' 'presentdestroyed']
 ['18' '143.81654893666223' 'presentdestroyed']
 ['4' '156.0910989012935' 'present']
 ['18' '163.4156664917383' 'present']
 ['2' '203.26712876880435' 'present']
 ['20' '211.45248329781077' 'present']
 ['20' '214.50001301133193' 'present']
 ['2' '225.63531397622458' 'present']
 ['20' '250.60918115945708' 'present']
 ['20' '255.0065012876541' 'present']
 ['18' '259.5535893412009' 'present']
 ['18' '280.17017273704636' 'marauded']
 ['2' '281.20716061092753' 'presentdestroyed']
 ['2' '284.72212698950295' 'presentdestroyed']
 ['13' '296.5532184412349' 'present']
 ['20' '302.6566759640025' 'present']
 ['18' '312.99768522838167' 'present']
 ['20' '338.5472558224928' 'marauded']
 ['18' '351.6475315769144' 'present']]","[['F157' '52.02485165832313' 'mated']
 ['F120' '52.98364529715175' 'mated']
 ['F97' '90.727009400503' 'destroyed']
 ['F156' '120.61233575308586' 'destroyed']
 ['F156' '120.6450721781408' 'absentdestroyed']
 ['F214' '166.78345797904493' 'mated']
 ['F76' '174.28391974104088' 'mated']
 ['F204' '199.01264125827413' 'mated']
 ['F172' '240.28625257677126' 'mated']
 ['F198' '272.2548387471609' 'mated']]",2000.0,500.0,572.0,69.82118820684283,14.64546255244228,1385.0,237.16403280284499,51.59685024418379,282.0,48.810880484468285,10.379307185346818,14.0,1.4000000000000001,0.14000000000000007,91.0,2.8533020578186363,0.0943072702331961
18,0.054,2,360.4487543705768,"[['5' '2.284271163634151' 'present']
 ['5' '6.981383675644224' 'present']
 ['6' '8.536334591514281' 'present']
 ['17' '16.362030915802492' 'present']
 ['17' '25.44089376718391' 'present']
 ['12' '25.615598534435318' 'present']
 ['17' '27.622761312083913' 'marauded']
 ['6' '34.48970208096304' 'presentdestroyed']
 ['17' '68.7507940600324' 'present']
 ['17' '69.54869973787996' 'present']
 ['17' '69.58143616293489' 'present']
 ['8' '79.38288692664023' 'present']
 ['17' '79.53526961648281' 'present']
 ['6' '88.511896571428' 'present']
 ['6' '98.51962012795775' 'present']
 ['0' '101.04382582111498' 'marauded']
 ['6' '101.72395371187746' 'presentdestroyed']
 ['8' '118.66191396590592' 'marauded']
 ['0' '130.76104886726108' 'present']
 ['6' '142.27575889048953' 'present']
 ['17' '151.0427495883516' 'present']
 ['6' '155.20535334675589' 'marauded']
 ['0' '178.966233996907' 'present']
 ['17' '180.16428449355942' 'marauded']
 ['17' '190.5850982378279' 'marauded']
 ['17' '212.5313246314564' 'present']
 ['5' '214.18433303223873' 'present']
 ['0' '229.16846173599077' 'present']
 ['17' '230.42743157976872' 'present']
 ['17' '235.91132210728315' 'present']
 ['6' '249.95615934723062' 'present']
 ['8' '269.22794594258755' 'present']
 ['6' '290.51414757842934' 'present']
 ['0' '298.62169526855314' 'present']
 ['17' '298.75931770398506' 'present']
 ['6' '307.9455295073445' 'present']
 ['5' '321.0567353507126' 'marauded']
 ['0' '328.8979836653057' 'present']
 ['0' '340.3124358288416' 'marauded']]","[['F2' '87.54399236069933' 'mated']
 ['F13' '97.09565883379932' 'mated']
 ['F156' '120.59596754055839' 'destroyed']
 ['F156' '120.62870396561333' 'destroyed']
 ['F51' '125.8700163962364' 'destroyed']
 ['F204' '186.92004866568152' 'absentdestroyed']
 ['F28' '256.39932677697465' 'absent']
 ['F121' '259.24693803688234' 'absent']]",2000.0,1000.0,570.0,70.852083834348,14.59449587251982,1370.0,235.86620716930847,50.988150289085375,272.0,48.96383422679003,10.90440578640381,13.0,1.3,0.13000000000000006,98.0,3.0975318862191874,0.10555984224965702
19,0.054,9,360.3318790483999,"[['10' '1.9939427457912875' 'present']
 ['10' '13.353986693076209' 'present']
 ['10' '13.38672311813114' 'present']
 ['23' '18.900513134148802' 'present']
 ['23' '27.166116061940333' 'present']
 ['23' '27.525872061780557' 'present']
 ['6' '29.51227013320877' 'present']
 ['6' '30.01001196524987' 'present']
 ['23' '30.17620767334864' 'present']
 ['5' '40.3090764631044' 'present']
 ['4' '58.54825243264181' 'present']
 ['5' '61.43967190379635' 'present']
 ['10' '63.09199057334875' 'present']
 ['5' '64.70218704151443' 'present']
 ['10' '70.74518980258232' 'present']
 ['5' '80.33527496009134' 'present']
 ['5' '80.35842310823949' 'present']
 ['5' '80.9733587021962' 'present']
 ['10' '98.39401392802564' 'present']
 ['4' '110.16151569985409' 'present']
 ['15' '117.20330618724748' 'present']
 ['5' '120.57910741082304' 'present']
 ['6' '123.54348994594493' 'present']
 ['4' '125.58926214474582' 'present']
 ['23' '132.19332535159754' 'present']
 ['10' '133.58860217868272' 'present']
 ['6' '135.88072536293916' 'present']
 ['10' '142.69357944618957' 'present']
 ['5' '144.0914532760872' 'present']
 ['4' '146.4624544340085' 'present']
 ['23' '152.3542552585952' 'present']
 ['6' '153.43370247626285' 'present']
 ['23' '159.72559947102968' 'present']
 ['5' '161.80345270031702' 'marauded']
 ['5' '161.92660084846517' 'destroyed']
 ['23' '164.0169768731744' 'presentdestroyed']
 ['23' '167.81134221317996' 'presentdestroyed']
 ['5' '168.57657024365955' 'presentdestroyed']
 ['4' '176.35705049052237' 'present']
 ['4' '177.68347726408265' 'present']
 ['10' '179.25781233982022' 'present']
 ['23' '187.83088136367547' 'present']
 ['10' '192.95112372023266' 'present']
 ['10' '195.25348938917284' 'marauded']
 ['23' '209.97909913835693' 'present']
 ['6' '221.68764623239468' 'present']
 ['22' '224.26015014881966' 'present']
 ['5' '225.01989614898218' 'present']
 ['23' '226.457687266324' 'marauded']
 ['10' '236.09678494523183' 'present']
 ['23' '238.64352366612695' 'marauded']
 ['10' '241.04882178923935' 'destroyed']
 ['5' '257.34826191007113' 'present']
 ['23' '264.82694014453944' 'present']
 ['5' '266.60156953119053' 'marauded']
 ['23' '266.95151281707854' 'presentdestroyed']
 ['23' '276.77222290298585' 'present']
 ['15' '278.47075323741745' 'present']
 ['10' '286.14052257726513' 'present']
 ['4' '289.91099054903276' 'present']
 ['5' '294.126973528327' 'present']
 ['10' '298.49100754621605' 'present']
 ['4' '300.632909374395' 'present']
 ['5' '302.3829264506018' 'marauded']
 ['10' '310.7830774445084' 'destroyed']
 ['6' '318.01934921387567' 'present']
 ['10' '318.9438269039165' 'marauded']
 ['4' '318.9971270094449' 'presentdestroyed']
 ['5' '331.3278614420058' 'present']
 ['5' '333.0680313478774' 'present']
 ['23' '334.09205527968953' 'present']
 ['6' '339.1715357666935' 'present']
 ['10' '343.3979990032965' 'marauded']
 ['10' '356.66013526613744' 'present']
 ['10' '358.74518036701903' 'present']
 ['10' '359.35578228231446' 'present']]","[['F166' '43.60869890609922' 'absent']
 ['F126' '61.18743278818178' 'mated']
 ['F105' '72.59923523439176' 'absent']
 ['F10' '121.77922732660056' 'mated']
 ['F130' '125.16568247368083' 'mated']
 ['F76' '162.21646109376374' 'destroyed']
 ['F76' '162.2396092419119' 'destroyed']
 ['F171' '183.65366989987024' 'mated']
 ['F39' '189.74068008171417' 'mated']
 ['F93' '195.84959953489695' 'destroyed']
 ['F125' '204.49015386589377' 'mated']
 ['F106' '220.5438024075773' 'mated']
 ['F74' '230.41481831020374' 'absentdestroyed']
 ['F199' '235.26071721857966' 'mated']
 ['F117' '248.39467263755927' 'absent']
 ['F99' '285.38387089672415' 'mated']]",2000.0,1500.0,554.0,66.79682706681771,14.042987635676676,1415.0,241.8721060199723,52.3151974538719,285.0,48.66621103026409,10.284647914164058,10.0,0.9999999999999999,0.10000000000000003,69.0,1.9116859797964731,0.05626286008230448
20,0.054,7,360.2152661737066,"[['17' '2.2724524576586616' 'present']
 ['8' '12.478222628107522' 'present']
 ['17' '13.112693605041667' 'present']
 ['8' '15.363446922156927' 'marauded']
 ['14' '18.046273197752303' 'presentdestroyed']
 ['14' '19.431252864749588' 'presentdestroyed']
 ['17' '22.61086372802955' 'destroyed']
 ['14' '22.616183711031034' 'destroyed']
 ['14' '22.874845433249842' 'present']
 ['22' '24.15483058840102' 'present']
 ['8' '37.71265956167798' 'present']
 ['8' '55.6387562655851' 'present']
 ['17' '64.86531311151111' 'present']
 ['8' '64.9436994549492' 'present']
 ['3' '65.6003686919085' 'marauded']
 ['8' '67.85233124618681' 'presentdestroyed']
 ['8' '71.70315494544688' 'presentdestroyed']
 ['14' '74.9652541844994' 'present']
 ['17' '80.16850668396314' 'present']
 ['18' '89.44079875931278' 'present']
 ['17' '98.24005695195768' 'present']
 ['19' '108.78698848586912' 'present']
 ['8' '108.79686693016806' 'present']
 ['8' '110.16868149762556' 'present']
 ['8' '115.34488513796656' 'present']
 ['14' '127.63711373444595' 'present']
 ['14' '136.3086530611964' 'present']
 ['8' '141.14151459203438' 'marauded']
 ['17' '145.1257697740862' 'presentdestroyed']
 ['14' '157.41146758120294' 'present']
 ['17' '161.9940747713643' 'present']
 ['8' '164.26178876493478' 'present']
 ['17' '164.87137678961048' 'marauded']
 ['14' '166.49385760300888' 'presentdestroyed']
 ['14' '177.4047329333054' 'present']
 ['14' '177.85935874212922' 'present']
 ['15' '179.16403045373784' 'marauded']
 ['17' '180.1363422069579' 'presentdestroyed']
 ['17' '186.35327068261006' 'presentdestroyed']
 ['8' '194.6050973259072' 'present']
 ['8' '198.60732969057614' 'present']
 ['14' '198.96312552444127' 'present']
 ['8' '214.69839124510116' 'marauded']
 ['8' '216.38868948721864' 'destroyed']
 ['17' '217.5209337786343' 'destroyed']
 ['17' '219.04077149172275' 'presentdestroyed']
 ['14' '227.53567358338142' 'present']
 ['13' '233.0672124624712' 'present']
 ['17' '238.5406155485766' 'marauded']
 ['17' '243.71554860544214' 'presentdestroyed']
 ['14' '247.24314469871405' 'present']
 ['17' '251.24584205988663' 'present']
 ['14' '262.4315436682724' 'marauded']
 ['17' '266.97449875971756' 'presentdestroyed']
 ['14' '274.9653440452234' 'present']
 ['17' '277.3968826512872' 'present']
 ['17' '280.1770637518611' 'present']
 ['17' '287.9273694347237' 'present']
 ['14' '296.4094298607483' 'present']
 ['3' '297.8654851344538' 'present']
 ['17' '311.7652259826572' 'present']
 ['17' '314.45271725562435' 'present']
 ['17' '315.06674212587427' 'present']
 ['17' '323.2548390285431' 'marauded']
 ['8' '323.92875000640913' 'presentdestroyed']
 ['17' '330.70308515517644' 'marauded']
 ['8' '332.73865298395475' 'presentdestroyed']
 ['17' '333.58020679231424' 'presentdestroyed']
 ['14' '334.5318703829404' 'presentdestroyed']
 ['8' '336.14253837245514' 'presentdestroyed']
 ['8' '337.0753081670012' 'presentdestroyed']
 ['14' '349.6374076035087' 'present']
 ['12' '354.40022307007837' 'present']
 ['17' '356.9903066699672' 'present']]","[['F72' '43.91794571229295' 'mated']
 ['F45' '44.937972370177604' 'mated']
 ['F167' '64.0745285369358' 'mated']
 ['F70' '117.0959651707128' 'mated']
 ['F156' '120.65664625221487' 'absent']
 ['F91' '124.10910739608128' 'mated']
 ['F61' '141.97935123761806' 'absentdestroyed']
 ['F15' '151.94320464124252' 'mated']
 ['F204' '187.00106718420005' '']
 ['F113' '188.66761703425007' 'mated']
 ['F172' '240.25153035454903' 'absentdestroyed']
 ['F172' '240.27467850269718' 'absentdestroyed']
 ['F133' '283.1514271308085' 'absent']]",2500.0,0.0,559.0,69.00408477988319,13.969965862611327,1355.0,226.76195218686001,48.57924033858335,364.0,61.69967855629775,13.2498561680386,7.0,0.7,0.07,69.0,1.9651139404396327,0.06215706447187924
21,0.0,6,360.2355840401674,"[['2' '1.2915335373174615' 'present']
 ['2' '21.05282910516332' 'present']
 ['2' '30.74819385632286' 'present']
 ['2' '32.30491051373709' 'present']
 ['4' '38.92939614157063' 'present']
 ['2' '46.76203470775193' 'marauded']
 ['2' '49.214200305522425' 'presentdestroyed']
 ['4' '63.17866624596321' 'present']
 ['4' '65.93480074437896' 'present']
 ['22' '70.59463716669964' 'marauded']
 ['4' '74.30265082042689' 'destroyed']
 ['4' '74.32579896857504' 'destroyed']
 ['4' '74.66741195114903' 'presentdestroyed']
 ['5' '83.06276953930559' 'marauded']
 ['4' '93.98523504781151' 'present']
 ['22' '109.54021151639235' 'present']
 ['22' '121.17484049395728' 'present']
 ['4' '139.32869780918037' 'present']
 ['2' '140.757135907699' 'marauded']
 ['1' '142.70267454457843' 'destroyed']
 ['10' '166.40194143508666' 'marauded']
 ['5' '168.52088574350194' 'presentdestroyed']
 ['20' '174.14610689061396' 'destroyed']
 ['22' '187.91597589894215' 'present']
 ['22' '188.7819175442925' 'present']
 ['4' '196.16841181413258' 'present']
 ['4' '196.43752445987195' 'present']
 ['2' '202.7515018579231' 'present']
 ['22' '204.79058760777386' 'present']
 ['4' '219.1059079002396' 'present']
 ['5' '223.27721429156318' 'marauded']
 ['2' '224.45030181019163' 'presentdestroyed']
 ['22' '225.0266852801888' 'presentdestroyed']
 ['2' '229.17648126183477' 'presentdestroyed']
 ['22' '230.46643008466754' 'presentdestroyed']
 ['0' '234.33412432991372' 'present']
 ['5' '245.52167150190425' 'present']
 ['2' '246.71329505058398' 'present']
 ['5' '269.4896755113577' 'present']
 ['2' '280.00148881200505' 'present']
 ['5' '300.01125643721446' 'marauded']
 ['19' '300.6082106157417' 'destroyed']
 ['4' '301.43004206342556' 'presentdestroyed']
 ['4' '307.3822318376299' 'presentdestroyed']
 ['4' '307.40537998577804' 'presentdestroyed']
 ['2' '308.5885367603172' 'marauded']
 ['4' '309.1698587440691' 'presentdestroyed']
 ['4' '317.4546382979285' 'present']
 ['4' '334.1803178877933' 'present']
 ['4' '341.53299820020777' 'present']
 ['2' '349.6708258558245' 'present']
 ['22' '350.6849852329365' 'present']
 ['4' '355.08320140673806' 'present']]","[['F150' '51.94292382291286' 'destroyed']
 ['F173' '165.11213354160836' 'absent']
 ['F71' '174.41727934389337' 'absentdestroyed']
 ['F128' '183.42410723917962' 'mated']
 ['F155' '187.19591066991947' 'absent']
 ['F21' '193.52409980707887' 'mated']
 ['F176' '251.00387082881068' 'mated']
 ['F3' '266.9419322334815' 'mated']
 ['F55' '289.46199029459444' 'mated']
 ['F30' '291.6882440344992' 'mated']]",2500.0,500.0,564.0,71.13886391378462,15.52043919443924,1410.0,239.76062548283815,51.57258728891122,276.0,49.22493107347922,11.064031008700983,0.0,0.0,0.0,0.0,0.0,0.0
22,0.054,12,360.1985050778281,"[['20' '5.405268698904433' 'present']
 ['10' '21.781468238223656' 'present']
 ['14' '22.63933185917918' 'present']
 ['2' '23.240580294693192' 'present']
 ['10' '23.91458282658053' 'present']
 ['20' '24.710085889858835' 'present']
 ['12' '32.33216043271652' 'present']
 ['1' '41.52918860273869' 'marauded']
 ['10' '47.36725858722867' 'presentdestroyed']
 ['2' '50.29158002674339' 'present']
 ['20' '51.512728499332226' 'present']
 ['10' '61.212919252072375' 'present']
 ['14' '74.39426277778438' 'present']
 ['10' '75.39994920465236' 'present']
 ['14' '92.9826563112445' 'present']
 ['14' '96.52246453569725' 'present']
 ['10' '100.61742534512192' 'present']
 ['4' '100.7410097419833' 'present']
 ['10' '107.42446499761142' 'present']
 ['1' '115.03206365756218' 'present']
 ['14' '118.30715494784127' 'present']
 ['14' '122.83374875203862' 'present']
 ['10' '126.73026141077922' 'present']
 ['20' '126.75601233641324' 'present']
 ['14' '128.81328429167309' 'present']
 ['10' '135.54343710497366' 'present']
 ['3' '141.53901344399526' 'present']
 ['10' '144.2850608885662' 'marauded']
 ['14' '155.51735813381427' 'present']
 ['3' '164.89781364892747' 'marauded']
 ['12' '171.0563581856144' 'presentdestroyed']
 ['14' '175.0590407158873' 'present']
 ['3' '175.11765361071312' 'present']
 ['14' '176.708176034167' 'present']
 ['10' '179.2298700532187' 'present']
 ['1' '196.9805491634221' 'marauded']
 ['2' '197.04281428479564' 'destroyed']
 ['10' '204.82848251134467' 'present']
 ['10' '205.87430625259213' 'marauded']
 ['6' '208.43578723724835' 'destroyed']
 ['1' '219.5855557434622' 'present']
 ['2' '223.202095061643' 'present']
 ['3' '228.18992812172849' 'present']
 ['14' '252.4548215318558' 'present']
 ['10' '252.99574148476202' 'marauded']
 ['14' '255.20392291706972' 'presentdestroyed']
 ['12' '257.5929122600889' 'presentdestroyed']
 ['12' '257.62564868514386' 'presentdestroyed']
 ['12' '259.19317757867736' 'presentdestroyed']
 ['10' '278.87828645968386' 'present']
 ['10' '282.8459424733294' 'present']
 ['10' '289.14056051043895' 'marauded']
 ['14' '290.5149642019943' 'destroyed']
 ['14' '311.4626609257753' 'present']
 ['20' '320.167587499073' 'present']
 ['10' '321.7705815818902' 'marauded']
 ['10' '322.7625175791732' 'destroyed']
 ['6' '331.07580745751494' 'present']
 ['14' '335.0485743765727' 'present']
 ['2' '338.2881334985243' 'marauded']
 ['6' '338.4524366634935' 'presentdestroyed']
 ['12' '343.15505854852836' 'presentdestroyed']
 ['1' '352.28482870933857' 'marauded']
 ['10' '356.60904483138773' 'presentdestroyed']
 ['10' '359.3137883914293' 'presentdestroyed']]","[['F107' '59.218474153893695' 'mated']
 ['F73' '60.239000487714165' 'absent']
 ['F16' '89.67113318665571' 'mated']
 ['F195' '101.12903379078215' 'mated']
 ['F134' '163.04827482426307' 'mated']
 ['F5' '174.76761999533716' 'mated']
 ['F4' '190.0861435134707' 'mated']
 ['F9' '192.69836109316157' 'mated']
 ['F69' '198.58857372028893' 'destroyed']
 ['F44' '202.69251944643582' 'destroyed']
 ['F81' '214.18327970416962' 'mated']
 ['F162' '216.80767769476262' 'mated']
 ['F135' '219.17245416912706' 'absent']
 ['F185' '221.16066243101866' 'mated']
 ['F209' '260.63498101733546' 'mated']
 ['F41' '290.920149549194' 'destroyed']
 ['F30' '291.6718758219717' 'destroyed']
 ['F168' '318.80013020879016' 'mated']]",2500.0,1000.0,560.0,69.07706765412001,13.876401822159822,1322.0,225.6584440434461,48.81020368348117,364.0,61.0368724680678,12.722225718333203,19.0,1.9000000000000006,0.1900000000000001,82.0,2.5104668867321904,0.081983024691358
23,0.054,6,359.8835752351788,"[['10' '10.411468817552228' 'present']
 ['2' '14.349953943612617' 'present']
 ['19' '33.279927350560214' 'present']
 ['19' '33.39914283872352' 'present']
 ['19' '38.575547797370255' 'marauded']
 ['19' '46.106040803211386' 'present']
 ['8' '73.3098032067842' 'marauded']
 ['14' '74.14427852502457' 'presentdestroyed']
 ['2' '79.04676393594232' 'presentdestroyed']
 ['14' '89.37709362810611' 'present']
 ['8' '110.00880473864026' 'present']
 ['19' '110.21372966604933' 'marauded']
 ['19' '121.73574586256036' 'present']
 ['19' '124.45662496622147' 'present']
 ['3' '183.5075127095207' 'present']
 ['2' '200.7741763306894' 'marauded']
 ['14' '243.46981395964758' 'present']
 ['19' '254.3303626225434' 'present']
 ['19' '294.19499354618716' 'present']
 ['19' '300.32592788892254' 'present']
 ['3' '301.7683208050405' 'present']
 ['14' '313.42563386990355' 'present']
 ['19' '335.94001917936805' 'marauded']
 ['2' '338.1070769726774' 'destroyed']
 ['6' '350.69192791249327' 'marauded']]","[['F201' '49.24097862080402' 'mated']
 ['F163' '125.89414921995525' 'mated']
 ['F66' '151.0959674350325' 'mated']
 ['F65' '179.14735145160788' 'mated']
 ['F203' '183.24848418084406' 'mated']
 ['F148' '278.63635603727147' 'mated']]",2500.0,1500.0,558.0,65.49246789281061,12.508616797268964,1528.0,254.01672780129442,53.58575659825382,227.0,36.51630856493686,7.380562456236368,11.0,1.0999999999999999,0.11000000000000004,80.0,2.9231015884173526,0.1109182098765431
