id,probability_maraud,successful_mating,next_foraging_time,mar_attempts,mate_attempts,x_pos,y_pos,foraging_events,foraging_hrs,foraging_sqhrs,staying_events,staying_hrs,staying_sqhrs,repairing_events,repairing_hrs,repairing_sqhrs,marauding_events,marauding_hrs,marauding_sqhrs,traveling_events,traveling_hrs,traveling_sqhrs
0,0.054,14,360.76958538276847,"[['1' '2.312668989813591' 'present']
 ['3' '4.21630113192283' 'present']
 ['3' '13.096714170469417' 'present']
 ['1' '24.887770015554104' 'present']
 ['1' '27.3582024304962' 'present']
 ['1' '35.57329566793051' 'marauded']
 ['1' '56.89035337804148' 'present']
 ['3' '62.793988873142034' 'present']
 ['1' '70.04851285777467' 'marauded']
 ['3' '84.46901578366007' 'present']
 ['3' '97.23428485638453' 'present']
 ['1' '103.19506151327896' 'marauded']
 ['3' '103.96104372090005' 'presentdestroyed']
 ['3' '105.91798344434876' 'presentdestroyed']
 ['3' '114.97264984763424' 'marauded']
 ['1' '147.56385114616958' 'marauded']
 ['1' '180.82866088241593' 'present']
 ['1' '192.3120324837473' 'marauded']
 ['1' '192.80416297562445' 'presentdestroyed']
 ['1' '197.3962615873223' 'destroyed']
 ['3' '200.9118485513414' 'marauded']
 ['3' '217.88099939804275' 'present']
 ['3' '232.81399534448698' 'present']
 ['3' '248.4847025862806' 'present']
 ['1' '253.16178177664204' 'present']
 ['3' '323.12575361573437' 'present']
 ['1' '334.75783851773286' 'present']]","[['F195' '52.10148600899741' 'mated']
 ['F70' '86.61067375897468' 'mated']
 ['F186' '118.80138020215395' 'absentdestroyed']
 ['F186' '118.84767649845026' 'absentdestroyed']
 ['F187' '119.56020939782222' 'absentdestroyed']
 ['F158' '147.13454966824585' 'mated']
 ['F27' '149.1576344205773' 'destroyed']
 ['F65' '156.55290831181756' 'absent']
 ['F34' '160.07421728151598' 'absent']
 ['F144' '173.57282677163207' 'mated']
 ['F200' '189.07860557090135' 'mated']
 ['F120' '200.34650250851297' 'mated']
 ['F206' '202.6505861000848' 'destroyed']
 ['F35' '209.15245416552233' 'mated']
 ['F56' '230.11214961684732' 'mated']
 ['F191' '235.3188700736843' 'mated']
 ['F135' '259.35882334597324' 'mated']
 ['F72' '273.74819649279067' 'mated']
 ['F101' '281.58698168248293' 'mated']
 ['F82' '288.89324037708474' 'mated']
 ['F162' '326.398363350574' 'mated']]",0.0,0.0,575.0,73.56743045589455,15.182535889617933,1383.0,239.34963147922457,52.30015073166162,250.0,42.47803360913602,9.065177739622337,12.0,1.2,0.12000000000000005,81.0,3.769176553813568,0.17575445816186536
1,0.054,5,360.3453733016822,"[['2' '0.9402841655453136' 'present']
 ['2' '1.2599335225421209' 'present']
 ['0' '7.685731849542528' 'marauded']
 ['2' '42.366787815766585' 'present']
 ['2' '44.527960419357825' 'present']
 ['2' '56.22457736515999' 'present']
 ['21' '57.79273815393736' 'present']
 ['22' '59.283277804092904' 'marauded']
 ['21' '59.6509807419489' 'presentdestroyed']
 ['0' '78.04772372441717' 'present']
 ['0' '84.04626841161343' 'present']
 ['2' '96.0478519373126' 'present']
 ['2' '101.23258072467036' 'present']
 ['2' '110.8733071440181' 'marauded']
 ['2' '127.8712487176147' 'present']
 ['0' '133.1218943623996' 'present']
 ['21' '135.2303059066328' 'present']
 ['2' '135.3213453687732' 'present']
 ['0' '141.85852888792843' 'present']
 ['0' '142.4547346568828' 'present']
 ['2' '160.5140765804862' 'present']
 ['2' '163.09158293655003' 'present']
 ['21' '164.34899390505268' 'marauded']
 ['0' '171.62066338657993' 'presentdestroyed']
 ['2' '181.06457191711635' 'present']
 ['0' '181.86618546086422' 'present']
 ['2' '197.49324863141905' 'present']
 ['21' '200.6633860252577' 'present']
 ['21' '205.48190046004225' 'present']
 ['21' '210.12040320532108' 'present']
 ['2' '221.9141058293509' 'present']
 ['21' '229.95996393053264' 'present']
 ['2' '237.14228396516543' 'present']
 ['2' '243.86989127899193' 'present']
 ['0' '244.382163816572' 'present']
 ['0' '250.38588458091994' 'present']
 ['21' '253.31992104651536' 'present']
 ['6' '259.8619258735932' 'present']
 ['2' '260.0261558453826' 'marauded']
 ['0' '264.8286344574863' 'presentdestroyed']
 ['2' '267.85515939073446' 'present']
 ['0' '275.4284143264464' 'marauded']
 ['0' '275.6894760362249' 'presentdestroyed']
 ['0' '275.8888402624065' 'destroyed']
 ['21' '286.79899609050784' 'marauded']
 ['2' '290.3694964448858' 'presentdestroyed']
 ['0' '290.7218288592903' 'destroyed']
 ['21' '301.3615883192303' 'marauded']
 ['21' '309.3083988609112' 'present']
 ['21' '309.3546951572075' 'present']
 ['2' '316.62031370936245' 'present']
 ['21' '322.3158120405425' 'present']
 ['21' '328.68418114684465' 'present']
 ['0' '332.0694259162299' 'present']
 ['2' '333.4722571201676' 'present']
 ['2' '335.2541462189185' 'present']
 ['21' '335.8731720548861' 'present']
 ['21' '339.822733456827' 'present']
 ['21' '344.2626121390167' 'present']
 ['0' '347.4507784676124' 'present']
 ['21' '347.476450330327' 'present']]","[['F208' '56.52915787220892' 'mated']
 ['F186' '118.8245283503021' 'absent']
 ['F34' '160.09736542966414' 'mated']
 ['F146' '166.0292349906116' 'absentdestroyed']
 ['F57' '167.7834636465006' 'destroyed']
 ['F15' '169.78078135547503' 'destroyed']
 ['F81' '191.95182759157157' 'mated']
 ['F176' '207.86470246431375' 'mated']
 ['F88' '263.99012373351195' 'absentdestroyed']
 ['F50' '272.9342856001083' 'mated']]",0.0,1000.0,564.0,70.88513870843175,15.146359329204143,1410.0,235.65932721877599,49.67163484921745,284.0,49.03345410241831,10.700201049185779,12.0,1.2,0.12000000000000005,70.0,3.336623509808586,0.16075102880658426
2,0.054,8,360.16780228426313,"[['6' '0.5193357287703898' 'present']
 ['6' '3.5172942060982604' 'present']
 ['6' '17.29996671425113' 'marauded']
 ['3' '23.36517386626347' 'presentdestroyed']
 ['1' '24.9340663118504' 'present']
 ['1' '40.12656449024013' 'present']
 ['22' '41.043965713231295' 'present']
 ['21' '42.752494841192025' 'present']
 ['1' '50.29913568296892' 'present']
 ['3' '62.840285169438324' 'present']
 ['1' '67.82676249432969' 'present']
 ['3' '71.20564214609351' 'present']
 ['1' '71.46352421315157' 'present']
 ['22' '77.44248889017085' 'present']
 ['22' '79.57517150425917' 'present']
 ['1' '90.35387528738403' 'present']
 ['6' '114.1629906301694' 'present']
 ['22' '115.3877721381713' 'present']
 ['22' '117.15123457179935' 'present']
 ['3' '137.78331070287234' 'marauded']
 ['1' '144.0172628097496' 'presentdestroyed']
 ['1' '149.6343379761781' 'present']
 ['22' '153.68237957781525' 'present']
 ['6' '171.85859689822854' 'present']
 ['3' '174.1023348700234' 'present']
 ['3' '187.41497064254563' 'present']
 ['6' '187.6273322084057' 'present']
 ['6' '187.98977435845757' 'marauded']
 ['22' '191.62808927582523' 'presentdestroyed']
 ['3' '195.98125359635355' 'present']
 ['1' '196.99509580123404' 'present']
 ['21' '208.50549447121475' 'present']
 ['22' '208.5174512070732' 'present']
 ['22' '224.86897020085735' 'present']
 ['22' '225.2293718507667' 'present']
 ['22' '226.6705401393523' 'present']
 ['6' '232.02717695550888' 'present']
 ['6' '234.70573558680292' 'present']
 ['1' '242.61055484907354' 'present']
 ['6' '243.11981543610045' 'present']
 ['3' '243.28086066482106' 'present']
 ['3' '246.25634387487358' 'marauded']
 ['1' '252.5922666298433' 'presentdestroyed']
 ['3' '252.8285478284503' 'presentdestroyed']
 ['1' '255.6287560390964' 'present']
 ['1' '267.6194133558918' 'present']
 ['22' '269.200716724108' 'present']
 ['3' '280.76367332178427' 'marauded']
 ['3' '295.475366281362' 'marauded']
 ['6' '301.7205519740122' 'presentdestroyed']
 ['1' '316.5154425005062' 'present']
 ['22' '319.4129307155354' 'present']
 ['22' '320.6911481273455' 'present']
 ['3' '320.8928207599949' 'marauded']
 ['3' '321.0391170562912' 'destroyed']
 ['22' '326.13845587015857' 'presentdestroyed']
 ['3' '331.7794087540243' 'present']
 ['6' '339.50520943635195' 'present']
 ['6' '347.56134310476455' 'present']
 ['22' '347.8654387804467' 'present']
 ['3' '352.3681670506237' 'present']
 ['22' '356.716438830754' 'present']]","[['F133' '41.91540547970032' 'mated']
 ['F49' '44.89628846704496' 'mated']
 ['F109' '71.71065483801111' 'absent']
 ['F143' '72.60143576593323' 'absent']
 ['F129' '120.63644348522428' 'mated']
 ['F126' '145.98999928182712' '']
 ['F146' '166.05238313875975' 'mated']
 ['F15' '169.75763320732688' 'absent']
 ['F15' '169.80392950362318' 'absent']
 ['F192' '174.2047137775615' 'mated']
 ['F81' '191.92867944342342' 'destroyed']
 ['F73' '214.7800977036823' 'absent']
 ['F128' '215.7999018796737' 'absent']
 ['F169' '224.33542322626448' 'mated']
 ['F121' '235.65895069679215' 'mated']
 ['F96' '249.0929249674847' 'destroyed']
 ['F88' '263.9669755853638' 'absent']
 ['F1' '274.4108724847114' 'mated']
 ['F154' '283.759279698553' 'destroyed']
 ['F189' '285.16121882301655' 'destroyed']
 ['F130' '288.0785145207738' '']]",0.0,2000.0,558.0,68.74259210544318,13.92819598786623,1452.0,243.49047555206718,51.943760689060916,244.0,42.704907283708096,9.433682454938504,14.0,1.4000000000000001,0.14000000000000007,80.0,3.780409918957979,0.18004115226337433
3,0.054,10,360.7937501109189,"[['7' '6.647990422118357' 'present']
 ['23' '17.538875558373462' 'present']
 ['7' '21.511453992333866' 'present']
 ['23' '28.201121668660758' 'present']
 ['2' '29.242723626257757' 'present']
 ['2' '30.164297005866594' 'marauded']
 ['7' '32.24276406515405' 'presentdestroyed']
 ['23' '36.47635021825718' 'presentdestroyed']
 ['7' '40.40601106287816' 'marauded']
 ['7' '40.55230735917445' 'presentdestroyed']
 ['0' '45.923489391228856' 'presentdestroyed']
 ['2' '49.13243412178654' 'present']
 ['0' '50.26055287524665' 'present']
 ['23' '52.8988480253088' 'present']
 ['2' '52.915025082673814' 'present']
 ['23' '53.1113752942767' 'present']
 ['23' '67.52710842384585' 'present']
 ['23' '73.79967992741553' 'present']
 ['23' '74.86692979537538' 'marauded']
 ['7' '77.12635778482463' 'presentdestroyed']
 ['2' '84.49112099809066' 'marauded']
 ['0' '87.96137193399694' 'presentdestroyed']
 ['2' '88.41483120775705' 'presentdestroyed']
 ['23' '99.28845337805699' 'present']
 ['7' '106.59786818337163' 'present']
 ['2' '120.9448512378546' 'present']
 ['7' '129.5446335542239' 'present']
 ['7' '131.65025119608748' 'present']
 ['7' '132.52615106401737' 'present']
 ['7' '135.07106581970731' 'present']
 ['2' '151.43113600042483' 'present']
 ['7' '154.56896041797606' 'present']
 ['7' '159.1691711372168' 'marauded']
 ['2' '163.04528664025372' 'presentdestroyed']
 ['2' '166.92597276897885' 'destroyed']
 ['2' '171.5314910675324' 'present']
 ['23' '175.8308811664514' 'present']
 ['0' '178.51027991673558' 'marauded']
 ['2' '181.43754221278584' 'presentdestroyed']
 ['0' '183.01294493093891' 'presentdestroyed']
 ['0' '183.05924122723522' 'presentdestroyed']
 ['0' '190.39269282537302' 'present']
 ['23' '191.67367706665507' 'present']
 ['2' '201.62156526618696' 'present']
 ['23' '207.63857296375517' 'marauded']
 ['7' '211.0691840538805' 'destroyed']
 ['0' '214.2730940939296' 'destroyed']
 ['23' '218.81832801690553' 'marauded']
 ['22' '221.75496715060495' 'destroyed']
 ['0' '222.2242680934771' 'presentdestroyed']
 ['23' '224.70148939620287' 'presentdestroyed']
 ['0' '238.42100240435389' 'present']
 ['2' '241.03205725873084' 'present']
 ['23' '245.94421119137655' 'present']
 ['0' '246.44567858025' 'present']
 ['0' '257.07463794497926' 'marauded']
 ['2' '270.17697541673624' 'marauded']
 ['23' '280.0967059761229' 'present']
 ['0' '285.780706611528' 'marauded']
 ['7' '306.60840020479225' 'present']
 ['0' '306.8790953307638' 'present']
 ['0' '316.6916157483075' 'present']
 ['2' '337.9967945161626' 'present']
 ['0' '339.2299964375333' 'present']
 ['23' '345.7399794375884' 'present']
 ['0' '355.54360977762394' 'present']
 ['0' '355.69998784488376' 'present']]","[['F166' '60.455821355229965' 'mated']
 ['F143' '72.62458391408138' 'mated']
 ['F87' '83.8026595345804' 'mated']
 ['F70' '86.58752561082653' 'destroyed']
 ['F186' '118.7782320540058' 'absent']
 ['F187' '119.58335754597037' 'mated']
 ['F80' '128.63994553155234' 'mated']
 ['F142' '135.8047591190459' 'mated']
 ['F150' '199.7071734773101' 'mated']
 ['F198' '200.40392400838073' 'mated']
 ['F73' '214.80324585183044' 'destroyed']
 ['F169' '224.31227507811633' 'destroyed']
 ['F56' '230.08900146869917' 'absent']
 ['F88' '263.94382743721565' 'destroyed']
 ['F154' '283.7824278467011' 'mated']
 ['F189' '285.1380706748684' 'absent']
 ['F189' '285.1843669711647' 'mated']
 ['F130' '288.05536637262566' 'absentdestroyed']
 ['F82' '288.8700922289366' 'destroyed']
 ['F95' '302.28699138204536' 'absent']]",0.0,3000.0,561.0,76.45523979166613,16.65320799680289,1265.0,210.99423171260992,44.66122990234426,408.0,67.88568037187247,14.506969429347166,15.0,1.5000000000000002,0.15000000000000008,68.0,3.263207471029563,0.15860768175582982
4,0.0,9,360.52462439865076,"[['0' '25.088647673320885' 'present']
 ['0' '25.75919284024437' 'present']
 ['8' '32.29882569494066' 'present']
 ['0' '34.237243635650394' 'present']
 ['8' '41.10514680647664' 'present']
 ['1' '43.055467530267286' 'present']
 ['0' '45.675889085724236' 'present']
 ['0' '55.3061278973195' 'present']
 ['8' '63.10778989078075' 'present']
 ['0' '65.97513723521544' 'present']
 ['0' '66.27795276477735' 'present']
 ['8' '67.23940512639302' 'present']
 ['8' '77.84743078772806' 'present']
 ['0' '87.16338927413535' 'present']
 ['0' '97.131696711422' 'present']
 ['0' '97.61063522546365' 'present']
 ['7' '107.22127693225437' 'present']
 ['8' '109.62625176653432' 'present']
 ['0' '114.87712713331221' 'present']
 ['0' '114.99125720068642' 'present']
 ['0' '130.22295979549088' 'present']
 ['8' '132.08571987505235' 'present']
 ['0' '147.58043479131103' 'present']
 ['8' '155.1590100133269' 'present']
 ['9' '156.61422510624163' 'marauded']
 ['0' '159.42308026534323' 'destroyed']
 ['8' '176.41980981258186' 'present']
 ['8' '178.52275664323494' 'present']
 ['7' '181.43579079403563' 'marauded']
 ['8' '204.84253467838747' 'present']
 ['7' '209.85193245182373' 'present']
 ['0' '214.4528228595039' 'present']
 ['8' '226.30451585052091' 'present']
 ['0' '228.65727637821655' 'present']
 ['0' '246.70327855400075' 'marauded']
 ['8' '252.63636605068706' 'presentdestroyed']
 ['8' '259.69138682257653' 'present']
 ['0' '264.46467172329335' 'present']
 ['7' '266.0488595516419' 'present']
 ['0' '268.3643525421515' 'marauded']
 ['0' '268.5106488384478' 'presentdestroyed']
 ['7' '274.2726516623164' 'presentdestroyed']
 ['8' '278.86632978011136' 'present']
 ['0' '284.0655139415822' 'marauded']
 ['8' '289.0985060160379' 'destroyed']
 ['8' '291.78416000534673' 'present']
 ['8' '294.1373947123998' 'present']
 ['8' '305.15736357454637' 'present']
 ['9' '308.0880399057394' 'present']
 ['7' '325.85782114941776' 'present']
 ['0' '326.9803390715494' 'present']
 ['9' '328.7340912717307' 'present']
 ['7' '336.0597421301829' 'marauded']
 ['0' '340.4359845531495' 'presentdestroyed']
 ['7' '340.587619696909' 'destroyed']
 ['3' '354.3320939654563' 'present']
 ['0' '355.39959691529805' 'present']]","[['F84' '3.9379056586060335' 'mated']
 ['F203' '38.99596146188457' 'mated']
 ['F186' '118.87082464659841' 'mated']
 ['F27' '149.18078256872545' 'mated']
 ['F65' '156.5760564599657' 'absent']
 ['F214' '159.83677868155056' 'destroyed']
 ['F34' '160.05106913336783' 'absentdestroyed']
 ['F78' '179.08626616356' 'mated']
 ['F171' '181.25168053752074' 'mated']
 ['F59' '199.20106087088956' 'mated']
 ['F199' '223.10083103214822' 'absent']
 ['F153' '223.8505937416075' 'absent']
 ['F66' '276.51003349545243' 'mated']
 ['F3' '294.01717951489513' 'mated']]",1000.0,0.0,562.0,74.5895624658837,16.4978639580797,1495.0,248.58934461583834,52.641180800457356,241.0,36.8516612863332,7.2761796619780865,0.0,0.0,0.0,0.0,0.0,0.0
5,0.0,9,360.23618157543507,"[['1' '1.511911801192454' 'marauded']
 ['9' '5.170409468254902' 'presentdestroyed']
 ['1' '6.5466281577782155' 'presentdestroyed']
 ['9' '11.97909574236273' 'present']
 ['6' '25.83009824935236' 'present']
 ['6' '29.216553670768658' 'present']
 ['9' '35.22469832239706' 'marauded']
 ['1' '37.20059107379665' 'presentdestroyed']
 ['1' '37.32302376691639' 'presentdestroyed']
 ['9' '48.443002627359554' 'present']
 ['9' '48.82861306137323' 'present']
 ['9' '52.51689568376664' 'present']
 ['9' '56.298988584370655' 'marauded']
 ['6' '67.55589534070201' 'present']
 ['1' '80.1783068511737' 'marauded']
 ['6' '81.42954298651104' 'presentdestroyed']
 ['9' '116.2360295760721' 'present']
 ['6' '116.9408695330057' 'marauded']
 ['6' '133.62343292515644' 'present']
 ['6' '147.5604184190442' 'present']
 ['6' '147.6067147153405' 'present']
 ['6' '149.07490360655302' 'present']
 ['1' '154.61886349686776' 'present']
 ['1' '160.69368367639134' 'present']
 ['1' '161.22597700246303' 'present']
 ['6' '174.26559656949536' 'present']
 ['1' '184.52477377525918' 'present']
 ['1' '184.57107007155548' 'present']
 ['9' '186.2265494181236' 'present']
 ['1' '188.29750955383633' 'present']
 ['1' '190.3813476264079' 'present']
 ['6' '201.30094852859838' 'marauded']
 ['9' '201.8292822136791' 'presentdestroyed']
 ['1' '222.9536586773273' 'present']
 ['9' '235.33544721716618' 'present']
 ['9' '235.4280398097588' 'present']
 ['1' '244.55860231274437' 'present']
 ['9' '248.28137855712217' 'marauded']
 ['6' '260.08333487059934' 'present']
 ['6' '262.9121273359256' 'present']
 ['6' '273.0686622853243' 'present']
 ['9' '273.7107652593198' 'present']
 ['9' '273.9163286105948' 'present']
 ['9' '288.7434895108917' 'marauded']
 ['6' '296.16263029288166' 'presentdestroyed']
 ['1' '301.3825523639431' 'marauded']
 ['6' '321.51987221384957' 'present']
 ['9' '333.80819078628787' 'present']
 ['2' '346.0660856786006' 'present']
 ['9' '347.1014938881914' 'present']
 ['6' '350.4150853689101' 'present']
 ['6' '351.937513892831' 'present']
 ['1' '353.214848725819' 'present']
 ['1' '356.4780016812363' 'present']
 ['1' '357.66842059802354' 'present']]","[['F89' '14.785507287520968' 'absent']
 ['F43' '24.836733979425585' 'mated']
 ['F83' '29.002252243296507' 'mated']
 ['F197' '65.68770949176276' 'mated']
 ['F68' '72.04417864102375' 'mated']
 ['F161' '100.30195383216605' 'mated']
 ['F99' '143.687422172177' 'mated']
 ['F57' '167.80661179464875' 'absent']
 ['F199' '223.12397918029637' 'mated']
 ['F88' '276.0132718816601' 'mated']
 ['F75' '285.6725546057011' 'mated']]",1000.0,1000.0,563.0,67.45200950489608,13.682567780983035,1392.0,237.5091329362586,50.52746660503038,313.0,55.10143448934929,12.015753804753727,0.0,0.0,0.0,0.0,0.0,0.0
6,0.054,5,360.16230965004996,"[['3' '3.502789621708471' 'marauded']
 ['2' '10.387883585033439' 'presentdestroyed']
 ['10' '28.697711077076555' 'present']
 ['3' '30.091030711537552' 'marauded']
 ['2' '30.118000709570296' 'presentdestroyed']
 ['10' '35.72622769850484' 'destroyed']
 ['2' '37.60206006480299' 'present']
 ['2' '41.948708833137374' 'present']
 ['7' '43.22267443319199' 'marauded']
 ['7' '44.95023553210161' 'presentdestroyed']
 ['2' '53.13877859362776' 'marauded']
 ['10' '55.52777894620144' 'presentdestroyed']
 ['10' '56.78686143013396' 'presentdestroyed']
 ['2' '67.76330703443539' 'present']
 ['7' '68.35319120816864' 'present']
 ['9' '68.73285551228226' 'present']
 ['2' '69.4733285942198' 'marauded']
 ['7' '71.92994932701127' 'presentdestroyed']
 ['2' '72.399607997005' 'presentdestroyed']
 ['2' '82.97434091484436' 'marauded']
 ['2' '84.78750351513064' 'presentdestroyed']
 ['2' '88.46112750405335' 'presentdestroyed']
 ['7' '90.60663815359833' 'destroyed']
 ['7' '90.90177472637852' 'present']
 ['7' '95.43539494458993' 'present']
 ['2' '100.16333735238302' 'present']
 ['10' '101.93225035485534' 'present']
 ['10' '103.31875938687118' 'present']
 ['2' '106.5437967083143' 'present']
 ['2' '108.6150844767088' 'present']
 ['10' '125.96008392020791' 'marauded']
 ['10' '136.2262295150711' 'marauded']
 ['3' '137.19936381036328' 'presentdestroyed']
 ['10' '139.0883450383862' 'presentdestroyed']
 ['10' '142.67179325948663' 'presentdestroyed']
 ['7' '143.12182599161096' 'presentdestroyed']
 ['7' '145.1735161799635' 'present']
 ['9' '146.62968489753297' 'present']
 ['2' '154.32385377969254' 'present']
 ['2' '155.02613944947726' 'present']
 ['2' '156.91583149298086' 'marauded']
 ['2' '160.10914011469353' 'presentdestroyed']
 ['7' '161.5691585919191' 'presentdestroyed']
 ['7' '161.74425051741594' 'presentdestroyed']
 ['10' '163.3236572150562' 'presentdestroyed']
 ['10' '165.3465676860271' 'present']
 ['10' '174.98374860164532' 'marauded']
 ['7' '177.43104357142386' 'presentdestroyed']
 ['7' '193.58559359309282' 'marauded']
 ['7' '203.65941760177697' 'present']
 ['7' '205.8152716467023' 'present']
 ['10' '207.20205364157803' 'present']
 ['7' '208.0833942196828' 'marauded']
 ['10' '210.89108677483017' 'destroyed']
 ['10' '220.46945077177688' 'marauded']
 ['11' '221.84481186194316' 'presentdestroyed']
 ['7' '223.19383551605787' 'presentdestroyed']
 ['7' '223.85483245552004' 'presentdestroyed']
 ['10' '236.07107972944928' 'present']
 ['10' '248.3690560058892' 'present']
 ['10' '263.7124810733198' 'present']
 ['11' '264.5723587529025' 'marauded']
 ['10' '271.9797270484799' 'present']
 ['10' '284.1120268574589' 'present']
 ['10' '286.67389406219405' 'marauded']
 ['7' '287.3543069159727' 'destroyed']
 ['10' '311.15997567904816' 'present']
 ['7' '320.2578450623563' 'present']
 ['2' '333.5809165510315' 'present']
 ['7' '342.86954053771206' 'present']
 ['2' '345.57393775025963' 'present']]","[['F145' '37.04896631676743' 'destroyed']
 ['F215' '78.44611738898641' 'absent']
 ['F9' '81.14092889582038' 'mated']
 ['F126' '146.01314742997528' 'mated']
 ['F128' '215.82305002782186' 'mated']
 ['F38' '255.98155657798014' 'mated']
 ['F193' '272.0345409334863' 'mated']
 ['F130' '288.10166266892196' 'absentdestroyed']]",1000.0,2000.0,583.0,72.42967175813715,14.808813773816945,1144.0,191.14846571427307,39.829636661760944,533.0,91.57723365850029,19.93435726311891,12.0,1.2,0.12000000000000005,79.0,3.734113622661683,0.17789780521261983
7,0.054,10,359.9049272441644,"[['6' '0.023148148148148147' 'present']
 ['6' '18.062223710558996' 'present']
 ['6' '18.108520006855294' 'present']
 ['11' '22.723991623769653' 'present']
 ['6' '25.876394545648658' 'present']
 ['3' '29.365704095466842' 'present']
 ['11' '37.58904555182203' 'present']
 ['6' '52.61532484234285' 'marauded']
 ['11' '60.37706041299844' 'present']
 ['11' '82.83176515645619' 'marauded']
 ['11' '85.16721765421418' 'presentdestroyed']
 ['11' '87.51616248574707' 'presentdestroyed']
 ['11' '94.58979541427345' 'present']
 ['6' '95.26559330798713' 'present']
 ['3' '103.0178507917367' 'present']
 ['6' '110.4848229485714' 'marauded']
 ['8' '156.27058065260567' 'present']
 ['6' '166.28094953945276' 'present']
 ['3' '168.65601352652126' 'present']
 ['11' '175.1962139863537' 'present']
 ['6' '185.05685711360704' 'present']
 ['6' '187.37833559476402' 'present']
 ['6' '193.58978256401824' 'marauded']
 ['11' '215.86668613767054' 'present']
 ['6' '215.87935841248023' 'present']
 ['6' '217.78997837376807' 'present']
 ['6' '218.1290412843518' 'present']
 ['11' '219.65244683263725' 'present']
 ['11' '224.13184633828817' 'marauded']
 ['6' '236.35040404219131' 'present']
 ['3' '237.63445117993862' 'present']
 ['6' '239.03519795854348' 'present']
 ['3' '239.5344793451477' 'present']
 ['6' '241.15142896102495' 'marauded']
 ['6' '243.86730789066743' 'presentdestroyed']
 ['3' '244.8256519221162' 'presentdestroyed']
 ['3' '247.79231861778464' 'destroyed']
 ['6' '250.5723110526287' 'present']
 ['6' '257.6092783423381' 'marauded']
 ['11' '261.94132794283433' 'destroyed']
 ['3' '268.32840442454955' 'present']
 ['11' '270.27087165606406' 'present']
 ['6' '286.1947095961689' 'present']
 ['6' '297.47076523176696' 'marauded']
 ['6' '299.87031413930174' 'destroyed']
 ['6' '322.93058990641345' 'present']
 ['6' '326.58993906702085' 'present']
 ['6' '327.0162250887317' 'marauded']
 ['6' '332.94399112827534' 'presentdestroyed']
 ['3' '345.2200711586339' 'marauded']
 ['6' '347.80031542656263' 'presentdestroyed']
 ['3' '347.96204888439667' 'presentdestroyed']
 ['6' '351.09367948587885' 'presentdestroyed']
 ['11' '354.11613122321114' 'marauded']
 ['3' '354.27620939225324' 'presentdestroyed']
 ['6' '355.01732361736566' 'presentdestroyed']]","[['F30' '16.76448714156444' 'mated']
 ['F13' '75.46481001870542' 'mated']
 ['F215' '78.46926553713456' 'mated']
 ['F41' '129.30293281412946' 'mated']
 ['F174' '155.72592720780546' 'mated']
 ['F214' '159.8599268296987' 'mated']
 ['F78' '179.06311801541185' 'absent']
 ['F171' '181.2285323893726' 'absent']
 ['F47' '229.44479274806184' 'destroyed']
 ['F147' '232.22093268481206' 'mated']
 ['F151' '239.42860200500164' 'mated']
 ['F88' '263.9206792890675' 'absentdestroyed']
 ['F140' '285.5986815844685' 'mated']
 ['F130' '288.1248108170701' 'mated']]",1000.0,3000.0,563.0,72.56903864434163,15.43366075825937,1283.0,217.93425847771096,47.32642973308809,380.0,65.27585484391912,14.153473741025664,13.0,1.3,0.13000000000000006,62.0,2.927900031811077,0.13931755829903977
8,0.054,16,359.9595625623252,"[['11' '2.5928210197394' 'marauded']
 ['12' '6.3119607249660605' 'presentdestroyed']
 ['11' '10.59974312066647' 'marauded']
 ['12' '12.561879267147404' 'presentdestroyed']
 ['12' '15.088061634890549' 'presentdestroyed']
 ['11' '17.134766422573385' 'presentdestroyed']
 ['12' '20.64883726058826' 'marauded']
 ['9' '24.741253293016868' 'presentdestroyed']
 ['11' '25.97567487417571' 'destroyed']
 ['11' '27.823673227359173' 'presentdestroyed']
 ['9' '31.35368611396077' 'present']
 ['9' '31.487932677507136' 'present']
 ['12' '37.85688912982285' 'present']
 ['11' '40.95768253516692' 'present']
 ['9' '41.31442689128016' 'present']
 ['12' '60.53304369213222' 'present']
 ['11' '70.55652476984459' 'present']
 ['9' '78.49729149305512' 'marauded']
 ['9' '94.09441702032441' 'marauded']
 ['7' '110.01385065294257' 'present']
 ['9' '117.72571469114398' 'present']
 ['12' '132.66431452082506' 'present']
 ['7' '138.85457641529214' 'marauded']
 ['9' '149.45644501892426' 'present']
 ['9' '150.89903875065025' 'present']
 ['12' '159.76589140503663' 'present']
 ['11' '163.07619997784937' 'present']
 ['12' '167.55947006944805' 'present']
 ['9' '180.6629069916172' 'marauded']
 ['9' '192.84150674881602' 'present']
 ['9' '239.61110594541356' 'present']
 ['9' '241.07464222091795' 'present']
 ['9' '245.49236033179625' 'present']
 ['9' '251.96397951896046' 'present']
 ['12' '254.73834560660907' 'present']
 ['11' '256.74582467714305' 'present']
 ['11' '264.1516220928766' 'present']
 ['12' '268.2962703846952' 'present']
 ['9' '275.12594247387244' 'present']
 ['12' '307.93891790612065' 'present']
 ['12' '326.06330453900273' 'present']
 ['9' '332.3046338314922' 'present']
 ['11' '333.72871921394926' 'present']
 ['12' '333.95703750235566' 'present']
 ['12' '336.8127947686072' 'present']
 ['9' '342.8373255704486' 'present']
 ['9' '345.4768228303056' 'present']
 ['9' '347.98213195214913' 'marauded']
 ['13' '349.79016976627696' 'presentdestroyed']]","[['F84' '3.914757510457885' 'destroyed']
 ['F180' '60.40109900696243' 'absent']
 ['F24' '68.03627302255518' 'mated']
 ['F172' '72.80647388213154' 'mated']
 ['F116' '124.1647137617374' 'mated']
 ['F42' '125.18294760287279' 'mated']
 ['F108' '135.05140036227283' 'mated']
 ['F29' '154.47461253676195' 'mated']
 ['F65' '156.59920460811387' 'mated']
 ['F36' '175.24434507131159' 'absent']
 ['F21' '190.9270120901396' 'mated']
 ['F32' '216.3769271917654' 'mated']
 ['F124' '219.28141289033022' 'mated']
 ['F153' '223.87374188975565' 'mated']
 ['F107' '235.93908007685278' 'mated']
 ['F118' '240.0096796900238' 'mated']
 ['F77' '286.8180193009248' 'mated']
 ['F103' '295.2995142397649' 'mated']
 ['F185' '331.3472331791842' 'mated']]",2000.0,0.0,558.0,73.12709660814798,14.84402295282721,1377.0,233.94776404192544,49.97737331878096,289.0,48.817448408015885,10.553449125967287,10.0,0.9999999999999999,0.10000000000000003,70.0,3.317446955995017,0.1586076817558298
9,0.054,9,360.2628235866684,"[['13' '7.411478717197735' 'present']
 ['13' '8.600223664626087' 'present']
 ['13' '12.55381934391485' 'present']
 ['13' '18.599878831492482' 'present']
 ['10' '18.65150014339398' 'present']
 ['12' '28.530826625266155' 'present']
 ['10' '32.87613598563877' 'present']
 ['8' '36.635804609250634' 'present']
 ['10' '47.24012934342847' 'present']
 ['13' '48.13787863633562' 'present']
 ['10' '52.01236861759827' 'present']
 ['8' '59.99790932306586' 'marauded']
 ['13' '69.72310837038168' 'marauded']
 ['8' '73.80199380489049' 'presentdestroyed']
 ['13' '98.86117878603672' 'present']
 ['10' '99.61419119998052' 'present']
 ['13' '101.759898590016' 'present']
 ['8' '112.82695444042753' 'present']
 ['13' '115.69973486147555' 'present']
 ['13' '118.07785625370411' 'marauded']
 ['13' '118.32049475069134' 'destroyed']
 ['8' '124.73744453705001' 'destroyed']
 ['13' '132.82692871026566' 'present']
 ['10' '137.6870328025403' 'marauded']
 ['10' '144.34428553819512' 'presentdestroyed']
 ['13' '151.69354729561' 'present']
 ['8' '155.1127137170306' 'present']
 ['8' '156.2146960794026' 'present']
 ['8' '163.69468563230885' 'present']
 ['8' '163.95762875949205' 'present']
 ['8' '174.4420140331673' 'present']
 ['13' '183.71286150892075' 'present']
 ['13' '185.82752408019098' 'present']
 ['13' '197.39486630951149' 'present']
 ['10' '206.06785836203906' 'present']
 ['13' '210.06780747305953' 'present']
 ['13' '211.07254371945413' 'marauded']
 ['13' '215.07348603763342' 'presentdestroyed']
 ['10' '217.33784167017285' 'presentdestroyed']
 ['10' '226.34706849307193' 'marauded']
 ['8' '228.69283653315472' 'presentdestroyed']
 ['8' '247.88133190500366' 'present']
 ['8' '248.9273292916396' 'present']
 ['12' '255.88207191945986' 'present']
 ['8' '256.26997010922486' 'marauded']
 ['13' '260.4876115970514' 'presentdestroyed']
 ['8' '275.58667715526724' 'present']
 ['10' '277.99834191303285' 'present']
 ['13' '280.49539915179724' 'present']
 ['10' '285.37064420854614' 'present']
 ['10' '286.9071108403257' 'present']
 ['8' '296.29852269254883' 'marauded']
 ['10' '316.7165602526527' 'present']
 ['13' '322.2523826629916' 'present']
 ['13' '343.9670500425357' 'present']
 ['13' '350.11593852186445' 'present']
 ['10' '356.36809119867115' 'present']
 ['10' '356.97357217439856' 'present']]","[['F89' '14.808655435669117' 'mated']
 ['F45' '32.91074291711771' 'mated']
 ['F197' '65.66456134361461' 'absentdestroyed']
 ['F24' '68.01312487440703' 'destroyed']
 ['F69' '90.33461508292888' 'mated']
 ['F125' '125.00237401983665' 'absentdestroyed']
 ['F42' '125.15979945472463' 'destroyed']
 ['F10' '156.20061137058693' 'mated']
 ['F57' '167.8297599427969' 'absent']
 ['F36' '175.26749321945974' 'mated']
 ['F32' '216.35377904361724' 'absentdestroyed']
 ['F61' '223.6153028765969' 'mated']
 ['F132' '225.02915414362172' 'mated']
 ['F47' '229.34261187856245' 'absentdestroyed']
 ['F47' '229.38890817485876' 'absentdestroyed']
 ['F25' '263.788958330852' 'absent']
 ['F134' '280.91877132231286' 'mated']
 ['F114' '310.2409335747626' 'mated']
 ['F156' '352.2879308084917' 'absent']]",2000.0,1000.0,560.0,72.2472121367625,15.43503066347624,1426.0,233.68202779080028,48.93531233371847,285.0,48.72392389065965,10.54273001548756,16.0,1.6000000000000003,0.1600000000000001,83.0,3.9768284692875757,0.19290123456790104
10,0.054,10,360.178851987712,"[['9' '0.23535374822849986' 'marauded']
 ['14' '2.7856798943904164' 'presentdestroyed']
 ['9' '5.216705764551198' 'destroyed']
 ['9' '9.397493790367076' 'marauded']
 ['11' '15.686507885035587' 'presentdestroyed']
 ['6' '24.596317610051745' 'present']
 ['11' '36.73090569387738' 'present']
 ['9' '43.871633561881026' 'present']
 ['11' '45.594912459319005' 'present']
 ['14' '49.37448136639751' 'present']
 ['13' '49.50534269237134' 'present']
 ['14' '70.16086463418596' 'present']
 ['14' '75.87490244950443' 'present']
 ['9' '77.80052303131332' 'marauded']
 ['14' '80.55702859256749' 'presentdestroyed']
 ['14' '80.6033248888638' 'presentdestroyed']
 ['6' '80.72655470338617' 'presentdestroyed']
 ['14' '95.9069758110296' 'present']
 ['11' '96.98613858077866' 'present']
 ['14' '99.79432131426039' 'present']
 ['14' '108.22438958422404' 'marauded']
 ['14' '112.28829462538197' 'presentdestroyed']
 ['11' '120.58062245388153' 'present']
 ['9' '126.32829798669475' 'present']
 ['11' '128.1998214569509' 'present']
 ['9' '129.43834213491309' 'present']
 ['14' '141.0829074667939' 'present']
 ['14' '145.14413049152364' 'marauded']
 ['6' '146.8187502844627' 'presentdestroyed']
 ['11' '148.97211770009508' 'presentdestroyed']
 ['11' '151.13731386769683' 'presentdestroyed']
 ['14' '153.07124762418377' 'present']
 ['9' '161.04069034404063' 'present']
 ['9' '167.62344586598687' 'present']
 ['9' '174.05631855529757' 'present']
 ['11' '177.97393179090432' 'marauded']
 ['11' '178.850253039262' 'presentdestroyed']
 ['9' '181.24990901094887' 'destroyed']
 ['9' '181.74774935922346' 'presentdestroyed']
 ['14' '186.6944816404608' 'present']
 ['6' '187.03084865631013' 'present']
 ['6' '187.33203929846772' 'present']
 ['9' '188.00612643308543' 'marauded']
 ['9' '191.08833673215065' 'presentdestroyed']
 ['11' '199.39821860961314' 'present']
 ['14' '208.7212391313908' 'present']
 ['11' '212.09850147467324' 'present']
 ['14' '221.43247268472612' 'present']
 ['11' '233.64972224900055' 'present']
 ['9' '241.834946212513' 'present']
 ['6' '242.1206236011417' 'present']
 ['9' '253.66057491147768' 'present']
 ['11' '254.77444642351793' 'present']
 ['11' '255.31531983537278' 'marauded']
 ['14' '256.69754084629875' 'destroyed']
 ['11' '257.2338809920348' 'presentdestroyed']
 ['11' '263.30912175959554' 'present']
 ['11' '264.0041011074264' 'present']
 ['14' '267.8438489703873' 'present']
 ['9' '269.6855906516793' 'present']
 ['9' '276.52273860978437' 'present']
 ['7' '289.5801017408313' 'present']
 ['11' '291.1279468147517' 'present']
 ['11' '295.64213784297493' 'present']
 ['14' '298.34010122097374' 'present']
 ['14' '300.56789729440516' 'present']
 ['6' '302.6133008997728' 'marauded']
 ['9' '307.6454343676969' 'destroyed']
 ['6' '313.87796450790745' 'present']
 ['6' '316.1992237754727' 'present']
 ['11' '316.56046731094875' 'present']
 ['14' '324.66328971259685' 'present']
 ['6' '327.162521385028' 'present']
 ['14' '331.5688605351625' 'present']
 ['6' '334.1929410433395' 'present']
 ['6' '342.55509671210285' 'present']
 ['6' '346.02591239227246' 'present']
 ['6' '347.51504680846824' 'present']
 ['11' '351.54467600272994' 'present']
 ['9' '357.8451491293358' 'present']]","[['F145' '37.07211446491557' 'mated']
 ['F9' '81.11778074767223' 'destroyed']
 ['F212' '94.45247188736435' 'mated']
 ['F125' '125.0255221679848' 'mated']
 ['F67' '129.49466085846132' 'mated']
 ['F99' '143.65468574712207' 'absent']
 ['F57' '167.85290809094505' 'mated']
 ['F152' '204.52750485694241' 'mated']
 ['F47' '229.3657600267106' 'absent']
 ['F47' '229.4120563230069' 'absent']
 ['F104' '236.23084455573357' 'mated']
 ['F38' '255.958408429832' 'absentdestroyed']
 ['F207' '264.55508742969437' 'mated']
 ['F71' '276.07244295762024' 'mated']
 ['F156' '352.31107895663985' 'mated']]",2000.0,2000.0,568.0,68.88957164560722,14.06274221293609,1364.0,231.5196037042315,49.58112565488438,313.0,55.163258507391504,11.926097161937893,12.0,1.2,0.12000000000000005,72.0,3.3716864409604708,0.15860768175582982
11,0.054,5,360.0142181854298,"[['6' '20.344931596020796' 'present']
 ['8' '29.01941541673272' 'present']
 ['10' '33.4514652606765' 'present']
 ['8' '37.709482717001165' 'present']
 ['10' '51.105788618082194' 'present']
 ['10' '55.76677405422226' 'present']
 ['8' '56.04593850193833' 'present']
 ['10' '66.36447070999552' 'present']
 ['7' '66.98318648383218' 'present']
 ['10' '68.19171469056306' 'present']
 ['10' '72.38982843000657' 'present']
 ['7' '98.55111671657673' 'present']
 ['10' '108.24041899350917' 'present']
 ['14' '108.51962576463448' 'present']
 ['10' '118.46066510165961' 'present']
 ['10' '123.04680843888447' 'present']
 ['7' '124.73449651336337' 'present']
 ['7' '129.3983372579276' 'marauded']
 ['7' '131.81095485503283' 'presentdestroyed']
 ['6' '148.23281204545995' 'present']
 ['7' '153.49549859130505' 'present']
 ['7' '155.05706728936394' 'marauded']
 ['8' '158.28220547663685' 'presentdestroyed']
 ['10' '160.47778325762604' 'presentdestroyed']
 ['7' '178.89573049581958' 'marauded']
 ['8' '202.39976252080822' 'marauded']
 ['8' '203.9495472810804' 'presentdestroyed']
 ['7' '216.89753204492123' 'present']
 ['8' '223.60957712463977' 'present']
 ['7' '223.80853615922373' 'present']
 ['8' '232.6079336396886' 'present']
 ['8' '236.06634855633095' 'present']
 ['10' '237.35532008523597' 'present']
 ['8' '240.1108453955125' 'present']
 ['10' '240.30995513149946' 'marauded']
 ['10' '241.41842355754812' 'presentdestroyed']
 ['8' '242.84336624576747' 'presentdestroyed']
 ['8' '266.1793547359097' 'present']
 ['8' '277.40178670108764' 'marauded']
 ['8' '277.6882848927269' 'presentdestroyed']
 ['7' '282.5470591188732' 'presentdestroyed']
 ['10' '291.24754487761584' 'present']
 ['10' '298.1548527648565' 'marauded']
 ['6' '305.4667706724883' 'presentdestroyed']
 ['7' '307.5147677297194' 'marauded']
 ['7' '311.678820115894' 'destroyed']
 ['10' '318.7791510041454' 'present']
 ['7' '324.8495312064623' 'present']
 ['8' '325.80772041903884' 'present']
 ['8' '326.2879447543483' 'marauded']
 ['10' '328.8742528294523' 'presentdestroyed']
 ['7' '344.26211956846106' 'marauded']
 ['8' '345.41394568410163' 'presentdestroyed']]","[['F74' '87.02458046230699' 'mated']
 ['F22' '109.64404654524797' 'mated']
 ['F19' '121.01955720092998' 'mated']
 ['F108' '135.02825221412468' 'destroyed']
 ['F115' '145.37176736269794' 'absent']
 ['F78' '179.0399698672637' 'destroyed']
 ['F4' '201.60927122742308' 'absent']
 ['F179' '226.84803458833676' 'mated']
 ['F110' '236.7613019385911' 'mated']
 ['F47' '241.46794089621' 'destroyed']
 ['F88' '263.89753114091934' 'absent']
 ['F185' '331.324085031036' 'destroyed']]",2000.0,3000.0,569.0,68.9803935572737,13.898779073055255,1315.0,225.87384696673098,48.721280115248874,363.0,60.97030014554977,13.14539530279805,10.0,0.9999999999999999,0.10000000000000003,70.0,3.3366235098085855,0.16075102880658426
12,0.054,13,359.9683146433673,"[['16' '2.8294241300370717' 'present']
 ['8' '20.103075324636993' 'present']
 ['8' '37.53740935722938' 'present']
 ['13' '38.11668556716375' 'present']
 ['11' '41.01356710837' 'present']
 ['13' '50.7301017638751' 'present']
 ['13' '53.550333927174925' 'marauded']
 ['8' '57.172591088728744' 'destroyed']
 ['13' '57.60881861003612' 'presentdestroyed']
 ['13' '61.67064190915683' 'present']
 ['13' '64.8616078479622' 'marauded']
 ['8' '76.41780130878087' 'present']
 ['13' '87.28507480868691' 'present']
 ['8' '91.8967846981695' 'present']
 ['13' '96.73194970347907' 'present']
 ['13' '97.81323366942719' 'present']
 ['8' '111.48914157242335' 'marauded']
 ['16' '113.51088502854103' 'presentdestroyed']
 ['13' '121.41974553996188' 'present']
 ['13' '122.12146070728963' 'marauded']
 ['16' '128.40715997811552' 'presentdestroyed']
 ['16' '137.04647209938128' 'present']
 ['13' '141.77421184692204' 'present']
 ['11' '144.25343773150718' 'marauded']
 ['16' '147.40407822403262' 'presentdestroyed']
 ['8' '150.84596097581925' 'presentdestroyed']
 ['8' '157.5268771830156' 'present']
 ['8' '174.50673104659938' 'present']
 ['16' '183.99709762330775' 'marauded']
 ['16' '189.67346852088878' 'presentdestroyed']
 ['17' '191.60142338457217' 'destroyed']
 ['16' '192.0939256262551' 'marauded']
 ['16' '193.00059401449985' 'destroyed']
 ['16' '207.2767088234605' 'present']
 ['16' '213.2662553301763' 'present']
 ['8' '219.6920764105572' 'marauded']
 ['16' '226.82501343846926' 'present']
 ['16' '230.37720489595543' 'present']
 ['13' '231.75854351150087' 'present']
 ['13' '236.55040933460126' 'present']
 ['13' '240.8984414502254' 'present']
 ['9' '245.64347271532168' 'marauded']
 ['8' '256.93469485843855' 'present']
 ['8' '271.4901980393095' 'present']
 ['16' '275.0664092661629' 'present']
 ['8' '281.4707445960023' 'marauded']
 ['13' '283.5039087934192' 'destroyed']
 ['13' '286.34531488041216' 'presentdestroyed']
 ['16' '290.4162599335589' 'marauded']
 ['13' '292.50718321671087' 'destroyed']
 ['16' '295.0819498236216' 'presentdestroyed']
 ['16' '299.9836645299778' 'present']
 ['16' '311.3374550230771' 'marauded']
 ['16' '315.69387466544475' 'presentdestroyed']
 ['13' '317.58788682522436' 'presentdestroyed']
 ['16' '321.5161330369853' 'present']
 ['16' '325.6865814901665' 'present']
 ['16' '327.2050336523122' 'present']
 ['8' '328.19244806800737' 'present']
 ['16' '332.5191351322084' 'present']
 ['16' '333.82957919285695' 'present']
 ['16' '337.2817529314095' 'marauded']
 ['16' '338.481356724285' 'presentdestroyed']
 ['16' '344.3508747943251' 'presentdestroyed']
 ['13' '344.413131333666' 'presentdestroyed']
 ['13' '346.8652255595284' 'present']
 ['16' '346.8933771901394' 'present']]","[['F63' '31.39228988008659' 'mated']
 ['F62' '47.246543779672386' 'mated']
 ['F180' '60.42424715511058' 'destroyed']
 ['F180' '60.47054345140687' '']
 ['F163' '83.98758346695058' 'mated']
 ['F23' '87.09168778795271' 'mated']
 ['F79' '104.86363061269515' 'mated']
 ['F76' '113.28583442710935' 'destroyed']
 ['F117' '160.70391451785258' 'mated']
 ['F157' '160.99069185094797' 'mated']
 ['F102' '162.15743469545367' 'mated']
 ['F40' '188.98222715349726' 'destroyed']
 ['F21' '190.90386394199146' 'absentdestroyed']
 ['F64' '192.89547548414922' 'absentdestroyed']
 ['F64' '192.94177178044552' 'absentdestroyed']
 ['F93' '202.05587480414982' 'mated']
 ['F206' '202.72003054452927' 'mated']
 ['F196' '205.55397654413412' 'mated']
 ['F155' '220.5937450958302' 'destroyed']
 ['F179' '226.80173829204045' '']
 ['F118' '239.98653154187565' 'absent']
 ['F31' '263.9901914712951' 'mated']
 ['F106' '275.2247852903581' 'mated']
 ['F8' '317.7513055675405' 'destroyed']]",3000.0,0.0,573.0,70.38515307013682,14.297964302704015,1208.0,206.74932596422698,44.9488788147375,450.0,79.51951012014842,17.29223273576562,6.0,0.6,0.06000000000000001,63.0,2.9550197742938042,0.13931755829903977
13,0.054,8,360.48183248944724,"[['9' '1.2782951370247417' 'present']
 ['9' '4.446133098956144' 'present']
 ['17' '16.701014527302174' 'present']
 ['9' '17.032695478716676' 'present']
 ['12' '18.218903074493817' 'present']
 ['14' '21.488713272448294' 'present']
 ['12' '29.695063684605092' 'present']
 ['14' '35.88325088953961' 'present']
 ['12' '38.027258420951355' 'present']
 ['9' '44.9099797872028' 'present']
 ['12' '62.06011991897424' 'present']
 ['17' '62.23164962262126' 'present']
 ['17' '65.29588591374244' 'present']
 ['14' '70.95705045556238' 'present']
 ['9' '78.71107935106642' 'marauded']
 ['9' '82.92992756863588' 'presentdestroyed']
 ['12' '88.61808604798283' 'marauded']
 ['17' '93.53148814290904' 'presentdestroyed']
 ['9' '98.78304096485876' 'present']
 ['9' '98.82933726115506' 'present']
 ['8' '103.06962600729112' 'marauded']
 ['14' '107.24861405652601' 'presentdestroyed']
 ['17' '109.05707699986439' 'presentdestroyed']
 ['14' '113.46608540747899' 'present']
 ['14' '122.33339124007962' 'marauded']
 ['9' '135.02426559524255' 'present']
 ['14' '139.26363488049986' 'present']
 ['14' '147.73648950883685' 'present']
 ['12' '152.5635242296994' 'present']
 ['12' '163.7264976612382' 'marauded']
 ['9' '170.69392815388503' 'destroyed']
 ['17' '174.24260650545006' 'present']
 ['14' '189.03934527544564' 'marauded']
 ['9' '189.2083701425693' 'destroyed']
 ['12' '203.07932440492687' 'present']
 ['12' '207.96931481105852' 'present']
 ['12' '215.47574146835478' 'present']
 ['17' '224.27346335918097' 'marauded']
 ['12' '231.30053775306283' 'present']
 ['9' '235.38174351346248' 'present']
 ['14' '240.6127319969962' 'present']
 ['9' '249.83185437524833' 'marauded']
 ['14' '256.37757815544535' 'presentdestroyed']
 ['12' '259.912953248198' 'present']
 ['17' '268.83448228709466' 'present']
 ['10' '269.11888016491474' 'present']
 ['12' '270.6897846245611' 'marauded']
 ['12' '270.83608092085746' 'presentdestroyed']
 ['12' '274.45345814332194' 'destroyed']
 ['9' '275.86865558607946' 'presentdestroyed']
 ['14' '281.3474317240032' 'present']
 ['17' '281.8176378422961' 'present']
 ['14' '290.31391199305796' 'present']
 ['9' '291.70528502049206' 'present']
 ['17' '292.3180426910753' 'present']
 ['12' '303.4830982738506' 'present']
 ['9' '316.7714065764556' 'present']
 ['14' '322.26728254373563' 'marauded']
 ['9' '322.58087094784076' 'presentdestroyed']
 ['10' '327.9303594042197' 'presentdestroyed']
 ['17' '328.71956455888426' 'presentdestroyed']
 ['9' '349.0485519588192' 'present']
 ['12' '357.11618832455997' 'present']]","[['F62' '47.22339563152424' 'absent']
 ['F210' '136.27622588151976' 'mated']
 ['F86' '188.7018044120046' 'mated']
 ['F64' '192.87232733600106' 'absentdestroyed']
 ['F64' '192.91862363229737' 'absentdestroyed']
 ['F64' '192.96491992859367' 'destroyed']
 ['F170' '210.21032895398207' 'mated']
 ['F182' '213.85125010272134' 'mated']
 ['F61' '223.59215472844875' 'absent']
 ['F132' '225.00600599547357' 'destroyed']
 ['F17' '229.51500679046302' 'destroyed']
 ['F33' '253.76180337726413' 'destroyed']
 ['F25' '263.81210647900014' 'mated']
 ['F106' '275.15534084591366' 'destroyed']
 ['F55' '284.5451732434696' 'mated']
 ['F14' '301.6370757375636' 'mated']
 ['F53' '317.9496040063565' 'mated']]",3000.0,1000.0,577.0,69.51198060009092,13.496297016733479,1316.0,223.32958168855106,47.98899290124465,348.0,61.61877180140959,13.409858118185374,13.0,1.3,0.13000000000000006,92.0,4.355142028327108,0.20790466392318208
14,0.054,3,360.1430991042053,"[['13' '2.069509900280897' 'present']
 ['13' '8.646519960922385' 'present']
 ['13' '13.133209191665593' 'present']
 ['13' '13.589108918855374' 'marauded']
 ['18' '13.663918278771549' 'presentdestroyed']
 ['10' '20.426657992278397' 'presentdestroyed']
 ['10' '44.35703833747924' 'present']
 ['13' '45.43937496332376' 'present']
 ['13' '61.080402646048555' 'present']
 ['17' '81.38043016147705' 'present']
 ['10' '86.81412592061108' 'marauded']
 ['13' '87.23877851239061' 'destroyed']
 ['13' '97.27616644585041' 'present']
 ['13' '118.43226389709751' 'present']
 ['10' '118.64894470646293' 'present']
 ['18' '130.38761844130585' 'marauded']
 ['13' '145.75468243994752' 'present']
 ['13' '154.48776475302918' 'marauded']
 ['18' '156.27227331990375' 'presentdestroyed']
 ['13' '171.98712575935113' 'marauded']
 ['18' '174.20601688312556' 'destroyed']
 ['18' '176.58731778662397' 'presentdestroyed']
 ['18' '177.95782895777938' 'presentdestroyed']
 ['17' '192.63562548702762' 'marauded']
 ['18' '195.64258218894986' 'destroyed']
 ['10' '199.2069301695392' 'destroyed']
 ['18' '206.66124785288528' 'present']
 ['10' '211.1020786675318' 'present']
 ['18' '212.01890188984933' 'marauded']
 ['10' '222.93784469998337' 'present']
 ['10' '232.1845737495476' 'marauded']
 ['13' '236.89901611848018' 'presentdestroyed']
 ['10' '242.48960029556142' 'present']
 ['10' '245.92000976499463' 'present']
 ['13' '247.28167396818952' 'marauded']
 ['18' '247.87401358282617' 'presentdestroyed']
 ['13' '247.98701094161498' 'presentdestroyed']
 ['13' '248.9667242104592' 'presentdestroyed']
 ['18' '256.70506270798717' 'marauded']
 ['13' '258.3705658772185' 'presentdestroyed']
 ['10' '267.61351714255784' 'present']
 ['18' '269.21310767703994' 'present']
 ['10' '275.86119922130905' 'present']
 ['13' '295.82754661638313' 'present']
 ['11' '295.9090079321758' 'present']
 ['18' '296.49610982636284' 'present']
 ['13' '296.76071593045697' 'present']
 ['13' '306.13766968200144' 'present']
 ['18' '313.42778140175363' 'marauded']
 ['18' '323.8494098264151' 'present']
 ['10' '323.99907395585274' 'present']
 ['13' '344.7217450910857' 'present']
 ['13' '346.91152185582473' 'present']
 ['9' '351.87366084843745' 'present']
 ['10' '354.0268286658274' 'marauded']]","[['F131' '22.24846359033395' 'mated']
 ['F62' '47.200247483376096' 'absent']
 ['F210' '136.2067814370753' 'destroyed']
 ['F210' '136.2530777333716' 'destroyed']
 ['F78' '179.00723344220876' 'destroyed']
 ['F64' '204.98806807674183' 'mated']
 ['F58' '215.08825698963705' 'absentdestroyed']
 ['F175' '220.8032167535849' 'mated']
 ['F46' '227.4238498182241' 'absent']
 ['F33' '253.78495152541228' 'destroyed']
 ['F12' '258.7879262094366' 'destroyed']
 ['F106' '275.1784889940618' 'absent']]",3000.0,2000.0,551.0,74.8907412400221,17.702154003856204,1241.0,209.02068702125803,44.828032141705854,430.0,72.15120944535475,15.62986458720102,9.0,0.8999999999999999,0.09000000000000002,68.0,3.1865012557752856,0.150034293552812
15,0.0,10,360.3777291506379,"[['12' '6.049903969841002' 'present']
 ['14' '6.054530015127038' 'present']
 ['11' '15.277124598748063' 'present']
 ['14' '21.795530252499677' 'present']
 ['14' '24.53175755145888' 'present']
 ['12' '25.069192886372328' 'present']
 ['11' '28.490134301344238' 'present']
 ['14' '32.16274328059929' 'present']
 ['12' '53.02014399155028' 'present']
 ['11' '61.595054998901944' 'present']
 ['11' '64.07585143043909' 'present']
 ['14' '74.44273525009528' 'present']
 ['14' '81.65270910568346' 'present']
 ['12' '96.34949082180529' 'present']
 ['11' '97.8624389453258' 'present']
 ['16' '99.1211275264963' 'present']
 ['11' '99.7770006692677' 'present']
 ['11' '109.50204383565958' 'present']
 ['14' '122.95726491708797' 'present']
 ['14' '141.5406529794537' 'present']
 ['14' '146.5525318736153' 'present']
 ['14' '164.5803574010437' 'present']
 ['12' '174.86758795778405' 'present']
 ['12' '175.65084073903603' 'present']
 ['14' '184.62711393647422' 'present']
 ['14' '188.2116832511183' 'marauded']
 ['11' '199.67712050226586' 'present']
 ['8' '207.0945081052386' 'present']
 ['14' '208.45228697332638' 'present']
 ['11' '211.44657611982117' 'present']
 ['11' '219.69874312893356' 'present']
 ['11' '223.73353985587718' 'present']
 ['14' '227.68660491820881' 'present']
 ['11' '228.40925409189668' 'present']
 ['8' '239.01484617570054' 'present']
 ['12' '240.2831918110191' 'present']
 ['12' '241.51867063408937' 'present']
 ['12' '241.56496693038568' 'present']
 ['14' '243.17162375725138' 'present']
 ['12' '255.67691424813685' 'present']
 ['12' '255.9611337838918' 'present']
 ['12' '266.27944282576755' 'present']
 ['18' '267.95093311293937' 'present']
 ['12' '271.4322938670337' 'present']
 ['11' '274.52292912591014' 'present']
 ['14' '276.55835104587163' 'marauded']
 ['14' '279.463375403187' 'presentdestroyed']
 ['12' '281.1833749995034' 'presentdestroyed']
 ['14' '290.0483960795409' 'present']
 ['11' '294.8473160974466' 'present']
 ['14' '305.55359195729767' 'present']
 ['14' '307.38631149657897' 'present']
 ['12' '308.6354227145301' 'present']
 ['11' '333.8481853008798' 'present']
 ['11' '335.9177093022537' 'marauded']
 ['11' '338.5278479704721' 'presentdestroyed']
 ['11' '341.13163782519433' 'destroyed']
 ['12' '354.67580995830633' 'present']
 ['12' '355.261343285889' 'present']]","[['F180' '60.44739530325872' 'absent']
 ['F194' '96.60318385747448' 'mated']
 ['F76' '113.3089825752575' 'mated']
 ['F210' '136.22992958522346' 'absent']
 ['F115' '145.3949155108461' 'mated']
 ['F138' '150.92997397762454' 'mated']
 ['F90' '199.114860253556' 'mated']
 ['F4' '201.63241937557123' 'mated']
 ['F211' '215.25329727916264' 'absent']
 ['F179' '226.8248864401886' 'absent']
 ['F46' '227.44699796637227' 'mated']
 ['F110' '236.73815379044294' 'absent']
 ['F47' '241.49108904435815' 'mated']
 ['F7' '243.6452586569048' 'mated']
 ['F33' '253.80809967356043' 'mated']
 ['F106' '275.20163714220996' 'absent']]",3000.0,3000.0,555.0,68.02943632246749,13.82170184224911,1608.0,273.8228587874519,58.91285073801214,111.0,18.217961133009446,3.8581148511948116,0.0,0.0,0.0,0.0,0.0,0.0
16,0.054,7,360.34579239286376,"[['13' '1.2321717475557683' 'present']
 ['17' '4.100796103128685' 'present']
 ['12' '6.386149888864568' 'present']
 ['17' '7.600073373433089' 'present']
 ['12' '9.936910535153245' 'present']
 ['12' '10.958221573053258' 'marauded']
 ['17' '23.413054156021847' 'present']
 ['17' '25.99954063423296' 'marauded']
 ['13' '57.6647031832392' 'present']
 ['12' '62.690002545344974' 'present']
 ['12' '75.1954371152729' 'present']
 ['12' '76.54653475904598' 'marauded']
 ['17' '82.52850427566929' 'presentdestroyed']
 ['17' '83.87018297422699' 'present']
 ['12' '88.98905376169442' 'present']
 ['12' '103.91832003997152' 'present']
 ['12' '110.9063188569228' 'present']
 ['13' '118.37637932389443' 'present']
 ['17' '120.55144190789949' 'present']
 ['17' '122.95993788816233' 'present']
 ['17' '133.73902529652264' 'present']
 ['17' '198.03184608312037' 'marauded']
 ['17' '214.28919261396382' 'marauded']
 ['17' '216.57068213664937' 'presentdestroyed']
 ['12' '244.9568310176546' 'present']
 ['17' '260.45948963400804' 'present']
 ['23' '261.89552794568937' 'marauded']
 ['12' '321.3922049579272' 'present']
 ['17' '325.4970766008116' 'present']
 ['17' '327.0870639251359' 'present']
 ['12' '348.134069606863' 'present']]","[['F18' '46.048651831522726' 'mated']
 ['F180' '60.493691599555014' 'mated']
 ['F184' '71.96347239114624' 'absent']
 ['F48' '126.56814309312847' 'absent']
 ['F177' '138.3127395628744' 'absent']
 ['F157' '160.96754370279982' 'absent']
 ['F37' '164.7361291902124' 'mated']
 ['F100' '179.5635979296074' 'mated']
 ['F40' '189.00537530164542' 'mated']
 ['F91' '199.99806230937645' 'absentdestroyed']
 ['F28' '200.23655995986914' 'absentdestroyed']
 ['F93' '202.03272665600167' 'destroyed']
 ['F206' '202.6968823963811' 'destroyed']
 ['F196' '205.48453209968966' 'absentdestroyed']
 ['F196' '205.53082839598596' 'absentdestroyed']
 ['F155' '220.61689324397835' 'destroyed']
 ['F155' '220.66318954027466' 'destroyed']
 ['F98' '264.80521799607016' 'destroyed']
 ['F8' '317.77445371568865' 'mated']
 ['F51' '334.671462400137' 'mated']]",4000.0,0.0,586.0,72.34618343795036,14.705089318412869,1449.0,245.76610350396246,52.53296840536275,207.0,36.95231196296305,8.137497270920534,9.0,0.8999999999999999,0.09000000000000002,88.0,4.112427181701213,0.19290123456790093
17,0.054,6,360.77963572288263,"[['18' '9.103786406597983' 'present']
 ['21' '12.699241856559341' 'present']
 ['21' '14.139284196532033' 'present']
 ['21' '16.084874087337884' 'present']
 ['13' '33.94351119783205' 'present']
 ['13' '36.46486532053867' 'marauded']
 ['21' '37.11985781037972' 'presentdestroyed']
 ['13' '39.94777742847856' 'presentdestroyed']
 ['18' '44.24160219479491' 'marauded']
 ['21' '46.973011955206644' 'presentdestroyed']
 ['16' '48.73400784657743' 'presentdestroyed']
 ['13' '49.44945811916826' 'destroyed']
 ['21' '57.83903445023365' 'present']
 ['18' '58.82345143865053' 'present']
 ['16' '60.046503492000824' 'present']
 ['13' '67.95226318187783' 'present']
 ['13' '73.04127134426824' 'marauded']
 ['16' '73.55292002926798' 'presentdestroyed']
 ['21' '85.45119081262675' 'marauded']
 ['16' '90.21907003748666' 'presentdestroyed']
 ['21' '94.36984270692137' 'present']
 ['14' '101.92255816007199' 'present']
 ['18' '105.4540190839396' 'present']
 ['21' '110.59306926132524' 'present']
 ['13' '119.92546892200232' 'present']
 ['13' '130.2497481439829' 'present']
 ['18' '136.311997819527' 'marauded']
 ['13' '145.7083861436512' 'present']
 ['13' '147.16000583876612' 'present']
 ['18' '149.00960623758422' 'marauded']
 ['18' '150.85664582061105' 'destroyed']
 ['21' '150.9525264509367' 'presentdestroyed']
 ['18' '151.21834614874132' 'destroyed']
 ['16' '155.60794149170678' 'presentdestroyed']
 ['16' '157.20079352849228' 'present']
 ['18' '159.87470560393288' 'present']
 ['18' '161.01585897404956' 'present']
 ['21' '161.36669648416841' 'present']
 ['13' '163.62415399728016' 'marauded']
 ['18' '164.59443916907452' 'destroyed']
 ['16' '166.6845501071403' 'presentdestroyed']
 ['21' '166.95131495365305' 'presentdestroyed']
 ['21' '167.06308410005923' 'presentdestroyed']
 ['13' '171.5675563698444' 'present']
 ['16' '172.89445651100516' 'present']
 ['21' '173.35677067273804' 'present']
 ['18' '174.15972058682925' 'present']
 ['13' '180.10870111181362' 'present']
 ['13' '180.98123719763495' 'present']
 ['13' '185.65976454177846' 'present']
 ['18' '199.4243803409273' 'marauded']
 ['18' '201.9352989099788' 'presentdestroyed']
 ['21' '203.607206068177' 'presentdestroyed']
 ['21' '203.91463220898765' 'presentdestroyed']
 ['13' '219.5725679531465' 'present']
 ['18' '225.5735967892189' 'marauded']
 ['18' '248.96118073716156' 'present']
 ['18' '249.8321406739967' 'present']
 ['16' '250.14959229697843' 'present']
 ['16' '259.9811133950851' 'present']
 ['18' '262.1178536140107' 'present']
 ['21' '266.54224749486787' 'present']
 ['18' '270.92290686713244' 'marauded']
 ['16' '271.16806058833544' 'presentdestroyed']
 ['16' '276.4973850302384' 'presentdestroyed']
 ['21' '283.02166053632266' 'present']
 ['21' '283.46902014365935' 'present']
 ['16' '284.04121807378624' 'present']
 ['18' '286.6819046122584' 'present']
 ['13' '291.12552591084625' 'present']
 ['16' '296.5970817788111' 'present']
 ['18' '300.11792825077833' 'marauded']
 ['21' '306.47731581989643' 'presentdestroyed']
 ['21' '310.3377134188516' 'marauded']
 ['18' '312.9068010721359' 'presentdestroyed']
 ['16' '313.29593858083007' 'presentdestroyed']
 ['13' '314.67068795099493' 'presentdestroyed']
 ['13' '321.77451043861134' 'present']
 ['21' '327.20491892109646' 'present']
 ['16' '332.5654314285047' 'present']
 ['18' '332.7823022171317' 'present']
 ['16' '336.237055426122' 'present']
 ['18' '338.366931068405' 'present']
 ['16' '338.4350604279887' 'present']
 ['21' '338.46029045561687' 'present']
 ['13' '357.932780434193' 'present']]","[['F0' '68.7484796599312' 'absent']
 ['F184' '71.98662053929439' 'mated']
 ['F136' '106.04113005697182' 'mated']
 ['F177' '138.33588771102256' 'destroyed']
 ['F168' '182.4528324818511' 'mated']
 ['F111' '192.9928751246733' 'mated']
 ['F28' '200.213411811721' 'destroyed']
 ['F122' '208.4444615415443' 'mated']
 ['F155' '220.6863376884228' 'absent']
 ['F179' '226.76900186698552' 'destroyed']
 ['F17' '229.53815493861117' 'destroyed']
 ['F98' '264.8283661442183' 'mated']
 ['F167' '272.5469804674069' 'destroyed']
 ['F2' '273.4518112251097' 'destroyed']
 ['F72' '273.6923119195876' 'destroyed']]",4000.0,1000.0,543.0,69.5407726204007,14.911233594641178,1283.0,213.7322803868727,45.104751868088684,429.0,73.15267036859517,16.0143400529824,8.0,0.7999999999999999,0.08000000000000002,64.0,3.0588457320308082,0.14789094650205759
18,0.054,13,360.0381907944343,"[['22' '5.4302669441930815' 'present']
 ['17' '10.646240614930143' 'present']
 ['14' '32.028257432437954' 'present']
 ['17' '54.158445535206674' 'present']
 ['17' '55.81506135768095' 'present']
 ['14' '57.061780562048135' 'present']
 ['17' '61.57807768283565' 'present']
 ['17' '70.00995377955635' 'present']
 ['22' '72.43480290248034' 'present']
 ['17' '80.45652515468986' 'present']
 ['22' '80.53851088647909' 'marauded']
 ['17' '85.46719550481006' 'presentdestroyed']
 ['17' '97.00514602111664' 'present']
 ['17' '102.38493399200529' 'present']
 ['14' '113.95372178699003' 'marauded']
 ['17' '118.10498800471821' 'presentdestroyed']
 ['14' '120.00186759084669' 'presentdestroyed']
 ['17' '121.0621933498006' 'presentdestroyed']
 ['14' '163.63723483936002' 'present']
 ['22' '165.00392471044955' 'present']
 ['21' '167.00719952685614' 'present']
 ['14' '171.44831121737687' 'present']
 ['17' '174.89532192640118' 'present']
 ['17' '182.66698491405324' 'marauded']
 ['22' '183.838849380159' 'presentdestroyed']
 ['22' '189.72610137855673' 'presentdestroyed']
 ['17' '198.82730743043444' 'present']
 ['22' '210.4047574988379' 'present']
 ['22' '214.1209495973718' 'present']
 ['17' '217.06490530800494' 'present']
 ['17' '219.97566938578183' 'present']
 ['17' '235.62048741945193' 'present']
 ['17' '247.00201723027735' 'present']
 ['22' '249.87023622347016' 'present']
 ['17' '257.57092822040227' 'present']
 ['17' '268.4054669134388' 'present']
 ['14' '276.5120547495753' 'present']
 ['14' '288.22515589995965' 'marauded']
 ['14' '291.53797712126067' 'presentdestroyed']
 ['22' '294.06770441720613' 'presentdestroyed']
 ['17' '299.30937525818626' 'present']
 ['22' '299.7897859845166' 'present']
 ['22' '322.9534784096031' 'present']
 ['17' '324.17193194550873' 'present']
 ['14' '331.3499772914217' 'present']
 ['17' '342.1763980574056' 'present']
 ['17' '350.95996007383957' 'present']]","[['F204' '42.133288231627766' 'mated']
 ['F113' '59.036607335388496' 'mated']
 ['F209' '84.84578678904391' 'destroyed']
 ['F173' '91.46619269954068' 'mated']
 ['F97' '124.28816308139778' 'mated']
 ['F210' '136.18363328892715' 'absent']
 ['F127' '138.8597723641787' 'mated']
 ['F181' '167.3186644291602' 'mated']
 ['F44' '173.79931077165892' 'mated']
 ['F58' '215.1114051377852' 'mated']
 ['F137' '222.29166129067625' 'mated']
 ['F17' '229.56130308675932' 'mated']
 ['F155' '232.70948583657096' 'absent']
 ['F123' '240.0360494537794' 'absent']
 ['F12' '258.81107435758474' 'mated']
 ['F167' '272.57012861555506' 'mated']
 ['F2' '273.47495937325783' 'absent']
 ['F105' '338.76393513737526' 'mated']]",4000.0,2000.0,568.0,71.98620206397925,15.099422661935906,1499.0,258.13497019605614,55.501825711730774,142.0,24.52508385902593,5.444147663442901,15.0,1.5000000000000002,0.15000000000000008,83.0,3.919298807846868,0.18647119341563764
19,0.0,14,360.2752653596029,"[['18' '2.201030027311082' 'present']
 ['23' '3.184759677094095' 'present']
 ['23' '10.015410818811267' 'marauded']
 ['18' '17.761967965931767' 'marauded']
 ['23' '28.046308772642664' 'present']
 ['23' '29.919796359194212' 'present']
 ['18' '39.78417612399808' 'present']
 ['23' '43.0192592319312' 'marauded']
 ['18' '45.16970405625639' 'presentdestroyed']
 ['22' '45.9736336385857' 'presentdestroyed']
 ['16' '48.78030414287372' 'destroyed']
 ['18' '50.51553905734421' 'presentdestroyed']
 ['23' '53.06507899798041' 'present']
 ['18' '54.5247883109986' 'present']
 ['18' '61.02289325188704' 'present']
 ['23' '64.58617890382725' 'present']
 ['23' '94.29893173490342' 'present']
 ['16' '98.81227012706611' 'present']
 ['16' '101.77391812118294' 'present']
 ['22' '103.41066034408018' 'marauded']
 ['18' '107.48987754422883' 'presentdestroyed']
 ['23' '117.00977517797213' 'present']
 ['16' '118.54574815484617' 'present']
 ['16' '122.53016177166026' 'present']
 ['23' '124.44549264272659' 'present']
 ['18' '129.3536482827666' 'present']
 ['23' '132.55657737783042' 'present']
 ['23' '143.3539020646737' 'present']
 ['23' '148.83856215627497' 'present']
 ['23' '150.16384475435132' 'present']
 ['18' '150.617914013533' 'present']
 ['18' '158.3575578106436' 'present']
 ['23' '159.0655009082533' 'present']
 ['23' '162.07585681879078' 'present']
 ['18' '162.20544801691878' 'present']
 ['16' '164.50716507410274' 'present']
 ['23' '171.09976915872832' 'present']
 ['18' '171.87291734413267' 'present']
 ['18' '172.6571379138159' 'present']
 ['16' '174.9120320986803' 'present']
 ['23' '180.01036924049924' 'present']
 ['18' '182.67901436925519' 'present']
 ['23' '183.22386380689622' 'marauded']
 ['16' '193.04689031079616' 'present']
 ['16' '196.24132126260292' 'present']
 ['18' '201.8890026136825' 'present']
 ['23' '204.29541972183247' 'present']
 ['23' '206.17643367822353' 'present']
 ['22' '211.14701033837633' 'present']
 ['16' '212.34806286745044' 'present']
 ['18' '218.07262551664277' 'marauded']
 ['23' '218.33072571307596' 'presentdestroyed']
 ['16' '222.1738909685882' 'presentdestroyed']
 ['23' '224.94073714564055' 'present']
 ['16' '226.11008400896563' 'present']
 ['16' '245.1198875560838' 'present']
 ['16' '282.2354314139523' 'present']
 ['16' '296.40424152313165' 'present']
 ['18' '320.1598516513827' 'present']
 ['16' '329.345347282057' 'marauded']
 ['18' '332.1604900499644' 'presentdestroyed']
 ['16' '333.1440468779224' 'destroyed']
 ['23' '335.66865325115174' 'destroyed']
 ['18' '343.167057303066' 'present']
 ['23' '343.69915618341446' 'present']
 ['23' '345.0140621996541' 'present']]","[['F173' '91.44304455139253' 'absent']
 ['F94' '103.29692398127584' 'mated']
 ['F112' '130.91117467752014' 'mated']
 ['F20' '140.12815941979093' 'mated']
 ['F183' '165.50658090706278' 'mated']
 ['F16' '197.01554076516243' 'mated']
 ['F211' '215.2764454273108' 'mated']
 ['F155' '232.73263398471912' 'mated']
 ['F190' '233.66712678107345' 'mated']
 ['F159' '234.76801041778796' 'mated']
 ['F123' '240.05919760192756' 'mated']
 ['F201' '252.56471640703035' 'mated']
 ['F2' '273.498107521406' 'mated']
 ['F95' '302.33328767834166' 'mated']
 ['F6' '325.1881609207282' 'mated']
 ['F51' '334.64831425198884' 'destroyed']]",4000.0,3000.0,573.0,69.61504892123952,14.124559045018794,1460.0,247.75548502627223,53.46178844890769,238.0,42.68951601056864,9.433037774435538,0.0,0.0,0.0,0.0,0.0,0.0
20,0.0,8,360.3243542809638,"[['0' '9.775298847411632' 'present']
 ['21' '16.530419420255427' 'present']
 ['23' '21.1728549048264' 'present']
 ['23' '24.14312012461212' 'present']
 ['16' '24.31408626999915' 'marauded']
 ['0' '24.74439183925827' 'presentdestroyed']
 ['23' '39.90485062601449' 'present']
 ['21' '42.696610267988945' 'present']
 ['21' '44.22660187617921' 'marauded']
 ['16' '47.0061800097043' 'presentdestroyed']
 ['16' '51.86477850996228' 'presentdestroyed']
 ['16' '53.87592505485419' 'present']
 ['0' '55.80870845579923' 'present']
 ['0' '56.50343120497081' 'present']
 ['21' '57.102038606884435' 'marauded']
 ['0' '58.17342498333958' 'presentdestroyed']
 ['16' '58.93461087877696' 'presentdestroyed']
 ['21' '61.89409690017508' 'presentdestroyed']
 ['21' '64.1226818735732' 'presentdestroyed']
 ['16' '67.14039207296611' 'present']
 ['0' '68.27762818552105' 'present']
 ['0' '80.12442365670164' 'present']
 ['1' '88.08810272066222' 'present']
 ['23' '90.28947403261178' 'present']
 ['21' '94.66004621920123' 'present']
 ['16' '98.66699810580234' 'present']
 ['16' '101.82021441747925' 'marauded']
 ['16' '108.9074167540129' 'presentdestroyed']
 ['21' '120.49959270657999' 'marauded']
 ['21' '129.31873479980786' 'present']
 ['3' '131.56018841086984' 'present']
 ['0' '145.80345743259986' 'marauded']
 ['21' '158.90991167678612' 'present']
 ['21' '158.98935777473338' 'present']
 ['23' '159.36916853974634' 'present']
 ['1' '160.91708720602713' 'marauded']
 ['0' '162.92694106011663' 'presentdestroyed']
 ['0' '163.42948203509522' 'presentdestroyed']
 ['16' '168.7197122975342' 'present']
 ['16' '169.95086964856577' 'present']
 ['0' '170.59215950158077' 'marauded']
 ['21' '174.09206698666642' 'presentdestroyed']
 ['16' '182.89726046129874' 'present']
 ['16' '189.07718515188355' 'present']
 ['0' '200.92176430100153' 'marauded']
 ['21' '204.57999692005143' 'presentdestroyed']
 ['23' '207.47495888624084' 'presentdestroyed']
 ['0' '222.64290189572665' 'present']
 ['16' '225.78587617364676' 'marauded']
 ['0' '229.02657825282512' 'presentdestroyed']
 ['23' '235.88017834238144' 'present']
 ['0' '244.4284601128683' 'present']
 ['21' '252.86241056881136' 'present']
 ['16' '253.38561570292597' 'present']
 ['16' '254.7382823393846' 'present']
 ['16' '255.0681749646889' 'present']
 ['23' '270.72635344235965' 'present']
 ['16' '272.57305617962567' 'present']
 ['1' '272.7661026195641' 'present']
 ['0' '275.0001052111518' 'present']
 ['16' '280.7287850018932' 'present']
 ['16' '283.47739088855275' 'present']
 ['23' '291.86778994402096' 'present']
 ['23' '294.53459843721635' 'marauded']
 ['0' '296.50354698733616' 'presentdestroyed']
 ['16' '298.7216516589927' 'presentdestroyed']
 ['21' '300.25943676766695' 'presentdestroyed']
 ['21' '321.15983289770963' 'marauded']
 ['21' '323.19014340486734' 'presentdestroyed']
 ['0' '325.82267568391126' 'presentdestroyed']
 ['0' '331.92312961993355' 'marauded']
 ['16' '333.65448488135297' 'presentdestroyed']
 ['17' '339.74515262223156' 'present']
 ['0' '340.3550193264545' 'present']
 ['16' '341.0564244835662' 'present']]","[['F195' '52.07833786084927' 'absentdestroyed']
 ['F202' '68.78881388090785' 'mated']
 ['F0' '68.79477595622751' 'mated']
 ['F11' '88.96314653160793' 'mated']
 ['F129' '120.58055891202119' 'absentdestroyed']
 ['F48' '126.59129124127662' 'absentdestroyed']
 ['F92' '141.67487199341195' 'mated']
 ['F165' '149.10858164738517' 'destroyed']
 ['F100' '179.54044978145924' 'absent']
 ['F39' '189.02117979140866' 'mated']
 ['F91' '200.0212104575246' 'mated']
 ['F28' '200.2597081080173' 'mated']
 ['F206' '202.67373424823296' 'destroyed']
 ['F196' '205.5076802478378' 'destroyed']
 ['F155' '220.6400413921265' 'absent']
 ['F119' '223.1587643648384' 'mated']
 ['F72' '273.7250483446425' 'absent']]",5000.0,0.0,567.0,72.34359638952354,15.647641841080084,1241.0,208.53094733610246,44.29259276852883,444.0,79.12847055339971,17.713311091736703,0.0,0.0,0.0,0.0,0.0,0.0
21,0.054,10,360.6434054997636,"[['22' '1.6265226496772784' 'marauded']
 ['18' '7.776671155292076' 'presentdestroyed']
 ['1' '21.19139613133316' 'present']
 ['17' '24.982423591529987' 'marauded']
 ['17' '29.591764622834486' 'presentdestroyed']
 ['22' '31.598685355892453' 'presentdestroyed']
 ['17' '34.6063857967794' 'present']
 ['22' '41.090262009527585' 'present']
 ['22' '47.994750342841144' 'marauded']
 ['17' '59.942816627678795' 'present']
 ['22' '85.5735850385556' 'marauded']
 ['17' '95.151237329905' 'present']
 ['1' '109.67017331336812' 'present']
 ['22' '110.28895083127055' 'present']
 ['22' '113.38454341856128' 'present']
 ['17' '129.6471462206372' 'present']
 ['1' '134.07572788083067' 'present']
 ['1' '138.39877243436064' 'present']
 ['1' '149.78256532961927' 'present']
 ['16' '156.20898482650378' 'present']
 ['1' '178.11939590995257' 'present']
 ['1' '179.74256137961316' 'present']
 ['17' '180.89255834529425' 'present']
 ['1' '187.12620701929643' 'marauded']
 ['22' '196.08950327063482' 'present']
 ['17' '208.5676721459833' 'present']
 ['1' '215.32446724968455' 'present']
 ['1' '217.34688476586143' 'marauded']
 ['2' '222.77743985746102' 'presentdestroyed']
 ['22' '237.44044162267048' 'marauded']
 ['1' '239.85956440835957' 'presentdestroyed']
 ['1' '251.6823643004299' 'present']
 ['1' '252.05811315268684' 'present']
 ['22' '256.0881494614353' 'marauded']
 ['0' '260.8486174041752' 'presentdestroyed']
 ['1' '267.2971229056302' 'marauded']
 ['22' '290.0758359187003' 'marauded']
 ['2' '290.42538101808884' 'presentdestroyed']
 ['1' '315.1259210048473' 'present']
 ['1' '327.86393279739804' 'present']
 ['1' '340.0275369804184' 'present']
 ['22' '342.67648469675964' 'present']
 ['17' '349.9148944779618' 'marauded']
 ['22' '351.66709008947697' 'presentdestroyed']
 ['1' '354.98958689726635' 'presentdestroyed']
 ['1' '356.01012380621' 'presentdestroyed']]","[['F202' '68.7656657327597' 'absent']
 ['F0' '68.77162780807936' 'absent']
 ['F129' '120.60370706016934' 'absent']
 ['F48' '126.61443938942477' 'mated']
 ['F177' '138.35903585917072' 'mated']
 ['F205' '141.56090106045286' 'mated']
 ['F54' '149.0912475762816' 'mated']
 ['F165' '149.13172979553332' 'mated']
 ['F178' '162.7936589493689' 'mated']
 ['F15' '169.85022579991949' 'mated']
 ['F119' '223.13561621669024' 'destroyed']
 ['F179' '226.74585371883737' 'absent']
 ['F85' '229.33636905977082' 'mated']
 ['F26' '255.4572658364187' 'mated']
 ['F50' '272.91113745196014' 'destroyed']
 ['F72' '273.66916377143946' 'absentdestroyed']
 ['F213' '286.0751424382585' 'mated']]",5000.0,1000.0,566.0,70.98642813038244,14.725600027047697,1277.0,216.77427691373416,46.64008659743474,387.0,67.15711494670416,14.594047837183236,13.0,1.3,0.13000000000000006,83.0,3.900122254033299,0.18432784636488314
22,0.054,7,360.070331874306,"[['21' '12.815595882381825' 'marauded']
 ['18' '16.861122341765913' 'presentdestroyed']
 ['23' '18.858083786134504' 'presentdestroyed']
 ['23' '24.18941642090842' 'present']
 ['2' '27.762921084099553' 'present']
 ['23' '28.247417964957055' 'present']
 ['2' '33.00343351104778' 'marauded']
 ['23' '33.61199958479299' 'presentdestroyed']
 ['2' '34.05265173562227' 'presentdestroyed']
 ['18' '39.73787982770179' 'presentdestroyed']
 ['21' '39.93882639928785' 'presentdestroyed']
 ['23' '41.29059401439258' 'present']
 ['18' '43.25353113308509' 'present']
 ['18' '48.32826793232781' 'present']
 ['2' '49.20329474992205' 'marauded']
 ['18' '51.93334040601082' 'presentdestroyed']
 ['2' '58.70496657229869' 'present']
 ['21' '62.193729845861' 'marauded']
 ['2' '65.70846911803598' 'presentdestroyed']
 ['23' '65.83277311321312' 'presentdestroyed']
 ['23' '71.16070718516433' 'present']
 ['21' '79.9425995729242' 'present']
 ['2' '93.02114907481169' 'marauded']
 ['17' '93.98724718613097' 'presentdestroyed']
 ['23' '95.88430876793191' 'presentdestroyed']
 ['23' '97.35214971111793' 'destroyed']
 ['21' '98.86581725786252' 'presentdestroyed']
 ['18' '100.28743531021716' 'presentdestroyed']
 ['18' '103.62264312287095' 'present']
 ['18' '111.07739754308251' 'present']
 ['23' '118.46647976501502' 'marauded']
 ['23' '124.15863242636169' 'presentdestroyed']
 ['21' '126.43334680239818' 'destroyed']
 ['18' '128.0832474236396' 'present']
 ['18' '132.2983588005184' 'present']
 ['21' '132.64503939042183' 'present']
 ['21' '134.63302842195094' 'marauded']
 ['18' '140.63138621084468' 'destroyed']
 ['23' '142.38477083601654' 'marauded']
 ['21' '143.60504726790117' 'presentdestroyed']
 ['21' '144.16942678129354' 'presentdestroyed']
 ['21' '149.0246262540313' 'presentdestroyed']
 ['23' '149.1076713370423' 'presentdestroyed']
 ['23' '155.59112892267518' 'present']
 ['2' '161.32742541055987' 'present']
 ['2' '161.37372170685617' 'present']
 ['18' '162.15915172062248' 'present']
 ['18' '170.88926981397307' 'marauded']
 ['3' '194.44745048192001' 'present']
 ['2' '197.1142076184633' 'marauded']
 ['21' '197.4875266374294' 'presentdestroyed']
 ['2' '209.60687284369476' 'present']
 ['2' '210.27499476409434' 'present']
 ['23' '224.53039081081678' 'present']
 ['23' '224.5766871071131' 'present']
 ['21' '226.66702063513304' 'marauded']
 ['2' '241.43886585937346' 'present']
 ['18' '248.91488444086525' 'present']
 ['21' '250.0033557932405' 'present']
 ['18' '253.92763581618067' 'present']
 ['1' '256.84013166802066' 'present']
 ['23' '257.4150971454067' 'marauded']
 ['2' '261.3648747659504' 'presentdestroyed']
 ['18' '263.45283142275605' 'presentdestroyed']
 ['21' '264.4688712277825' 'presentdestroyed']
 ['21' '264.9666945756733' 'presentdestroyed']
 ['21' '265.21965297249085' 'present']
 ['2' '266.44006254310654' 'present']
 ['23' '275.07861925383764' 'marauded']
 ['23' '280.2939620431155' 'presentdestroyed']
 ['18' '287.9854231115099' 'present']
 ['21' '300.21314047137065' 'present']
 ['18' '310.4472891405943' 'marauded']
 ['21' '312.71820936939775' 'presentdestroyed']
 ['2' '316.7128903546811' 'presentdestroyed']
 ['23' '317.53818890642987' 'destroyed']
 ['21' '319.0213892434906' 'present']
 ['23' '320.08740607083115' 'present']
 ['18' '322.8634360118058' 'present']
 ['18' '323.20258037260675' 'present']
 ['23' '325.175797986966' 'present']
 ['23' '330.09867685509204' 'present']
 ['23' '331.5260932051229' 'marauded']
 ['21' '348.0228946060725' 'present']
 ['2' '351.63095796947067' 'present']]","[['F113' '59.01345918724035' 'absent']
 ['F109' '71.68750668986296' 'absent']
 ['F109' '71.73380298615926' 'mated']
 ['F209' '84.86893493719207' 'mated']
 ['F5' '106.73385067032672' 'mated']
 ['F127' '138.83662421603054' 'destroyed']
 ['F20' '140.08186312349463' 'destroyed']
 ['F183' '165.46028461076648' 'absent']
 ['F15' '169.82707765177133' 'absent']
 ['F60' '177.25532093258258' 'destroyed']
 ['F52' '224.93401575281968' 'mated']
 ['F85' '229.31322091162266' 'destroyed']
 ['F96' '249.11607311563284' 'mated']
 ['F141' '266.9737519461857' 'mated']
 ['F149' '304.3794247110238' 'mated']]",5000.0,2000.0,567.0,72.47837264366203,15.644994813421354,1119.0,192.26582465692744,41.81268540208406,523.0,91.29322328741642,19.6655663530872,13.0,1.3,0.13000000000000006,62.0,2.9662531394382157,0.14360425240054867
23,0.054,7,360.24291663947923,"[['3' '4.170004835626534' 'present']
 ['22' '22.8610343324119' 'present']
 ['3' '27.1408971964107' 'present']
 ['22' '43.074585996914486' 'marauded']
 ['18' '44.18571762159183' 'presentdestroyed']
 ['3' '51.55120105176718' 'present']
 ['22' '71.02857700064348' 'present']
 ['3' '74.8527295860175' 'marauded']
 ['22' '83.80834629875889' 'present']
 ['3' '92.75102339709015' 'present']
 ['3' '103.32274236835772' 'marauded']
 ['22' '107.42838869940039' 'presentdestroyed']
 ['3' '118.42028760514638' 'present']
 ['22' '132.50353451242475' 'present']
 ['3' '132.68372737930076' 'marauded']
 ['22' '134.0125104768955' 'presentdestroyed']
 ['3' '143.53679081198945' 'present']
 ['3' '146.27761919504596' 'present']
 ['22' '195.0484210347914' 'present']
 ['22' '225.0830755544704' 'marauded']
 ['3' '229.35575464240623' 'presentdestroyed']
 ['3' '229.40205093870253' 'presentdestroyed']
 ['3' '240.2776446010037' 'present']
 ['22' '244.0966228746939' 'present']
 ['22' '245.9783493265793' 'marauded']
 ['3' '252.0714837950515' 'presentdestroyed']
 ['18' '258.62059412259924' 'present']
 ['3' '282.77000952740605' 'marauded']
 ['22' '287.3953990015408' 'presentdestroyed']
 ['3' '296.3166213385383' 'marauded']
 ['3' '299.81474539130295' 'presentdestroyed']
 ['22' '307.2105485655572' 'marauded']
 ['3' '330.8616571403148' 'present']
 ['3' '332.635927543307' 'present']
 ['2' '350.3748509238337' 'marauded']
 ['3' '350.91926920625883' 'destroyed']
 ['22' '350.9337108167154' 'destroyed']
 ['3' '354.5369416164928' 'presentdestroyed']
 ['22' '357.3962458076824' 'destroyed']
 ['3' '358.601481359817' 'present']]","[['F164' '63.45587928287407' 'mated']
 ['F94' '103.27377583312769' 'absent']
 ['F160' '131.70947006330366' 'mated']
 ['F20' '140.05871497534648' 'destroyed']
 ['F20' '140.10501127164278' 'destroyed']
 ['F183' '165.48343275891463' 'absent']
 ['F60' '177.27846908073073' 'mated']
 ['F139' '182.86342421181092' 'mated']
 ['F150' '199.68402532916195' 'absent']
 ['F188' '202.053274492432' 'mated']
 ['F73' '214.8263939999786' 'mated']
 ['F169' '224.28912692996818' 'absent']
 ['F95' '302.3101395301935' 'destroyed']
 ['F148' '358.0339531665206' 'mated']]",5000.0,3000.0,571.0,71.6067395617443,14.496319206745664,1319.0,222.641031527251,47.46366548970444,375.0,60.87999109238861,12.519033096358951,13.0,1.3,0.13000000000000006,78.0,3.6302876649246794,0.16932441700960205
