id,probability_maraud,successful_mating,next_foraging_time,mar_attempts,mate_attempts,x_pos,y_pos,foraging_events,foraging_hrs,foraging_sqhrs,staying_events,staying_hrs,staying_sqhrs,repairing_events,repairing_hrs,repairing_sqhrs,marauding_events,marauding_hrs,marauding_sqhrs,traveling_events,traveling_hrs,traveling_sqhrs
0,0.054,9,359.9974164692428,"[['8' '0.33490337798700814' 'present']
 ['5' '1.6907581984719182' 'present']
 ['5' '3.7904202481648284' 'present']
 ['1' '4.707609847887006' 'present']
 ['8' '8.57020969674818' 'present']
 ['4' '14.803553316776826' 'present']
 ['5' '18.165072562349287' 'present']
 ['7' '29.22759910013227' 'present']
 ['7' '32.4755645799927' 'marauded']
 ['1' '37.125396172764425' 'presentdestroyed']
 ['8' '38.972922170544585' 'presentdestroyed']
 ['7' '40.70757490555435' 'marauded']
 ['1' '49.807086111149246' 'present']
 ['6' '54.73199410230466' 'present']
 ['5' '56.18669237797142' 'present']
 ['1' '57.45692275242565' 'present']
 ['3' '62.25550847540972' 'marauded']
 ['8' '66.58577170854792' 'presentdestroyed']
 ['8' '68.5110891568789' 'presentdestroyed']
 ['7' '74.90627892480904' 'present']
 ['5' '87.14569900353493' 'present']
 ['4' '101.54139346989457' 'marauded']
 ['3' '117.28737932155666' 'marauded']
 ['4' '118.27782948117212' 'presentdestroyed']
 ['1' '128.39575031012453' 'marauded']
 ['1' '134.35163922166134' 'presentdestroyed']
 ['7' '143.7585821364349' 'present']
 ['1' '147.54573485008984' 'present']
 ['3' '171.83966615924706' 'present']
 ['3' '171.89149453806107' 'present']
 ['1' '173.76356820661414' 'marauded']
 ['3' '174.93665574777944' 'destroyed']
 ['3' '182.74492550886723' 'marauded']
 ['5' '183.6253141140822' 'presentdestroyed']
 ['4' '185.96232961734668' 'presentdestroyed']
 ['1' '191.16709688115677' 'present']
 ['7' '200.62153448647462' 'present']
 ['8' '208.4586362867041' 'present']
 ['1' '210.07713608409372' 'present']
 ['6' '220.78156584288118' 'present']
 ['1' '223.21527611290563' 'present']
 ['7' '225.0366740590665' 'present']
 ['4' '227.56413849400295' 'present']
 ['7' '237.42782402262011' 'present']
 ['3' '247.9354619710013' 'present']
 ['8' '250.3696420044434' 'marauded']
 ['5' '251.35259388619187' 'presentdestroyed']
 ['8' '254.38838733793696' 'presentdestroyed']
 ['7' '255.71374339519176' 'destroyed']
 ['5' '255.77668342651657' 'presentdestroyed']
 ['6' '258.5452516938865' 'marauded']
 ['1' '270.6020600302294' 'present']
 ['3' '272.0171478327509' 'present']
 ['3' '274.43847205410634' 'present']
 ['1' '281.712263632101' 'present']
 ['1' '285.3978304709372' 'present']
 ['6' '288.9684218591964' 'present']
 ['3' '289.2695952438992' 'present']
 ['8' '289.29551997807505' 'present']
 ['3' '313.91368111171903' 'present']
 ['3' '313.9183107413487' 'present']
 ['3' '319.0999811626787' 'marauded']
 ['1' '335.3179027537989' 'present']
 ['8' '338.97774208468263' 'present']
 ['6' '340.5218221673197' 'present']
 ['5' '349.5318183688147' 'present']
 ['7' '352.36133580281916' 'present']
 ['8' '357.53911595505656' 'present']]","[['F71' '72.49779655980002' 'absent']
 ['F7' '93.71358215637439' 'mated']
 ['F59' '97.00647791176245' 'mated']
 ['F13' '108.77269888970983' 'absentdestroyed']
 ['F49' '128.5110131927468' 'absentdestroyed']
 ['F47' '143.9050113292014' 'mated']
 ['F68' '144.25632719107736' 'mated']
 ['F27' '168.71469975021168' 'mated']
 ['F43' '172.3735694387952' 'mated']
 ['F1' '173.56610496610685' 'mated']
 ['F80' '180.29563560627676' 'destroyed']
 ['F75' '189.2345756559213' 'destroyed']
 ['F31' '198.14646471932136' 'mated']
 ['F67' '293.5261250312469' 'mated']]",0.0,0.0,581.0,70.86501812636637,13.843432089172344,1300.0,219.9050743720859,47.717097796826444,414.0,67.40685070809694,14.238468182807,15.0,1.5000000000000002,0.15000000000000008,76.0,0.4381463440129137,0.0025934499314128933
1,0.054,13,360.2949427310909,"[['6' '3.6497992427405546' 'present']
 ['8' '6.416395105065877' 'present']
 ['5' '7.433727547964878' 'present']
 ['3' '14.27235255961919' 'marauded']
 ['7' '30.281757038137243' 'present']
 ['5' '34.345716485109804' 'present']
 ['8' '36.76136622952514' 'present']
 ['7' '38.240218667400576' 'present']
 ['4' '45.53740905731832' 'present']
 ['7' '61.968897081496564' 'present']
 ['4' '65.90867188045068' 'present']
 ['6' '75.6397765049814' 'present']
 ['4' '80.75907049210088' 'present']
 ['7' '88.4325200407237' 'marauded']
 ['5' '93.03949106672616' 'presentdestroyed']
 ['8' '93.60302272599007' 'presentdestroyed']
 ['4' '93.67026577793038' 'presentdestroyed']
 ['7' '104.81403037924515' 'present']
 ['5' '108.27081189157502' 'marauded']
 ['3' '111.09310579872572' 'destroyed']
 ['3' '115.08885591968742' 'destroyed']
 ['4' '116.86512659933706' 'present']
 ['4' '131.45051838927648' 'present']
 ['8' '133.27824539505357' 'present']
 ['4' '136.81037659599244' 'present']
 ['8' '147.31693046303647' 'present']
 ['4' '149.33851163216866' 'marauded']
 ['4' '150.50425006789294' 'destroyed']
 ['5' '153.85163807950644' 'destroyed']
 ['0' '157.5971860459858' 'present']
 ['0' '160.18489784851772' 'present']
 ['0' '163.50139218951136' 'present']
 ['5' '169.7142880532799' 'present']
 ['3' '211.67583629267034' 'present']
 ['8' '213.64325940695966' 'present']
 ['6' '214.93277873228777' 'present']
 ['8' '215.636952166576' 'present']
 ['0' '223.94383220255634' 'present']
 ['7' '225.0422625163868' 'present']
 ['3' '226.34524517910106' 'present']
 ['7' '233.3330982481735' 'present']
 ['6' '234.02356867804238' 'present']
 ['6' '234.30209426257994' 'present']
 ['3' '248.97821593295254' 'present']
 ['6' '249.8823319158404' 'marauded']
 ['4' '257.140362615057' 'presentdestroyed']
 ['4' '261.899177383701' 'present']
 ['6' '280.2594484757033' 'present']
 ['0' '280.3229313179821' 'present']
 ['4' '286.64744401732827' 'present']
 ['5' '299.1521208073079' 'present']
 ['8' '301.47192686904214' 'present']
 ['3' '306.65332162861927' 'marauded']
 ['6' '310.8648121893794' 'presentdestroyed']
 ['8' '311.4422321401488' 'presentdestroyed']
 ['8' '331.57619107291964' 'present']
 ['4' '338.19051465997416' 'present']
 ['8' '341.5408610498332' 'present']
 ['3' '349.31069476194983' 'marauded']
 ['4' '358.3900739547634' 'present']]","[['F2' '9.681503062606714' 'mated']
 ['F69' '106.89550105572154' 'mated']
 ['F13' '108.76711043238953' 'destroyed']
 ['F0' '135.47932907477758' 'mated']
 ['F22' '141.04096813108833' 'mated']
 ['F14' '145.512232840532' 'mated']
 ['F17' '173.73890773525196' 'mated']
 ['F75' '189.2401641132416' 'mated']
 ['F30' '192.37847676564718' 'mated']
 ['F74' '200.41359173638872' 'mated']
 ['F36' '207.65196305314396' 'absent']
 ['F11' '233.0813321689382' 'mated']
 ['F55' '275.2307784498427' 'mated']
 ['F5' '295.38307697157865' 'mated']
 ['F51' '333.7815460037698' 'mated']]",0.0,100.0,566.0,69.7638406292029,14.854683654708902,1467.0,246.12738217922563,52.220719071240154,246.0,42.824152271448334,9.169203606274866,9.0,0.8999999999999999,0.09000000000000002,85.0,0.47789535529822363,0.002764917695473251
2,0.0,10,360.7620130955836,"[['8' '2.938651270264913' 'present']
 ['7' '3.2779120153709975' 'present']
 ['4' '4.76429540499215' 'present']
 ['5' '7.485444668326292' 'present']
 ['0' '10.59562510874861' 'present']
 ['4' '18.27240043705052' 'present']
 ['8' '22.99231407809008' 'present']
 ['6' '24.230005761255413' 'marauded']
 ['3' '27.324331200342172' 'presentdestroyed']
 ['5' '43.890655395156664' 'present']
 ['6' '45.29148999776631' 'marauded']
 ['0' '48.60204529758271' 'presentdestroyed']
 ['0' '52.818617818293674' 'presentdestroyed']
 ['8' '56.515973391309416' 'marauded']
 ['1' '59.270403981976756' 'presentdestroyed']
 ['5' '60.75047278118346' 'presentdestroyed']
 ['8' '61.83347432909762' 'presentdestroyed']
 ['8' '61.844651243738234' 'presentdestroyed']
 ['8' '69.6964891997912' 'present']
 ['7' '74.35738730145015' 'present']
 ['3' '76.80630347186772' 'present']
 ['4' '78.00576173392786' 'marauded']
 ['1' '82.26995694157655' 'presentdestroyed']
 ['3' '89.32658000267631' 'present']
 ['4' '89.78618963639126' 'present']
 ['4' '90.71495736757335' 'marauded']
 ['8' '98.66318930620595' 'present']
 ['7' '102.7702026983812' 'marauded']
 ['6' '102.94906781353664' 'presentdestroyed']
 ['8' '103.16842848793478' 'presentdestroyed']
 ['0' '109.21587598127991' 'presentdestroyed']
 ['8' '109.87309795029697' 'presentdestroyed']
 ['5' '116.30628790742101' 'present']
 ['3' '117.0068015075634' 'present']
 ['4' '122.03492579480134' 'marauded']
 ['0' '136.1276367400193' 'marauded']
 ['8' '139.06681763263833' 'presentdestroyed']
 ['1' '141.90023383976921' 'presentdestroyed']
 ['3' '142.0111487007393' 'presentdestroyed']
 ['8' '147.7199458567751' 'present']
 ['3' '149.66727183055812' 'present']
 ['5' '154.20288044622717' 'present']
 ['3' '161.41481492926732' 'present']
 ['3' '171.89708299538137' 'present']
 ['1' '187.92556110590456' 'present']
 ['3' '193.36990386656836' 'marauded']
 ['0' '194.12865076401764' 'presentdestroyed']
 ['0' '198.02235732827958' 'presentdestroyed']
 ['8' '203.5708007185817' 'present']
 ['0' '206.8713881871273' 'present']
 ['3' '209.53399305113248' 'present']
 ['4' '214.6424276154064' 'present']
 ['7' '215.15636154082358' 'present']
 ['8' '215.6425406238963' 'present']
 ['5' '227.22221049475678' 'present']
 ['3' '228.76592536986809' 'present']
 ['7' '234.46149744598858' 'present']
 ['0' '236.9942097786763' 'present']
 ['8' '240.33965217231204' 'present']
 ['0' '243.30581184961807' 'present']
 ['4' '248.80570188036273' 'marauded']
 ['5' '257.1070111440766' 'present']
 ['1' '262.52186877537855' 'present']
 ['1' '265.73955295868376' 'marauded']
 ['1' '271.24604537657683' 'presentdestroyed']
 ['0' '275.12047543531804' 'present']
 ['3' '282.85957385494896' 'marauded']
 ['4' '284.1154004759804' 'presentdestroyed']
 ['5' '286.1589523033427' 'presentdestroyed']
 ['6' '306.6230005258778' 'present']
 ['3' '307.0297086207619' 'present']
 ['7' '314.5841422059736' 'marauded']
 ['1' '315.7171503609629' 'presentdestroyed']
 ['4' '322.3643845091123' 'marauded']
 ['1' '324.25417500994627' 'presentdestroyed']
 ['8' '324.67560425669893' 'presentdestroyed']
 ['4' '333.56866649506736' 'present']
 ['1' '333.84942050515906' 'present']
 ['8' '334.8715455301135' 'present']
 ['0' '344.8516071404201' 'marauded']
 ['7' '349.7857054541651' 'destroyed']
 ['0' '352.2396072795476' 'presentdestroyed']
 ['6' '358.54317506727256' 'present']]","[['F59' '97.00416309694764' 'destroyed']
 ['F8' '132.45477328053704' 'mated']
 ['F22' '141.03865331627352' 'absentdestroyed']
 ['F23' '158.48155919468954' 'mated']
 ['F21' '167.0817905281179' 'mated']
 ['F16' '174.76692355157425' 'mated']
 ['F79' '178.89104378538408' 'mated']
 ['F80' '180.29795042109157' 'mated']
 ['F32' '187.9582088719896' 'mated']
 ['F31' '198.14414990450655' 'destroyed']
 ['F24' '212.98634031489823' 'mated']
 ['F54' '220.1794418886981' 'mated']
 ['F50' '223.7325234192788' 'absent']
 ['F64' '256.9325523086168' 'mated']
 ['F73' '273.1667378096152' '']]",0.0,200.0,564.0,74.03433672658875,15.932740466599656,1184.0,193.77664648049466,40.25143045634934,526.0,92.19159805150639,20.5154281965023,0.0,0.0,0.0,0.0,0.0,0.0
3,0.054,4,360.06801434675225,"[['6' '1.545563044575077' 'present']
 ['7' '3.284459300381984' 'marauded']
 ['5' '16.244916221119556' 'present']
 ['8' '18.865802698531088' 'marauded']
 ['6' '22.670563602268075' 'presentdestroyed']
 ['5' '36.71400660924213' 'present']
 ['6' '41.60008966419828' 'marauded']
 ['6' '51.169334277571295' 'marauded']
 ['1' '54.6032934730221' 'presentdestroyed']
 ['8' '61.83906278641793' 'present']
 ['6' '66.76468726676693' 'marauded']
 ['1' '78.05565458380315' 'present']
 ['5' '78.10637011535029' 'present']
 ['4' '80.00820648173207' 'present']
 ['5' '90.67341019894926' 'marauded']
 ['8' '98.19942596233865' 'destroyed']
 ['7' '98.64499719105628' 'marauded']
 ['4' '99.30654957992516' 'presentdestroyed']
 ['7' '100.10822949676611' 'destroyed']
 ['7' '120.98966491760247' 'present']
 ['1' '121.4120768904699' 'present']
 ['6' '123.66975626276921' 'present']
 ['8' '131.1326256167023' 'marauded']
 ['6' '134.81852465350735' 'presentdestroyed']
 ['1' '144.2388417199254' 'present']
 ['7' '167.71811138308922' 'present']
 ['1' '168.18145937963996' 'present']
 ['7' '172.54529922063728' 'present']
 ['1' '173.49403567906103' 'present']
 ['6' '187.54723406521768' 'present']
 ['5' '210.84147319971723' 'present']
 ['4' '239.09105967195316' 'marauded']
 ['0' '246.61166911716145' 'presentdestroyed']
 ['4' '249.54908546491114' 'present']
 ['6' '250.98565705245977' 'present']
 ['8' '252.88327955167497' 'marauded']
 ['4' '255.2756566395899' 'destroyed']
 ['7' '260.8819223720384' 'marauded']
 ['1' '269.13641041224463' 'present']
 ['1' '285.489148499013' 'present']
 ['4' '287.3983307582628' 'present']
 ['8' '291.0527115647682' 'present']
 ['5' '320.7398209749028' 'present']
 ['8' '321.77374145966184' 'marauded']
 ['1' '336.2054984476492' 'present']
 ['0' '336.598614177482' 'present']
 ['8' '337.80072763320766' 'present']
 ['0' '338.9251489303262' 'present']
 ['7' '349.3460965783558' 'marauded']
 ['0' '350.3117713702736' 'presentdestroyed']
 ['4' '352.06243287392914' 'destroyed']
 ['5' '357.9289828321688' 'present']]","[['F4' '98.63993750162345' 'absent']
 ['F57' '109.37582433647623' 'mated']
 ['F35' '124.89675762809541' 'mated']
 ['F8' '132.45149963803155' 'destroyed']
 ['F23' '158.47597073736924' 'absent']
 ['F27' '168.71007012058206' 'absent']
 ['F40' '189.26870778220007' 'absent']
 ['F19' '195.50442238879205' 'mated']
 ['F31' '198.14087626200106' 'absent']
 ['F60' '308.03429268769395' 'mated']]",100.0,0.0,574.0,72.79766150222149,14.924145104221159,1205.0,205.95612734200463,44.39315135805133,462.0,79.71283450433266,17.505174536514204,14.0,1.4000000000000001,0.14000000000000007,67.0,0.37922077891403466,0.002207647462277091
4,0.054,8,360.1498169306356,"[['5' '8.177939033398507' 'present']
 ['8' '13.250137992247165' 'present']
 ['5' '21.943629716655785' 'marauded']
 ['5' '22.50172454401394' 'presentdestroyed']
 ['0' '30.233338610298834' 'marauded']
 ['1' '36.56594584272154' 'destroyed']
 ['3' '37.85566634853617' 'present']
 ['8' '41.41144100767712' 'present']
 ['1' '48.38262208678426' 'marauded']
 ['6' '48.59548881202041' 'presentdestroyed']
 ['6' '48.817043170476744' 'presentdestroyed']
 ['1' '51.03850036727038' 'destroyed']
 ['5' '72.20413330758356' 'present']
 ['8' '107.0007753383056' 'marauded']
 ['3' '119.64407765169287' 'present']
 ['7' '127.15799757048597' 'present']
 ['8' '127.51004690496835' 'present']
 ['8' '132.39003757326057' 'present']
 ['7' '139.0132449313123' 'marauded']
 ['0' '147.16047931523434' 'present']
 ['5' '150.8494202709254' 'present']
 ['5' '152.433663637595' 'marauded']
 ['0' '153.33651865981207' 'presentdestroyed']
 ['0' '157.37292040856138' 'presentdestroyed']
 ['5' '158.64805233687335' 'presentdestroyed']
 ['1' '163.18118124482368' 'present']
 ['1' '164.41090982345884' 'present']
 ['7' '172.53971076331698' 'present']
 ['5' '174.8349743482631' 'present']
 ['5' '176.60263965613296' 'present']
 ['0' '181.15541522357628' 'present']
 ['8' '181.44639156069627' 'present']
 ['5' '187.5798123303807' 'present']
 ['7' '189.58714309779788' 'present']
 ['8' '191.12527082478118' 'present']
 ['0' '193.92120891441095' 'present']
 ['1' '203.68312484028496' 'present']
 ['3' '220.03188289250255' 'present']
 ['7' '221.28860551261647' 'present']
 ['0' '222.82505666464368' 'present']
 ['0' '237.18976162681048' 'present']
 ['5' '239.69171816661805' 'marauded']
 ['0' '239.70992911520457' 'destroyed']
 ['6' '268.7606058456819' 'marauded']
 ['3' '275.186881516817' 'destroyed']
 ['0' '299.49582939537373' 'present']
 ['5' '307.82839590775563' 'present']
 ['0' '310.1359813847693' 'marauded']
 ['7' '311.2126910089822' 'presentdestroyed']
 ['8' '316.925265862268' 'presentdestroyed']
 ['5' '319.31266062664514' 'present']
 ['7' '320.41541723814066' 'present']
 ['6' '324.24150415435605' 'marauded']
 ['1' '334.82548989629925' 'present']
 ['1' '335.0303671648533' 'present']
 ['8' '340.63000484705935' 'marauded']
 ['1' '358.25509497364516' 'present']
 ['8' '358.93075376822' 'marauded']]","[['F41' '66.98289734824077' 'mated']
 ['F53' '97.0399875884126' 'mated']
 ['F4' '98.64552595894375' 'mated']
 ['F61' '100.25628684867092' 'mated']
 ['F34' '107.10994292546796' 'destroyed']
 ['F48' '107.89675431851012' 'absentdestroyed']
 ['F35' '124.8944428132806' 'absent']
 ['F23' '158.47828555218405' 'destroyed']
 ['F66' '189.11274574469894' 'mated']
 ['F78' '222.90313451567255' 'mated']
 ['F50' '223.7357970617843' 'mated']
 ['F55' '275.2284636350279' 'destroyed']
 ['F9' '350.08129719622895' 'mated']]",100.0,100.0,561.0,69.63743962880605,14.95283499785589,1300.0,220.35809529839102,46.61015771243221,415.0,68.7323414764624,14.494515919702987,11.0,1.0999999999999999,0.11000000000000004,64.0,0.3519083023556472,0.0019933127572016444
5,0.054,9,360.3737459563367,"[['8' '4.63090706448144' 'present']
 ['0' '9.959151861457743' 'present']
 ['8' '12.403270749433416' 'present']
 ['0' '18.138155728657704' 'present']
 ['8' '47.410571531809545' 'present']
 ['0' '50.65836120610546' 'present']
 ['7' '61.29038907554244' 'marauded']
 ['3' '65.83619992693453' 'destroyed']
 ['0' '78.94511582831929' 'present']
 ['4' '82.11919711582502' 'present']
 ['6' '87.00675913972364' 'present']
 ['8' '87.3683759585624' 'present']
 ['0' '100.90489939406028' 'present']
 ['3' '109.4761631069457' 'present']
 ['6' '115.79954077136664' 'present']
 ['3' '116.93626786995245' 'present']
 ['0' '148.2434458473386' 'present']
 ['3' '159.19115958879044' 'present']
 ['6' '160.58052803996765' 'present']
 ['4' '161.66696160089685' 'present']
 ['1' '170.2118756860466' 'present']
 ['3' '171.84429578887668' 'present']
 ['6' '177.6987945837404' 'present']
 ['6' '180.9445465300215' 'present']
 ['1' '189.33627332402293' 'present']
 ['1' '191.74843303118885' 'present']
 ['7' '198.85968909583974' 'present']
 ['6' '214.79633029589152' 'present']
 ['1' '220.39652438552488' 'present']
 ['6' '227.29674565298433' 'present']
 ['6' '229.29478250282827' 'present']
 ['1' '229.58017802438908' 'present']
 ['3' '238.43671735181476' 'present']
 ['7' '239.54602789206604' 'present']
 ['1' '247.6474207071503' 'present']
 ['8' '259.58396429773137' 'marauded']
 ['0' '267.60113075704' 'marauded']
 ['0' '273.18322145273567' 'destroyed']
 ['3' '276.99916336036824' 'present']
 ['1' '286.3902417369535' 'marauded']
 ['0' '299.50237668038477' 'present']
 ['6' '312.7826697858113' 'present']
 ['7' '324.69102986815193' 'present']
 ['0' '328.80998258581593' 'marauded']
 ['0' '336.5930257201616' 'present']
 ['7' '338.9026382949574' 'marauded']
 ['8' '342.58782151613013' 'presentdestroyed']
 ['8' '356.8271071761262' 'present']]","[['F65' '97.82055647898379' 'mated']
 ['F34' '107.11225774028277' 'mated']
 ['F42' '112.81800717182074' 'mated']
 ['F46' '123.78417169670428' 'absent']
 ['F25' '131.51772574489462' 'mated']
 ['F37' '132.14047145441506' 'mated']
 ['F56' '136.96360563338078' 'mated']
 ['F16' '174.76460873675944' 'absent']
 ['F38' '202.7577954561075' 'mated']
 ['F36' '207.65755151046426' 'mated']
 ['F72' '237.58223307750265' 'absent']
 ['F62' '359.45607388937634' 'mated']]",100.0,200.0,577.0,69.01626332804585,13.869756128318492,1500.0,253.3613571951915,54.131135826632374,210.0,36.61898494720743,8.1728432593704,6.0,0.6,0.06000000000000001,73.0,0.40699855669181245,0.0023362482853223586
6,0.054,7,359.9685710883213,"[['5' '7.427180262953891' 'present']
 ['0' '7.67719224304581' 'marauded']
 ['8' '9.814292764860753' 'presentdestroyed']
 ['3' '13.8302376911208' 'destroyed']
 ['4' '14.513739873973003' 'presentdestroyed']
 ['5' '18.456924691447774' 'present']
 ['5' '26.177665644310345' 'marauded']
 ['8' '28.087934584795942' 'destroyed']
 ['5' '32.74642348701643' 'presentdestroyed']
 ['7' '39.14616257484059' 'present']
 ['5' '44.680459497108586' 'present']
 ['5' '46.126882618651955' 'present']
 ['7' '60.19433116152299' 'present']
 ['1' '61.991406632980066' 'present']
 ['1' '63.4090648788317' 'present']
 ['5' '72.6852432571373' 'present']
 ['3' '78.56931582586556' 'marauded']
 ['0' '94.24583390499586' 'marauded']
 ['7' '97.00179573668575' 'presentdestroyed']
 ['5' '114.67172780855692' 'present']
 ['1' '115.70522485417565' 'present']
 ['4' '119.72257166179678' 'present']
 ['5' '120.25528772019686' 'present']
 ['1' '123.68032026521055' 'present']
 ['0' '127.12109322883414' 'marauded']
 ['1' '129.7849561353453' 'presentdestroyed']
 ['1' '135.84888046738254' 'present']
 ['3' '141.4786357063021' 'present']
 ['1' '145.03577115999528' 'marauded']
 ['7' '145.51528768762896' 'destroyed']
 ['1' '148.4624289940018' 'presentdestroyed']
 ['4' '149.60777300475561' 'presentdestroyed']
 ['3' '149.66168337323782' 'presentdestroyed']
 ['0' '152.9146074319339' 'present']
 ['0' '168.5936921527497' 'present']
 ['8' '175.45394173945635' 'present']
 ['5' '175.53983620722218' 'present']
 ['1' '175.92524834233018' 'present']
 ['3' '188.34814445710072' 'marauded']
 ['1' '197.02614607590002' 'marauded']
 ['4' '209.93671758985107' 'present']
 ['7' '211.33907491185423' 'present']
 ['1' '212.3184857671287' 'present']
 ['5' '213.5409850411843' 'present']
 ['0' '234.57859795784339' 'present']
 ['5' '236.03836299409298' 'present']
 ['1' '244.58641411230101' 'present']
 ['8' '267.51649878038' 'present']
 ['0' '267.7976400840225' 'present']
 ['0' '271.6752414499128' 'marauded']
 ['8' '273.04143141457484' 'destroyed']
 ['0' '273.9087681451113' 'presentdestroyed']
 ['3' '275.02186100652784' 'presentdestroyed']
 ['1' '295.4834376804845' 'marauded']
 ['4' '298.77524907623194' 'presentdestroyed']
 ['4' '302.82308243328043' 'presentdestroyed']
 ['1' '304.5327052490144' 'present']
 ['7' '315.56767534890076' 'present']
 ['3' '316.82147460470173' 'present']
 ['4' '321.30681147837555' 'present']
 ['5' '325.90979825276827' 'present']
 ['7' '328.52266084976316' 'present']
 ['1' '328.5654373092308' 'present']
 ['8' '337.50398787245206' 'present']
 ['1' '340.97468917726655' 'present']
 ['8' '348.27849468927104' 'marauded']
 ['4' '352.0680213312495' 'presentdestroyed']]","[['F3' '47.14037348156939' 'mated']
 ['F53' '97.03671394590711' 'destroyed']
 ['F13' '120.78291697665975' 'mated']
 ['F26' '163.23660074972386' 'mated']
 ['F27' '168.71238493539687' 'absent']
 ['F20' '188.1456758891262' 'mated']
 ['F75' '189.2368904707361' 'destroyed']
 ['F74' '200.41031809388323' 'destroyed']
 ['F38' '202.754521813602' 'absentdestroyed']
 ['F63' '216.79830661399825' 'mated']
 ['F10' '255.8202516425848' 'mated']
 ['F73' '273.1700114521207' 'destroyed']
 ['F39' '341.04076513556987' 'mated']]",200.0,0.0,551.0,73.32922509483191,16.931816494198337,1280.0,217.5915321402308,47.20822282604993,392.0,67.75828583627603,14.355082819844105,10.0,0.9999999999999999,0.10000000000000003,62.0,0.3368960769523172,0.0018861454046639214
7,0.054,7,360.4074643032318,"[['0' '15.558628470421766' 'present']
 ['5' '16.76770715228818' 'present']
 ['4' '20.481429318493632' 'present']
 ['0' '27.131390064086833' 'present']
 ['1' '35.862274819195264' 'present']
 ['6' '37.84569573820584' 'present']
 ['8' '41.928200859830866' 'marauded']
 ['6' '62.08788396517198' 'present']
 ['5' '71.50476454370994' 'present']
 ['4' '74.81450043789688' 'present']
 ['4' '82.8190407957247' 'present']
 ['0' '83.0364757786727' 'present']
 ['3' '88.49005532797179' 'marauded']
 ['6' '92.09498696793683' 'presentdestroyed']
 ['4' '98.5430486554324' 'present']
 ['6' '103.28955624697056' 'present']
 ['4' '106.21877485108692' 'marauded']
 ['3' '111.30732249193741' 'destroyed']
 ['6' '115.24276761707462' 'present']
 ['5' '119.45568025711417' 'present']
 ['1' '119.90485539229064' 'present']
 ['3' '127.56724483782389' 'present']
 ['0' '138.80481538997688' 'present']
 ['3' '149.26920612517182' 'present']
 ['4' '151.3854041438126' 'marauded']
 ['3' '155.73004806380683' 'presentdestroyed']
 ['3' '157.06619840986815' 'presentdestroyed']
 ['8' '161.37748095870515' 'present']
 ['5' '163.55432003317958' 'present']
 ['4' '166.19788455391716' 'present']
 ['6' '169.5990052381022' 'present']
 ['6' '169.98740797429534' 'present']
 ['5' '175.5332889222112' 'present']
 ['4' '185.96791807466698' 'present']
 ['3' '202.04785050909985' 'marauded']
 ['5' '204.053550768195' 'destroyed']
 ['5' '221.08590708424242' 'present']
 ['8' '224.67002662087' 'present']
 ['3' '225.14192190833108' 'present']
 ['4' '230.06947723308735' 'present']
 ['4' '230.67802262607142' 'present']
 ['6' '234.02915713536268' 'present']
 ['6' '242.76795487306813' 'marauded']
 ['1' '246.78929790249552' 'destroyed']
 ['6' '247.27530021462468' 'presentdestroyed']
 ['6' '265.2096616697807' 'present']
 ['6' '268.3325938207443' 'present']
 ['0' '273.91435660243167' 'marauded']
 ['4' '283.10023242959556' 'present']
 ['8' '283.89440515200323' 'marauded']
 ['8' '286.95149755228255' 'presentdestroyed']
 ['4' '290.3739158767422' 'presentdestroyed']
 ['8' '291.9757062444715' 'destroyed']
 ['0' '292.8787053118979' 'marauded']
 ['8' '296.84383756011107' 'destroyed']
 ['3' '301.6540439848302' 'marauded']
 ['1' '305.48663368756087' 'presentdestroyed']
 ['1' '315.7125207313332' 'present']
 ['0' '316.77136890002095' 'present']
 ['6' '330.75002021561926' 'present']
 ['3' '334.16962065687875' 'present']
 ['0' '339.53984729259076' 'present']
 ['1' '339.5618480515542' 'present']
 ['8' '340.4306531372672' 'marauded']
 ['1' '341.1994466427103' 'presentdestroyed']
 ['0' '341.2217077047907' 'destroyed']
 ['6' '342.1414972416394' 'presentdestroyed']
 ['8' '343.1549972279229' 'presentdestroyed']
 ['0' '343.825833521393' 'presentdestroyed']
 ['8' '351.22439040197776' 'present']
 ['0' '351.22837124582065' 'present']
 ['0' '353.88276995112386' 'marauded']]","[['F6' '53.809153853384196' 'mated']
 ['F71' '72.50107020230551' 'mated']
 ['F52' '77.78589370510072' 'mated']
 ['F4' '98.64321114412894' 'absent']
 ['F69' '106.89318624090673' 'destroyed']
 ['F48' '107.89443950369531' 'destroyed']
 ['F13' '108.76942524720434' 'absentdestroyed']
 ['F13' '108.77828734703013' 'absentdestroyed']
 ['F70' '166.20609509703894' 'mated']
 ['F44' '174.10254121084654' 'mated']
 ['F36' '207.64964823832915' 'destroyed']
 ['F36' '207.65427786795877' 'destroyed']
 ['F28' '229.92935953369545' 'mated']
 ['F72' '237.58550672000814' 'mated']
 ['F55' '275.22614882021304' 'destroyed']]",200.0,100.0,575.0,74.23449027650548,15.988732074420925,1278.0,212.12030981078817,44.676472837663674,416.0,72.15750579752394,15.44086140712196,13.0,1.3,0.13000000000000006,57.0,0.32141855032959665,0.001864711934156377
8,0.054,14,360.0296544911329,"[['5' '5.336245955490723' 'present']
 ['1' '7.006809973307492' 'present']
 ['1' '12.533887931766264' 'present']
 ['6' '17.914696004790667' 'present']
 ['5' '23.314433392762616' 'present']
 ['5' '32.752011944336736' 'present']
 ['6' '45.098506654936386' 'present']
 ['1' '48.10561895006593' 'present']
 ['0' '71.59625061179062' 'present']
 ['5' '72.9287540932906' 'present']
 ['0' '77.70479572345677' 'marauded']
 ['0' '79.12288682653669' 'presentdestroyed']
 ['3' '81.26351739066878' 'presentdestroyed']
 ['6' '87.00117068240334' 'present']
 ['0' '87.75253489976429' 'present']
 ['0' '97.93923767052512' 'present']
 ['1' '98.70551979261741' 'present']
 ['5' '103.8178121924416' 'present']
 ['3' '109.4705746496254' 'present']
 ['3' '115.56631920510334' 'present']
 ['5' '118.74972671543955' 'present']
 ['7' '133.2060912191032' 'present']
 ['1' '137.07261671808072' 'present']
 ['7' '137.75965298974924' 'present']
 ['1' '139.3199898838421' 'marauded']
 ['6' '142.3862376544632' 'presentdestroyed']
 ['0' '157.438138006044' 'present']
 ['6' '159.85640664138722' 'present']
 ['5' '161.21439961522248' 'present']
 ['0' '163.7268848930618' 'present']
 ['6' '170.9860479467006' 'present']
 ['0' '193.99572938951354' 'present']
 ['4' '194.8818755720526' 'marauded']
 ['4' '208.75103141602835' 'present']
 ['5' '209.2548671014949' 'present']
 ['1' '212.43066475266656' 'present']
 ['7' '224.5477913743443' 'present']
 ['7' '230.75456815694068' 'present']
 ['3' '234.59916150952085' 'present']
 ['4' '257.5475656873896' 'present']
 ['7' '259.6617872087504' 'marauded']
 ['5' '277.9882576738964' 'present']
 ['6' '280.3636887346442' 'present']
 ['4' '283.31504790619323' 'present']
 ['1' '286.49678902196456' 'present']
 ['4' '294.1962103577801' 'present']
 ['1' '299.3476514694924' 'present']
 ['0' '302.65125410902874' 'marauded']
 ['0' '302.7578013940398' 'presentdestroyed']
 ['3' '316.32231412544115' 'present']
 ['1' '328.0054145033769' 'present']
 ['7' '331.37238926836244' 'present']
 ['0' '335.54391852831964' 'present']
 ['1' '340.8543762435571' 'present']
 ['6' '345.8126550014373' 'present']
 ['1' '359.9415189788006' 'present']]","[['F6' '53.80683903856938' 'absent']
 ['F29' '59.63499676379333' 'mated']
 ['F52' '77.78357889028591' 'absentdestroyed']
 ['F15' '104.41370396462844' 'mated']
 ['F48' '107.90002796101561' 'mated']
 ['F13' '108.77597253221532' 'absent']
 ['F13' '120.78060216184494' 'absent']
 ['F46' '123.78648651151909' 'mated']
 ['F77' '126.8384559617648' 'mated']
 ['F49' '128.51428683525228' 'mated']
 ['F18' '167.04980048307158' 'mated']
 ['F33' '180.14301660067844' 'mated']
 ['F12' '185.06078087366652' 'mated']
 ['F40' '189.27198142470556' 'mated']
 ['F58' '210.3790597439522' 'mated']
 ['F45' '248.8573110180732' 'mated']
 ['F73' '273.17232626693556' 'mated']
 ['F76' '341.12039405595084' 'mated']]",200.0,200.0,572.0,71.59157986393897,14.625649285447157,1488.0,256.04422230466594,54.763136902114226,175.0,30.56152418223476,6.672169341484012,14.0,1.4000000000000001,0.14000000000000007,80.0,0.4470765856246477,0.0025720164609053494
