id,probability_maraud,successful_mating,next_foraging_time,mar_attempts,mate_attempts,x_pos,y_pos,foraging_events,foraging_hrs,foraging_sqhrs,staying_events,staying_hrs,staying_sqhrs,repairing_events,repairing_hrs,repairing_sqhrs,marauding_events,marauding_hrs,marauding_sqhrs,traveling_events,traveling_hrs,traveling_sqhrs
0,0.0,11,360.4883597301308,[['21' '223.69260223699345' 'present']],"[['F158' '44.646439640100105' 'mated']
 ['F181' '129.00079412638945' 'mated']
 ['F95' '131.1146093116132' 'mated']
 ['F8' '133.28836798388636' 'mated']
 ['F179' '156.3261258651374' 'mated']
 ['F110' '161.9481292623031' 'mated']
 ['F175' '189.64693889039657' 'mated']
 ['F84' '190.4590996228253' 'mated']
 ['F208' '301.72203825825596' 'mated']
 ['F190' '326.9073473148302' 'mated']
 ['F116' '342.43780926100817' 'mated']]",0.0,0.0,563.0,71.51430524574309,15.072352789478519,1738.0,288.57332341969345,60.91403405782698,0.0,0.0,0.0,0.0,0.0,0.0,0.0,0.0,0.0
1,0.0,6,360.2279089368873,"[['21' '2.198542418451965' 'marauded']
 ['21' '5.026782993536596' 'destroyed']
 ['21' '10.546280483453504' 'present']
 ['21' '94.54182266024775' 'present']
 ['21' '96.96282299010616' 'present']
 ['21' '115.38194275633471' 'present']
 ['21' '149.0883342948559' 'present']
 ['21' '160.58972398486662' 'present']
 ['21' '183.73350578116032' 'present']
 ['21' '186.1105668606666' 'marauded']
 ['21' '189.5252525921703' 'destroyed']
 ['21' '190.56606371018577' 'presentdestroyed']
 ['21' '198.672242412837' 'present']
 ['21' '210.5330793321148' 'present']
 ['21' '213.55276778566204' 'present']
 ['21' '244.06877772992027' 'present']
 ['21' '276.24199280034173' 'present']
 ['21' '282.76124978578196' 'present']
 ['21' '293.66607930576004' 'present']
 ['21' '306.37408942577065' 'present']
 ['21' '312.1659462561564' 'marauded']
 ['21' '315.90375730644564' 'presentdestroyed']
 ['21' '331.340662722844' 'present']]","[['F105' '34.698000538174156' 'mated']
 ['F41' '100.2430015984182' 'mated']
 ['F23' '140.7166305303146' 'mated']
 ['F44' '177.37371841123758' 'mated']
 ['F134' '188.58020424471843' 'destroyed']
 ['F84' '190.43595147467715' 'destroyed']
 ['F128' '196.44424901339212' 'mated']
 ['F177' '206.61796621723667' 'mated']]",0.0,1000.0,569.0,70.42262349971185,14.756755531663643,1607.0,271.1450028168551,57.92549739970376,105.0,18.5225283690253,4.0331470945091565,0.0,0.0,0.0,0.0,0.0,0.0
2,0.0,9,360.5161946695964,[['21' '341.27544035072356' 'marauded']],"[['F71' '83.03305319322276' 'mated']
 ['F69' '90.56626534656742' 'mated']
 ['F134' '188.60335239286658' 'mated']
 ['F100' '202.9958967128346' 'mated']
 ['F182' '212.1212124859498' 'mated']
 ['F119' '216.80669511905677' 'mated']
 ['F91' '233.38785074046302' 'mated']
 ['F55' '253.6356130495153' 'mated']
 ['F9' '304.653793320835' 'mated']]",0.0,2000.0,580.0,71.96234269081441,15.109032189295288,1705.0,281.81805753028056,59.278908756306514,36.0,6.301792364207869,1.4425899069702126,0.0,0.0,0.0,0.0,0.0,0.0
3,0.0,12,360.0496492996743,[],"[['F47' '33.8853112822289' 'mated']
 ['F39' '41.85944084054449' 'mated']
 ['F79' '46.857736768740544' 'mated']
 ['F87' '81.18322737088421' 'mated']
 ['F10' '116.75456174515296' 'mated']
 ['F62' '162.40527043680697' 'mated']
 ['F167' '189.27588550297432' 'mated']
 ['F73' '195.3327864744916' 'absent']
 ['F184' '228.4385309963956' 'mated']
 ['F197' '230.1507096953097' 'mated']
 ['F154' '239.77930947273884' 'mated']
 ['F113' '244.09051090964886' 'mated']
 ['F188' '311.15771735939677' 'mated']]",0.0,3000.0,573.0,71.94409452465007,14.997088587830293,1715.0,288.0771191848252,61.68798028911971,0.0,0.0,0.0,0.0,0.0,0.0,0.0,0.0,0.0
4,0.0,4,360.1107862857598,[],"[['F206' '43.917828756169705' 'absent']
 ['F121' '61.41016575055168' 'mated']
 ['F61' '93.80713541284543' 'mated']
 ['F19' '99.04250777669151' 'mated']
 ['F152' '107.32025810627502' 'absent']
 ['F8' '133.2652198357382' 'absent']
 ['F186' '198.9215962564021' 'absent']
 ['F50' '315.51073535571504' 'mated']]",1000.0,0.0,572.0,70.84067777982072,14.744599252874405,1694.0,289.1642406725121,62.230223116198594,0.0,0.0,0.0,0.0,0.0,0.0,0.0,0.0,0.0
5,0.0,7,360.74942889608275,[],"[['F105' '34.67485239002601' 'absent']
 ['F138' '63.845382095191454' 'mated']
 ['F27' '65.65096313825605' 'mated']
 ['F183' '146.88630614744181' 'absent']
 ['F187' '148.56515875382513' 'mated']
 ['F104' '164.2746799782236' 'mated']
 ['F134' '188.55705609657028' 'absent']
 ['F103' '213.0032711460636' 'mated']
 ['F215' '239.5821172940517' 'mated']
 ['F5' '306.1351764533293' 'mated']]",1000.0,1000.0,573.0,72.76500806520914,14.911914462404182,1690.0,287.4754829102317,61.53717769955068,0.0,0.0,0.0,0.0,0.0,0.0,0.0,0.0,0.0
6,0.0,6,360.24837249817176,"[['10' '2.093773911064291' 'present']
 ['10' '21.461543740600064' 'marauded']
 ['10' '29.45690425344924' 'present']
 ['10' '37.280845880565415' 'present']
 ['10' '56.88518660861376' 'marauded']
 ['10' '85.03172971332887' 'present']
 ['10' '140.70131427826138' 'present']
 ['10' '154.31000060785297' 'present']
 ['10' '159.4430075909577' 'present']
 ['10' '205.70884057538308' 'present']
 ['10' '219.64882295422169' 'present']
 ['10' '224.55856342891238' 'present']
 ['10' '225.331799137386' 'marauded']
 ['10' '245.17126677625055' 'present']
 ['10' '276.20012073379206' 'marauded']
 ['10' '309.2976014989079' 'present']]","[['F205' '24.808906471801915' 'destroyed']
 ['F138' '63.82223394704331' 'destroyed']
 ['F132' '111.58587301277176' 'mated']
 ['F164' '135.4926279052961' 'mated']
 ['F183' '146.90945429558997' 'mated']
 ['F54' '162.50685233753114' 'mated']
 ['F134' '188.53390794842213' 'absent']
 ['F26' '203.44194883204455' 'mated']
 ['F89' '221.8409762464658' 'mated']]",1000.0,2000.0,573.0,71.11868680602015,14.936672944940746,1542.0,264.58768544324056,56.81857812768389,142.0,24.381243066607155,5.280543969166304,0.0,0.0,0.0,0.0,0.0,0.0
7,0.0,11,360.3744246674962,[['10' '31.86485518127253' 'present']],"[['F47' '33.86216313408075' 'absent']
 ['F49' '54.62215247926087' 'mated']
 ['F11' '64.61387375333317' 'mated']
 ['F7' '98.96210686908054' 'mated']
 ['F68' '100.07410420057873' 'mated']
 ['F65' '103.73093690339687' 'mated']
 ['F170' '177.20252040896432' 'mated']
 ['F146' '208.82851754804872' 'mated']
 ['F141' '225.58476007248902' 'mated']
 ['F176' '258.1700382481576' 'mated']
 ['F21' '275.32040482246737' 'mated']
 ['F6' '317.3187555120385' 'mated']]",1000.0,3000.0,568.0,68.95802813924729,13.369527292322205,1720.0,291.15425148106993,61.85093151136107,0.0,0.0,0.0,0.0,0.0,0.0,0.0,0.0,0.0
8,0.0,7,360.29725949438574,[],"[['F206' '43.94097690431785' 'absent']
 ['F152' '107.34340625442317' 'mated']
 ['F107' '170.47686259771396' 'mated']
 ['F212' '184.99624798167906' 'mated']
 ['F99' '196.16971962211758' 'mated']
 ['F186' '198.94474440455025' 'mated']
 ['F46' '225.5415683373617' 'mated']
 ['F120' '339.62720429263004' 'mated']]",2000.0,0.0,568.0,69.58109739121392,13.91830015571211,1709.0,290.52365177563615,61.398567173904766,0.0,0.0,0.0,0.0,0.0,0.0,0.0,0.0,0.0
9,0.0,11,360.374116031378,"[['10' '23.49119586134512' 'present']
 ['10' '23.537492157641417' 'present']
 ['10' '26.01199287877844' 'present']
 ['10' '28.661823346078165' 'present']
 ['10' '30.9140586326479' 'present']
 ['10' '52.174025860681596' 'present']
 ['10' '63.38620591838044' 'present']
 ['10' '68.46905378545887' 'present']
 ['10' '73.49631192615732' 'present']
 ['10' '84.57723399716997' 'present']
 ['10' '132.28585814461087' 'present']
 ['10' '141.38988175397287' 'present']
 ['10' '160.48377057603307' 'present']
 ['10' '186.4404960747241' 'present']
 ['14' '189.9106590445467' 'present']
 ['10' '209.856627443955' 'marauded']
 ['10' '211.0945958740217' 'presentdestroyed']
 ['10' '217.0049067648165' 'presentdestroyed']
 ['10' '218.77047246441387' 'marauded']
 ['10' '244.9912515506612' 'present']
 ['10' '249.73175551039566' 'marauded']
 ['10' '252.29602320740887' 'presentdestroyed']
 ['10' '255.26931948756499' 'destroyed']
 ['10' '287.0357453304134' 'present']
 ['10' '293.4551208464119' 'present']
 ['10' '328.26894573450977' 'present']
 ['10' '342.7032520758124' 'marauded']
 ['10' '355.96839834258964' 'present']
 ['10' '358.86766893429035' 'present']]","[['F115' '0.3587242698752917' 'mated']
 ['F131' '77.86660454773957' 'absent']
 ['F131' '77.91290084403587' 'absent']
 ['F52' '131.33995397580037' 'mated']
 ['F30' '174.94086752264138' 'mated']
 ['F140' '201.53974991894808' 'mated']
 ['F215' '239.51267284960724' 'absent']
 ['F215' '239.55896914590355' 'absent']
 ['F51' '248.37419785194857' 'mated']
 ['F162' '262.4782775332768' 'mated']
 ['F195' '270.0866810602566' 'mated']
 ['F38' '276.46108520448814' 'mated']
 ['F161' '306.3644668775464' 'mated']
 ['F63' '333.2545296055838' 'mated']
 ['F124' '339.2856607329704' 'mated']]",2000.0,1000.0,570.0,70.0313703940626,13.688053812641702,1555.0,265.4816224196163,57.45333024861229,158.0,24.543728058145454,4.761626098027333,0.0,0.0,0.0,0.0,0.0,0.0
10,0.054,8,360.44573859497524,"[['14' '39.93616748734962' 'present']
 ['14' '41.0016488800883' 'marauded']
 ['14' '84.1577387976675' 'present']
 ['14' '117.9878611671432' 'present']
 ['14' '133.58731471781505' 'present']
 ['14' '146.95217722168107' 'present']
 ['14' '196.10438776719465' 'present']
 ['14' '198.76255995309722' 'present']
 ['14' '212.82265139524318' 'present']
 ['14' '215.48375861610333' 'present']
 ['14' '263.34980556353526' 'present']
 ['14' '289.0730334834135' 'present']
 ['14' '304.31961371636146' 'present']
 ['14' '305.88473485976954' 'present']
 ['14' '330.9118130272189' 'present']
 ['14' '332.06774279733133' 'marauded']
 ['14' '337.1441686801114' 'presentdestroyed']
 ['14' '356.4042441807564' 'present']]","[['F205' '24.832054619950064' 'mated']
 ['F20' '79.26280096448848' 'mated']
 ['F108' '140.92862181295033' 'mated']
 ['F77' '174.44595202407564' 'mated']
 ['F214' '189.61902468571589' 'absent']
 ['F209' '223.63667959267318' 'mated']
 ['F215' '239.5358209977554' 'absent']
 ['F213' '272.1503509502107' 'mated']
 ['F144' '273.1161816588626' 'mated']
 ['F94' '287.47086833388653' 'mated']
 ['F150' '312.03370293972046' 'absent']]",2000.0,2000.0,548.0,75.09901298540088,16.863093793107424,1583.0,267.2095861901196,57.21266081578197,75.0,12.331960503159076,2.658631983936749,13.0,1.3,0.13000000000000006,93.0,4.363085216996265,0.2057613168724276
11,0.0,11,360.56616282596576,"[['10' '84.40104865774885' 'present']
 ['10' '85.24930090540889' 'present']
 ['10' '100.4208191897741' 'marauded']
 ['10' '120.95141197289641' 'present']
 ['10' '130.84592861044607' 'present']
 ['10' '143.45821695829582' 'present']
 ['14' '160.37880055209828' 'present']
 ['14' '233.8509093894532' 'marauded']
 ['10' '234.57684807101128' 'destroyed']
 ['10' '240.40343973890708' 'presentdestroyed']
 ['10' '243.69827047716302' 'present']
 ['10' '258.81239201601005' 'present']
 ['10' '273.0348494703022' 'present']
 ['10' '289.69508810069874' 'present']
 ['10' '291.8308322685404' 'present']
 ['10' '292.41118779445685' 'present']
 ['10' '292.6170916308909' 'present']
 ['10' '292.78070159606546' 'present']
 ['10' '311.384187066413' 'present']
 ['10' '315.1710979815738' 'present']
 ['10' '323.74208376622994' 'present']]","[['F81' '57.98152681954924' 'mated']
 ['F60' '199.12944962241818' 'mated']
 ['F42' '215.67686255697356' 'mated']
 ['F194' '218.37140948280322' 'mated']
 ['F46' '225.51842018921354' 'absent']
 ['F157' '231.19869968686817' 'mated']
 ['F129' '248.79801082359782' 'mated']
 ['F174' '253.77045766465335' 'mated']
 ['F203' '256.20582376206954' 'mated']
 ['F173' '289.79260071758694' 'mated']
 ['F31' '311.78333610167203' 'mated']
 ['F200' '318.7759055524075' 'mated']]",2000.0,3000.0,564.0,73.37127475345069,16.037866250006555,1650.0,274.41732374810874,58.43915035298694,74.0,12.282150221054206,2.5045801547927233,0.0,0.0,0.0,0.0,0.0,0.0
12,0.0,8,359.9975975318821,[['19' '323.905048269893' 'marauded']],"[['F206' '43.964125052465995' 'mated']
 ['F210' '91.71917473512869' 'mated']
 ['F33' '114.1202857423742' 'mated']
 ['F163' '139.58756094182058' 'mated']
 ['F30' '174.90813109758645' 'absent']
 ['F99' '196.14657147396943' 'absent']
 ['F80' '201.5797911899177' 'absent']
 ['F169' '215.34150849996524' 'mated']
 ['F207' '227.10988003884336' 'absent']
 ['F211' '271.74923910415725' 'mated']
 ['F117' '298.4860580831281' 'mated']
 ['F191' '299.1636444729532' 'mated']]",3000.0,0.0,558.0,69.6567438626884,14.319377433278781,1652.0,284.3562162247864,60.953190217701795,34.0,6.164859152584495,1.451340407082075,0.0,0.0,0.0,0.0,0.0,0.0
13,0.0,7,360.40516437074746,"[['14' '10.163644170626135' 'present']
 ['14' '81.51051594682868' 'present']
 ['14' '91.21344927014906' 'marauded']
 ['14' '133.54101842151874' 'present']
 ['14' '136.45207247583247' 'marauded']
 ['10' '163.14299822317392' 'present']
 ['14' '178.58683806839105' 'present']
 ['14' '189.96654361774978' 'present']
 ['14' '194.86457171655812' 'present']
 ['14' '196.90378638908268' 'present']
 ['14' '236.18905967427645' 'present']
 ['14' '244.36228325848515' 'present']
 ['14' '247.05244799117114' 'present']
 ['14' '281.5308950067848' 'present']
 ['14' '301.31108922725156' 'present']
 ['14' '324.8715076131211' 'present']
 ['14' '333.8780551224978' 'marauded']
 ['14' '346.5530788699122' 'present']]","[['F70' '57.25620760289063' 'absent']
 ['F131' '77.88975269588772' 'absent']
 ['F131' '77.93604899218403' 'mated']
 ['F210' '91.69602658698054' 'destroyed']
 ['F109' '114.13631747941686' 'absent']
 ['F82' '135.71152155414507' 'mated']
 ['F163' '139.56441279367243' 'destroyed']
 ['F106' '144.80027304011728' 'mated']
 ['F193' '162.47337731206667' 'mated']
 ['F43' '254.15130083269182' 'mated']
 ['F195' '270.0635329121084' 'absent']
 ['F161' '306.34131872939827' 'absent']
 ['F118' '309.266060078397' 'mated']
 ['F147' '313.9814879421807' 'mated']]",3000.0,1000.0,568.0,73.30691163600582,15.701008505840647,1584.0,268.49178675515714,58.01205765105756,114.0,18.32755682992396,3.7020817339063026,0.0,0.0,0.0,0.0,0.0,0.0
14,0.054,13,360.3862276026111,"[['10' '6.61636448934692' 'present']
 ['10' '17.745496180990873' 'marauded']
 ['10' '54.37220580510332' 'present']
 ['10' '56.342400578923154' 'present']
 ['10' '82.16040172077945' 'present']
 ['10' '93.14043880536308' 'present']
 ['10' '97.55455242697359' 'present']
 ['10' '108.17422555440326' 'present']
 ['10' '111.14374062957656' 'present']
 ['10' '129.67106107685294' 'present']
 ['10' '136.85707483638976' 'marauded']
 ['10' '137.55541334236108' 'presentdestroyed']
 ['10' '167.412226985295' 'marauded']
 ['10' '210.65123163933566' 'present']
 ['10' '213.14427193455066' 'present']
 ['10' '217.51514101462942' 'present']
 ['10' '228.4863090793044' 'present']
 ['10' '232.98818810511563' 'present']
 ['10' '243.74456677345933' 'present']
 ['10' '254.90689497369544' 'present']
 ['10' '255.4207668623897' 'present']
 ['10' '255.72361389696934' 'marauded']
 ['10' '271.24553750734185' 'present']
 ['10' '276.9049320834987' 'present']
 ['10' '286.04379500165714' 'present']
 ['10' '309.6611600577352' 'present']
 ['10' '323.8947767326721' 'present']]","[['F53' '112.22283064749504' 'mated']
 ['F109' '114.15946562756501' 'mated']
 ['F58' '135.24726767987113' 'mated']
 ['F40' '149.098144530077' 'mated']
 ['F77' '174.42280387592749' 'absentdestroyed']
 ['F64' '183.5906129911664' 'absent']
 ['F64' '183.63690928746271' 'mated']
 ['F214' '189.64217283386404' 'absent']
 ['F125' '226.53892148991383' 'mated']
 ['F12' '244.79375979865281' 'mated']
 ['F28' '276.63100589339723' 'mated']
 ['F34' '301.50253226461126' 'mated']
 ['F149' '305.82368569135076' 'mated']
 ['F150' '312.0568510878686' 'mated']
 ['F147' '313.91204349773625' 'absent']
 ['F147' '313.95833979403255' 'absent']
 ['F66' '324.7407069301244' 'mated']
 ['F56' '337.454441172964' 'mated']]",3000.0,2000.0,574.0,70.93812140560438,15.070706812262115,1524.0,259.63929633219175,56.322569333701175,138.0,24.385344969551944,5.451741923818747,13.0,1.3,0.13000000000000006,82.0,3.853825957737003,0.1821844993141287
15,0.0,7,360.15791677769676,"[['19' '5.297731236661183' 'present']
 ['19' '7.281104439971015' 'present']
 ['19' '11.267468453121404' 'marauded']
 ['14' '14.593889506082444' 'presentdestroyed']
 ['14' '16.87300178694129' 'presentdestroyed']
 ['19' '21.392776935469296' 'present']
 ['19' '27.025609943729272' 'present']
 ['19' '45.61570953517875' 'present']
 ['14' '50.56913892174212' 'present']
 ['14' '67.02344574366622' 'present']
 ['14' '92.34759810720931' 'marauded']
 ['10' '101.08085339020626' 'present']
 ['19' '108.27390830702997' 'present']
 ['14' '113.81951328966133' 'present']
 ['19' '116.30357641309577' 'present']
 ['14' '119.085898583644' 'present']
 ['19' '125.69937715078335' 'present']
 ['19' '129.8042442740164' 'present']
 ['19' '142.4873661320077' 'marauded']
 ['19' '144.84587393987601' 'destroyed']
 ['14' '145.17774794282727' 'destroyed']
 ['14' '146.74342741743612' 'presentdestroyed']
 ['14' '147.76695856766375' 'presentdestroyed']
 ['14' '148.60780798884275' 'presentdestroyed']
 ['19' '166.51785170546958' 'present']
 ['19' '172.1369842128803' 'present']
 ['19' '175.40210962637468' 'present']
 ['19' '196.33375403479457' 'marauded']
 ['19' '198.10022249162674' 'presentdestroyed']
 ['14' '198.19212746110802' 'presentdestroyed']
 ['19' '199.5406124756973' 'presentdestroyed']
 ['19' '211.51501776013666' 'marauded']
 ['14' '216.559743927501' 'presentdestroyed']
 ['19' '230.9435150806132' 'marauded']
 ['19' '234.45980579816015' 'destroyed']
 ['19' '237.87974187398112' 'presentdestroyed']
 ['14' '243.33183990123018' 'present']
 ['19' '243.9139861294504' 'present']
 ['19' '246.40902453553667' 'present']
 ['14' '255.7440620834329' 'present']
 ['19' '269.39369813358337' 'present']
 ['19' '273.29322533244175' 'present']
 ['19' '276.62734270657546' 'present']
 ['14' '295.09557071931073' 'marauded']
 ['19' '299.416996976803' 'presentdestroyed']
 ['19' '303.59975026956863' 'present']
 ['14' '329.32812248454894' 'present']
 ['14' '332.02144650103503' 'present']
 ['19' '342.7463256029607' 'present']
 ['14' '355.67496556781424' 'present']]","[['F53' '112.19968249934689' 'absent']
 ['F101' '125.08238943129916' 'mated']
 ['F178' '129.03148679619704' 'mated']
 ['F196' '220.66008892232355' 'mated']
 ['F207' '227.0867318906952' 'absent']
 ['F207' '227.1330281869915' 'mated']
 ['F157' '231.17555153872001' 'destroyed']
 ['F2' '246.39949054891412' 'mated']
 ['F180' '259.4080776345101' 'mated']
 ['F173' '289.7694525694388' 'absent']
 ['F29' '291.2504327155893' 'absent']
 ['F117' '298.46290993497996' 'destroyed']
 ['F31' '311.7601879535239' 'absent']
 ['F143' '317.7711374529881' 'mated']]",3000.0,3000.0,569.0,69.81366581551934,14.13028917246415,1466.0,247.90927319374302,53.258511636903926,258.0,42.57067463423331,9.067481857401086,0.0,0.0,0.0,0.0,0.0,0.0
16,0.0,15,359.9106655160469,"[['19' '62.42138284802987' 'present']
 ['19' '117.3263783006012' 'present']
 ['19' '122.97604511161023' 'present']
 ['19' '221.00402316726877' 'present']
 ['19' '262.35444488476077' 'present']
 ['19' '276.3675558707265' 'present']
 ['19' '297.88287386290904' 'present']
 ['19' '298.41740626643815' 'present']
 ['19' '329.1513876789317' 'marauded']
 ['19' '331.2312136891723' 'presentdestroyed']
 ['19' '335.4135290735833' 'presentdestroyed']
 ['19' '339.9316966884455' 'present']]","[['F159' '30.78237426577618' 'mated']
 ['F165' '42.36358753111406' 'mated']
 ['F139' '73.76541409641564' 'mated']
 ['F13' '99.68211351187459' 'mated']
 ['F35' '148.4935373805422' 'mated']
 ['F135' '157.06838188625477' 'mated']
 ['F148' '188.06655454956112' 'mated']
 ['F92' '193.54018629080966' 'absent']
 ['F80' '201.60293933806585' 'mated']
 ['F4' '206.92504752761081' 'mated']
 ['F189' '216.74191989946922' 'mated']
 ['F59' '225.05726063447474' 'mated']
 ['F137' '243.40874664301367' 'mated']
 ['F14' '264.2182319025136' 'mated']
 ['F17' '272.5649737354918' 'mated']
 ['F78' '276.68048251356794' 'mated']]",4000.0,0.0,581.0,70.13069700317013,13.907936698015252,1673.0,283.7900906717857,61.04656632125016,40.0,6.095547935229778,1.2214141563219663,0.0,0.0,0.0,0.0,0.0,0.0
17,0.0,16,360.11383456361926,"[['21' '12.560556888931897' 'present']
 ['21' '21.474896676520167' 'present']
 ['21' '29.11959082982343' 'present']
 ['21' '64.007508323268' 'present']
 ['21' '64.3582174412377' 'present']
 ['21' '66.31068038867083' 'marauded']
 ['21' '86.56469529196514' 'marauded']
 ['21' '108.47205245767725' 'present']
 ['21' '115.1230324234973' 'present']
 ['21' '122.92149960292689' 'present']
 ['21' '140.95882149730727' 'present']
 ['21' '184.32765751385088' 'present']
 ['21' '212.866800390925' 'marauded']
 ['21' '219.52982067437537' 'destroyed']
 ['21' '307.49370518035676' 'marauded']
 ['21' '312.31224255245274' 'presentdestroyed']
 ['21' '319.43663810798256' 'present']
 ['21' '324.6014127060327' 'present']
 ['21' '329.98332300141567' 'present']
 ['21' '354.25500267219286' 'present']]","[['F199' '46.08913610968596' 'absent']
 ['F25' '47.02348328024892' 'mated']
 ['F70' '57.27935575103878' 'mated']
 ['F97' '76.06171251584331' 'mated']
 ['F201' '77.0438391673342' 'mated']
 ['F85' '79.16724033039065' 'absent']
 ['F85' '79.21353662668696' 'absent']
 ['F210' '91.67287843883238' 'destroyed']
 ['F151' '117.69679565418336' 'mated']
 ['F185' '121.98606513231199' 'mated']
 ['F114' '130.97794249488163' 'mated']
 ['F75' '171.21291882313523' 'mated']
 ['F88' '199.3990093071323' 'mated']
 ['F74' '202.7100268670565' 'mated']
 ['F59' '225.00137606127166' 'absent']
 ['F67' '226.23194212577914' 'mated']
 ['F48' '226.73641066289747' 'mated']
 ['F16' '234.16802844654825' 'mated']
 ['F156' '245.40760258902378' 'mated']
 ['F172' '269.83316692159303' 'mated']
 ['F130' '347.6360903900952' 'mated']]",4000.0,1000.0,570.0,66.47868437514857,12.80296184888037,1598.0,269.2008525663762,58.24743501277658,136.0,24.501106184385808,5.539793865916152,0.0,0.0,0.0,0.0,0.0,0.0
18,0.0,6,360.3061123783086,"[['19' '6.6136537106639395' 'present']
 ['19' '9.45208195134652' 'present']
 ['14' '17.713511526562005' 'marauded']
 ['14' '26.99597213124997' 'present']
 ['19' '58.67457172228515' 'present']
 ['14' '62.23261180985946' 'present']
 ['19' '79.44621316698452' 'present']
 ['19' '86.44425943821665' 'present']
 ['19' '97.73457464900534' 'present']
 ['14' '103.07945278377241' 'present']
 ['14' '108.05171363529351' 'present']
 ['19' '118.40502248363528' 'present']
 ['14' '119.03960228734769' 'present']
 ['14' '119.58549697899896' 'marauded']
 ['19' '132.16170882983178' 'marauded']
 ['14' '150.6505674422809' 'present']
 ['14' '165.58620595764287' 'present']
 ['19' '174.45867857245156' 'marauded']
 ['19' '175.448405922671' 'presentdestroyed']
 ['14' '179.04614578897764' 'destroyed']
 ['14' '182.76898959771725' 'marauded']
 ['14' '189.06800511250054' 'presentdestroyed']
 ['14' '191.54608770584485' 'present']
 ['14' '205.96491790350055' 'present']
 ['14' '222.662495256351' 'present']
 ['14' '229.34328299353984' 'present']
 ['19' '234.00022719766383' 'present']
 ['14' '235.5594787165182' 'marauded']
 ['14' '250.23516905328708' 'present']
 ['14' '266.5878772627319' 'present']
 ['14' '270.05156255319446' 'present']
 ['19' '275.4620863937971' 'marauded']
 ['14' '282.9704811997145' 'present']
 ['19' '297.92917015920534' 'present']
 ['19' '297.97546645550165' 'present']
 ['19' '302.99931676560084' 'present']
 ['19' '306.41582501956566' 'present']
 ['14' '307.81180788591746' 'marauded']
 ['19' '308.91604311268156' 'presentdestroyed']
 ['14' '320.29385213854096' 'present']
 ['19' '325.0278476891085' 'present']
 ['19' '331.2775099854686' 'marauded']
 ['14' '335.6947514233802' 'presentdestroyed']
 ['19' '339.85124778205846' 'present']
 ['19' '346.73656395283945' 'present']
 ['19' '349.1541564980629' 'present']
 ['14' '355.72126186411055' 'present']
 ['19' '356.7750381425065' 'present']]","[['F22' '41.18138724589135' 'absent']
 ['F85' '79.23668477483511' 'mated']
 ['F192' '112.93548291824963' 'absent']
 ['F1' '149.83219588290504' 'mated']
 ['F32' '164.68060047105752' 'mated']
 ['F77' '174.39965572777933' 'absent']
 ['F64' '183.61376113931456' 'destroyed']
 ['F214' '189.6653209820122' 'absentdestroyed']
 ['F67' '226.208793977631' 'absent']
 ['F72' '255.4278838138337' 'mated']
 ['F112' '303.36991439425833' 'mated']
 ['F147' '313.9351916458844' 'destroyed']
 ['F145' '331.04642113534123' 'mated']]",4000.0,2000.0,557.0,71.93774722544333,15.58292228360143,1382.0,233.55023025334782,50.251779323006325,328.0,54.65917780414793,11.734764911483236,0.0,0.0,0.0,0.0,0.0,0.0
19,0.054,11,360.2755121675788,[],"[['F0' '37.599380629854764' 'mated']
 ['F25' '46.94445055889769' 'absent']
 ['F153' '72.40769308645544' 'mated']
 ['F192' '112.95863106639779' 'mated']
 ['F57' '139.5697890744657' 'mated']
 ['F18' '140.71167491257793' 'mated']
 ['F77' '174.37650757963118' 'absent']
 ['F92' '193.60963073525411' 'mated']
 ['F202' '197.7922834268682' 'mated']
 ['F98' '208.97846342250918' 'mated']
 ['F136' '264.8277663791368' 'mated']
 ['F29' '291.27358086373744' 'mated']
 ['F45' '299.6347605214474' 'mated']]",4000.0,3000.0,575.0,71.16229778331409,14.978164274099193,1699.0,282.9679081963323,59.8540144176204,0.0,0.0,0.0,14.0,1.4000000000000001,0.14000000000000007,97.0,4.529093848367883,0.21219135802469097
20,0.0,7,359.75453923783977,"[['19' '8.277261504155156' 'present']
 ['21' '26.32733633298481' 'present']
 ['21' '32.94284735465636' 'marauded']
 ['21' '61.96509999853845' 'present']
 ['21' '84.61317477644539' 'present']
 ['21' '87.01137996413634' 'present']
 ['21' '90.82933558630079' 'present']
 ['21' '109.8383687464372' 'marauded']
 ['21' '118.31924482936755' 'present']
 ['21' '118.44068313831592' 'present']
 ['21' '126.02770494229715' 'present']
 ['21' '127.64619396265242' 'present']
 ['21' '150.01115351445364' 'present']
 ['21' '157.98813548004048' 'present']
 ['21' '169.13648026612026' 'present']
 ['21' '171.55843856928053' 'present']
 ['21' '192.1607808486487' 'present']
 ['21' '195.80681806825865' 'present']
 ['21' '197.70357123937438' 'present']
 ['21' '257.9809737922021' 'present']
 ['21' '259.19924588745687' 'marauded']
 ['21' '275.6396056463704' 'present']
 ['21' '286.77369030625107' 'present']
 ['21' '293.84070809679' 'present']
 ['21' '294.4401764349631' 'marauded']
 ['21' '307.29554939185357' 'present']
 ['21' '325.9512517021249' 'present']
 ['21' '328.39445554045557' 'marauded']]","[['F127' '5.497509105674075' 'mated']
 ['F153' '72.3749566614005' 'absent']
 ['F122' '85.30610145937712' 'mated']
 ['F13' '99.65896536372644' 'absent']
 ['F83' '118.61289477949828' 'mated']
 ['F76' '130.92285451101188' 'mated']
 ['F62' '162.35897414051067' 'absent']
 ['F133' '187.90383710009613' 'mated']
 ['F92' '193.5633344389578' 'absent']
 ['F128' '196.4115125883372' 'absent']
 ['F59' '225.0341124863266' 'absent']
 ['F93' '254.2864616132394' 'mated']
 ['F14' '264.19508375436544' 'destroyed']
 ['F111' '316.0067870692466' 'mated']]",5000.0,0.0,562.0,73.5200151198669,14.905364258970442,1512.0,256.2201529149838,55.71646439902771,169.0,30.362818125742777,6.720445254789852,0.0,0.0,0.0,0.0,0.0,0.0
21,0.054,7,360.074490721908,[],"[['F127' '5.474360957525927' 'absent']
 ['F199' '46.112284257834105' 'mated']
 ['F25' '47.00033513210077' 'absent']
 ['F85' '79.19038847853881' 'absent']
 ['F123' '98.85687524661827' 'mated']
 ['F168' '141.86139381870626' 'mated']
 ['F90' '155.87701774661804' 'mated']
 ['F160' '170.3597733135226' 'mated']
 ['F96' '261.99809118610614' 'mated']
 ['F126' '307.92266496673363' 'mated']]",5000.0,1000.0,566.0,71.0804288307871,14.420000493647464,1650.0,283.362762816092,61.288337129298895,0.0,0.0,0.0,15.0,1.5000000000000002,0.15000000000000008,92.0,4.2976123668863995,0.20147462277091874
22,0.0,5,360.1834834809825,"[['21' '14.121023157144089' 'present']
 ['21' '45.08398567913681' 'present']
 ['21' '86.12012770052166' 'present']
 ['21' '99.4647428106643' 'present']
 ['21' '107.49487755771571' 'present']
 ['21' '114.5032165404008' 'present']
 ['21' '126.65298555494023' 'marauded']
 ['21' '141.3626158500258' 'present']
 ['21' '212.2482553833551' 'present']
 ['21' '214.37593722595173' 'present']
 ['21' '239.77612347368952' 'present']
 ['21' '267.18946653809064' 'present']
 ['21' '273.7412065704869' 'present']
 ['21' '280.7381239275278' 'present']
 ['21' '295.8668749272928' 'marauded']
 ['21' '306.7006119826004' 'present']
 ['21' '337.05055736993006' 'present']
 ['21' '344.0911838349867' 'present']
 ['21' '346.1514509123461' 'present']
 ['21' '355.9712459785399' 'present']]","[['F22' '41.204535394039496' 'mated']
 ['F25' '46.97718698395263' 'absent']
 ['F142' '158.75886172368874' 'mated']
 ['F214' '189.68846913016034' 'mated']
 ['F37' '202.69592961864197' 'mated']
 ['F166' '240.10861151877347' 'mated']
 ['F3' '288.4780782216111' 'absent']]",5000.0,2000.0,570.0,73.2303711980181,16.05093673991358,1591.0,274.7200060196074,59.652142335057015,63.0,12.083162010824482,2.884608348136267,0.0,0.0,0.0,0.0,0.0,0.0
23,0.0,11,359.90601404070577,"[['19' '29.34321568724352' 'present']
 ['19' '75.36216803174287' 'present']
 ['19' '75.89310961219223' 'present']
 ['19' '115.89683581358995' 'present']
 ['19' '124.59276902893323' 'present']
 ['19' '148.97324832684743' 'present']
 ['19' '160.19448641315853' 'marauded']
 ['19' '171.38956269394973' 'marauded']
 ['19' '178.39824693799775' 'presentdestroyed']
 ['19' '196.14540415231477' 'present']
 ['19' '199.9511373029929' 'present']
 ['19' '218.97737835736555' 'present']
 ['19' '242.41448742754784' 'present']
 ['19' '243.8676898331541' 'present']
 ['19' '247.17469689610382' 'present']
 ['19' '256.8872671961529' 'present']
 ['19' '264.48052865141386' 'present']
 ['19' '266.14189664393115' 'present']
 ['19' '273.9148241219149' 'marauded']
 ['19' '283.73734590984475' 'present']
 ['19' '291.5231083894234' 'present']
 ['19' '297.83657756661273' 'present']
 ['19' '299.08341810371996' 'present']
 ['19' '300.6787456335018' 'present']
 ['19' '301.60548340334157' 'present']
 ['19' '324.2706065967025' 'present']
 ['19' '330.8173840037577' 'present']
 ['19' '330.863680300054' 'present']
 ['19' '333.9457549451088' 'present']
 ['19' '335.5613731099202' 'present']]","[['F86' '19.29187592283878' 'mated']
 ['F0' '37.57623248170662' 'absent']
 ['F15' '54.584333640176446' 'mated']
 ['F155' '141.4811981175538' 'mated']
 ['F62' '162.38212228865882' 'absentdestroyed']
 ['F171' '171.04026492399427' 'mated']
 ['F198' '184.27612402355896' 'mated']
 ['F133' '187.88068895194797' 'absent']
 ['F92' '193.58648258710596' 'absent']
 ['F36' '195.30850465103262' 'mated']
 ['F73' '195.35593462263975' 'mated']
 ['F102' '224.80495866996705' 'mated']
 ['F24' '241.02044412727656' 'mated']
 ['F3' '288.50122636975925' 'mated']
 ['F204' '300.41127909478973' 'mated']]",5000.0,3000.0,573.0,68.28743532511021,13.217027093661727,1609.0,273.533167121123,58.46349841832586,114.0,18.313181314061755,3.8855603300131327,0.0,0.0,0.0,0.0,0.0,0.0
