id,probability_maraud,successful_mating,next_foraging_time,mar_attempts,mate_attempts,x_pos,y_pos,foraging_events,foraging_hrs,foraging_sqhrs,staying_events,staying_hrs,staying_sqhrs,repairing_events,repairing_hrs,repairing_sqhrs,marauding_events,marauding_hrs,marauding_sqhrs,traveling_events,traveling_hrs,traveling_sqhrs
0,0.054,7,360.48337047075347,[],"[['F65' '84.47473619828168' 'absent']
 ['F210' '84.82242050221781' 'mated']
 ['F173' '130.7664423010616' 'mated']
 ['F200' '151.1468077323847' 'mated']
 ['F148' '176.05218701278474' 'mated']
 ['F121' '272.76780280453517' 'mated']
 ['F15' '274.95995821543806' 'mated']
 ['F52' '290.8649403035943' 'mated']
 ['F119' '295.3812688926413' 'absent']]",0.0,0.0,570.0,70.20086878724328,15.133524214643467,1691.0,284.4148438668207,60.49330529317269,0.0,0.0,0.0,13.0,1.3,0.13000000000000006,87.0,4.142837100659193,0.19933127572016432
1,0.0,10,360.35429771128963,"[['22' '1.6666400762849385' 'present']
 ['0' '32.351618407046736' 'present']
 ['0' '37.05221024449871' 'present']
 ['0' '44.617682559543034' 'present']
 ['0' '50.779031838376596' 'present']
 ['0' '52.48343673300709' 'present']
 ['0' '54.437556313030754' 'marauded']
 ['0' '89.4095603971538' 'present']
 ['0' '89.84030066987316' 'present']
 ['0' '93.34389028784933' 'present']
 ['0' '120.31693692973376' 'present']
 ['0' '149.08877808238984' 'present']
 ['0' '153.25096961507518' 'present']
 ['0' '178.0016487516637' 'present']
 ['0' '190.2093632169302' 'present']
 ['0' '194.23597739095644' 'present']
 ['0' '208.58865492753984' 'present']
 ['0' '218.95445591949596' 'present']
 ['0' '229.54305014429966' 'present']
 ['22' '231.42589490881667' 'present']
 ['0' '264.686214084526' 'present']
 ['0' '314.72440431235555' 'present']
 ['0' '327.5637849747674' 'present']
 ['0' '338.37198803830876' 'present']
 ['0' '338.62081399488426' 'present']]","[['F53' '67.91597689859974' 'mated']
 ['F10' '104.04521741746736' 'mated']
 ['F174' '124.53766103506902' 'mated']
 ['F84' '130.89016860052482' 'mated']
 ['F76' '160.4657762050426' 'mated']
 ['F203' '189.15388134926906' 'mated']
 ['F12' '192.45911437134595' 'absent']
 ['F155' '203.58943127517884' 'mated']
 ['F2' '216.67905448989845' 'mated']
 ['F74' '247.69189343926098' 'mated']
 ['F209' '290.5672486804503' 'mated']]",0.0,1000.0,569.0,70.68674323064526,14.922154002269387,1712.0,283.39311328117446,59.68954630949403,39.0,6.078323360998913,1.2231335408477082,0.0,0.0,0.0,0.0,0.0,0.0
2,0.0,15,360.07970985170147,"[['22' '69.64372175784793' 'marauded']
 ['22' '77.77572598879784' 'present']
 ['22' '92.0146996671296' 'marauded']
 ['22' '146.64626024149828' 'marauded']
 ['22' '147.16381055742153' 'presentdestroyed']
 ['22' '149.9001712709523' 'presentdestroyed']
 ['22' '216.5820698656247' 'present']
 ['22' '217.64632900878348' 'present']
 ['22' '224.40716376833697' 'present']
 ['22' '236.10301312011947' 'present']
 ['22' '236.23702504008875' 'present']
 ['22' '248.18121591241166' 'present']
 ['22' '274.97885204824195' 'present']
 ['22' '278.0799822281947' 'present']
 ['22' '298.1540907589551' 'present']
 ['22' '333.0450434096658' 'present']
 ['22' '337.553364115972' 'present']
 ['22' '344.12755081403054' 'present']
 ['22' '353.36956012583016' 'marauded']]","[['F44' '61.07417614414016' 'mated']
 ['F108' '71.0005284235522' 'destroyed']
 ['F136' '87.12695734810697' 'absent']
 ['F68' '101.27340889389795' 'mated']
 ['F10' '104.0220692693192' 'absent']
 ['F31' '107.60136373050726' 'mated']
 ['F23' '116.79302862779691' 'mated']
 ['F11' '118.34988130760786' 'mated']
 ['F132' '157.55822541127807' 'mated']
 ['F55' '187.22495915045303' 'mated']
 ['F12' '192.4822625194941' 'mated']
 ['F67' '198.63264897278415' 'mated']
 ['F144' '211.67376677195224' 'mated']
 ['F192' '219.6015486781105' 'mated']
 ['F77' '231.66803084859015' 'mated']
 ['F160' '242.26537418324438' 'mated']
 ['F113' '250.24152032702017' 'mated']
 ['F85' '292.3407584673462' 'absent']
 ['F103' '318.6765284794671' 'mated']]",0.0,2000.0,570.0,68.9535857171759,14.480631113962547,1575.0,267.82352825994394,57.658196984920295,130.0,23.289385083379457,5.390823287474443,0.0,0.0,0.0,0.0,0.0,0.0
3,0.0,11,360.1382860291384,"[['0' '13.441313478952067' 'present']
 ['0' '14.13593883587634' 'marauded']
 ['0' '46.46217545227369' 'present']
 ['0' '77.23211367755495' 'present']
 ['0' '108.5067949526039' 'present']
 ['0' '133.2355864975836' 'present']
 ['0' '134.4283651576623' 'marauded']
 ['0' '143.04825590628573' 'present']
 ['0' '145.77488511468192' 'present']
 ['0' '162.282820170559' 'marauded']
 ['0' '165.84870868912625' 'presentdestroyed']
 ['0' '175.21657029441164' 'present']
 ['0' '184.4245007939778' 'marauded']
 ['0' '196.83924505365' 'present']
 ['0' '218.22567039483152' 'marauded']
 ['0' '228.31736502769772' 'present']
 ['0' '263.3939344881702' 'present']
 ['0' '316.97263265692754' 'present']
 ['0' '335.2525504173818' 'marauded']
 ['0' '343.30464356238076' 'present']]","[['F170' '52.67088534540247' 'absent']
 ['F4' '66.55256083971523' 'mated']
 ['F108' '71.02367657170035' 'mated']
 ['F65' '84.49788434642983' 'mated']
 ['F191' '113.25365073933726' 'mated']
 ['F135' '142.82207146175918' 'mated']
 ['F129' '155.73306816432574' 'mated']
 ['F49' '173.6535088189508' 'mated']
 ['F34' '176.6768185538741' 'mated']
 ['F202' '177.37878964375747' 'mated']
 ['F120' '195.29987926016037' 'mated']
 ['F100' '198.49698928761535' 'mated']
 ['F125' '281.0233568779263' 'absent']]",0.0,3000.0,561.0,71.67826668271452,15.072869292149788,1474.0,251.63988967798866,55.01817488975291,234.0,36.80673664306183,7.498231286967971,0.0,0.0,0.0,0.0,0.0,0.0
4,0.0,10,360.0298134969061,"[['0' '14.991493446042615' 'marauded']
 ['0' '71.73382546322988' 'present']
 ['0' '86.42013978827787' 'present']
 ['0' '89.36326410085749' 'present']
 ['0' '91.84356511912137' 'marauded']
 ['0' '146.1825934381217' 'marauded']
 ['0' '158.21205013481134' 'present']
 ['0' '172.29993623778597' 'present']
 ['0' '175.26286659070794' 'present']
 ['0' '193.4428587307504' 'marauded']
 ['0' '196.4723984840887' 'presentdestroyed']
 ['0' '226.42762824500977' 'present']
 ['0' '231.41665358068738' 'present']
 ['0' '233.3990580013908' 'present']
 ['0' '235.00643976984557' 'present']
 ['0' '254.32303338462876' 'present']
 ['0' '261.36329749890626' 'marauded']
 ['0' '281.8212592006062' 'present']
 ['0' '289.0405407022792' 'present']
 ['0' '340.7779504524403' 'present']
 ['0' '346.13012845659046' 'present']
 ['0' '353.5433351659527' 'present']]","[['F41' '42.287192925172825' 'absent']
 ['F172' '108.529715725756' 'mated']
 ['F118' '115.62224538116415' 'mated']
 ['F39' '124.07706943551165' 'absent']
 ['F70' '124.30608406016752' 'mated']
 ['F116' '137.54864643126984' 'mated']
 ['F200' '151.12365958423655' 'destroyed']
 ['F207' '156.59019797178885' 'mated']
 ['F159' '168.8921708470662' 'mated']
 ['F208' '178.6080012791896' 'mated']
 ['F24' '198.30484790305644' 'destroyed']
 ['F71' '211.72418093160022' 'mated']
 ['F63' '236.5945655582494' 'mated']
 ['F13' '280.2810215744365' 'absent']
 ['F151' '315.85807206658586' 'mated']]",1000.0,0.0,572.0,73.39150601802044,15.59558254789374,1527.0,256.30401232286977,54.74513408561126,174.0,30.376205442488732,6.551597850975903,0.0,0.0,0.0,0.0,0.0,0.0
5,0.0,5,360.3700515963662,[['0' '138.8395483831484' 'present']],"[['F84' '130.86702045237666' 'absent']
 ['F163' '163.63138515378927' 'mated']
 ['F79' '167.1877123085337' 'mated']
 ['F167' '219.25673269636326' 'mated']
 ['F35' '219.27792775570197' 'mated']
 ['F131' '276.9340495042226' 'mated']]",1000.0,1000.0,578.0,69.52423330272553,14.007581773382329,1718.0,290.7117607855001,61.82594643135328,0.0,0.0,0.0,0.0,0.0,0.0,0.0,0.0,0.0
6,0.0,9,360.12811144058,[],"[['F96' '84.80732704155112' 'mated']
 ['F136' '87.15010549625512' 'mated']
 ['F19' '97.0339246604507' 'mated']
 ['F185' '125.38410385374243' 'mated']
 ['F34' '176.6305222575778' 'absent']
 ['F5' '178.01845473776712' 'absent']
 ['F181' '228.99521055351835' 'mated']
 ['F82' '253.64129134683094' 'absent']
 ['F145' '268.17563913338796' 'mated']
 ['F98' '270.75244424828895' 'mated']
 ['F131' '276.9109013560745' 'absent']
 ['F93' '296.4982925094339' 'mated']
 ['F38' '330.7030377353238' 'mated']]",1000.0,2000.0,568.0,70.55494278229452,14.628530227923502,1709.0,289.50356598205775,62.3079088282369,0.0,0.0,0.0,0.0,0.0,0.0,0.0,0.0,0.0
7,0.0,8,360.04059219063254,[['0' '338.25759784946524' 'present']],"[['F41' '42.31034107332097' 'mated']
 ['F170' '52.64773719725432' 'absent']
 ['F60' '126.28654424441758' 'mated']
 ['F20' '144.75553316857568' 'mated']
 ['F34' '176.65367040572596' 'absent']
 ['F5' '178.04160288591527' 'mated']
 ['F182' '188.5297134955537' 'mated']
 ['F194' '232.48551874445013' 'mated']
 ['F82' '253.6644394949791' 'mated']
 ['F125' '281.04650502607444' 'mated']]",1000.0,3000.0,559.0,72.58369559173208,16.145668432983204,1721.0,287.5221124231282,61.279862665801645,0.0,0.0,0.0,0.0,0.0,0.0,0.0,0.0,0.0
8,0.0,5,360.27793343613973,[],"[['F187' '147.17435922729672' 'mated']
 ['F146' '176.09404796318879' 'absent']
 ['F24' '198.3279960512046' 'mated']
 ['F91' '204.80029516695606' 'absent']
 ['F71' '211.70103278345206' 'absent']
 ['F0' '230.3592870666867' 'mated']
 ['F13' '280.3041697225847' 'mated']
 ['F139' '319.81916260854734' 'mated']]",2000.0,0.0,563.0,70.58378686791833,14.646620888053143,1720.0,289.45395430273373,61.03005101428801,0.0,0.0,0.0,0.0,0.0,0.0,0.0,0.0,0.0
9,0.0,10,360.18665398667974,[],"[['F130' '104.28870049287343' 'mated']
 ['F102' '115.54688185433179' 'absent']
 ['F115' '130.4788484028179' 'mated']
 ['F48' '138.68411262348286' 'mated']
 ['F164' '193.64330281183106' 'mated']
 ['F91' '204.8234433151042' 'mated']
 ['F89' '221.49482643632746' 'mated']
 ['F153' '237.3630148222289' 'mated']
 ['F162' '248.37622692020727' 'mated']
 ['F193' '289.11867758447727' 'mated']
 ['F83' '327.26786182759236' 'mated']]",2000.0,1000.0,555.0,66.44652718478604,13.850532133736337,1712.0,293.7173617859432,64.34914090037864,0.0,0.0,0.0,0.0,0.0,0.0,0.0,0.0,0.0
10,0.0,11,360.45982019824976,[],"[['F201' '90.55607911603909' 'absent']
 ['F198' '97.84780920118438' 'mated']
 ['F176' '131.29282914111496' 'mated']
 ['F101' '150.98087715689036' 'mated']
 ['F46' '173.07088146838993' 'mated']
 ['F17' '191.88965027773995' 'mated']
 ['F106' '209.2347396403836' 'mated']
 ['F51' '211.87955664947646' 'mated']
 ['F43' '213.49073224725112' 'mated']
 ['F180' '221.97267174109209' 'absent']
 ['F81' '251.59732410080818' 'mated']
 ['F26' '255.91032268773648' 'mated']
 ['F72' '266.36004039001796' 'absent']
 ['F138' '295.5994830730081' 'mated']]",2000.0,2000.0,560.0,70.58536060490587,15.126379506394635,1713.0,289.63069666080906,62.03193566094834,0.0,0.0,0.0,0.0,0.0,0.0,0.0,0.0,0.0
11,0.0,12,360.20727062363613,[],"[['F184' '11.494580820067622' 'mated']
 ['F142' '88.19835282553812' 'mated']
 ['F29' '108.44300959322986' 'mated']
 ['F117' '119.57164886768176' 'mated']
 ['F195' '120.79146278344552' 'absent']
 ['F39' '124.10980586056658' 'mated']
 ['F146' '176.11719611133694' 'mated']
 ['F30' '206.51753041677074' 'mated']
 ['F71' '211.6778846353039' 'absent']
 ['F1' '214.6859495487588' 'mated']
 ['F196' '248.73531078624583' 'mated']
 ['F72' '266.3831885381661' 'mated']
 ['F54' '306.40738219495' 'mated']
 ['F186' '328.855525696746' 'mated']]",2000.0,3000.0,577.0,71.39202985374489,15.406896932664877,1752.0,288.75169217761254,60.50534962015022,0.0,0.0,0.0,0.0,0.0,0.0,0.0,0.0,0.0
12,0.0,1,360.0563672548454,"[['16' '4.362173636102454' 'present']
 ['16' '22.539711332988738' 'present']
 ['16' '25.899202243440566' 'present']
 ['16' '37.05755684010576' 'marauded']
 ['16' '38.203940515217624' 'presentdestroyed']
 ['16' '38.80529938404065' 'presentdestroyed']
 ['16' '56.99365477906526' 'present']
 ['16' '79.72869313768688' 'present']
 ['16' '89.2621657027678' 'present']
 ['16' '95.98342022750671' 'present']
 ['16' '119.78696332470585' 'marauded']
 ['16' '122.32341194023618' 'presentdestroyed']
 ['16' '156.53463450573375' 'marauded']
 ['16' '189.96078485973365' 'present']
 ['16' '195.38369597502538' 'marauded']
 ['16' '200.86942395332406' 'presentdestroyed']
 ['16' '206.60817046978232' 'marauded']
 ['16' '210.29789178541566' 'presentdestroyed']
 ['16' '239.52430928708623' 'present']
 ['16' '260.6728019115199' 'present']
 ['16' '272.67720832487237' 'present']
 ['16' '276.24924961955355' 'present']
 ['16' '282.79178803676956' 'present']
 ['16' '285.3256003551138' 'present']
 ['16' '302.644749279549' 'present']
 ['16' '303.9554284773315' 'present']
 ['16' '319.01334932971787' 'present']
 ['16' '357.18915520465134' 'marauded']
 ['16' '357.5882648217331' 'destroyed']]","[['F17' '191.8202058332955' 'absent']
 ['F91' '204.7771470188079' 'absent']
 ['F149' '213.7276625844002' 'absentdestroyed']
 ['F149' '213.7739588806965' 'absentdestroyed']
 ['F141' '325.4015656748754' 'mated']]",3000.0,0.0,576.0,70.92737801623969,14.488491864938062,1516.0,256.0981346909092,54.34867228894549,184.0,33.04147803965026,7.463545328204931,0.0,0.0,0.0,0.0,0.0,0.0
13,0.0,12,360.2496865835398,"[['18' '156.52894249549706' 'present']
 ['16' '176.3394450218935' 'present']]","[['F201' '90.60237541233539' 'mated']
 ['F150' '93.17820992177361' 'mated']
 ['F58' '95.58831189996752' 'mated']
 ['F9' '96.78277548069218' 'mated']
 ['F88' '99.5270345885954' 'mated']
 ['F102' '115.57003000247994' 'mated']
 ['F61' '121.86786217034727' 'mated']
 ['F37' '126.39115799843842' 'mated']
 ['F21' '182.21466041677863' 'absent']
 ['F149' '213.75081073254836' 'absent']
 ['F140' '236.22003504612542' 'mated']
 ['F124' '246.8549548025602' 'mated']
 ['F104' '249.2126094326461' 'mated']
 ['F215' '279.1642840993966' 'mated']
 ['F50' '289.1905679252848' 'absent']]",3000.0,1000.0,574.0,68.37364763170146,13.604730235191997,1738.0,291.801681886942,62.257985442259375,0.0,0.0,0.0,0.0,0.0,0.0,0.0,0.0,0.0
14,0.0,10,360.03143783475684,"[['18' '3.897887235257445' 'present']
 ['18' '40.40955872510199' 'present']
 ['18' '88.16204827072025' 'marauded']
 ['18' '112.17808880405354' 'present']
 ['18' '116.55968685426575' 'present']
 ['18' '126.81751329719769' 'present']
 ['18' '130.10331425632646' 'present']
 ['18' '131.40510993949457' 'present']
 ['18' '143.68085785076' 'present']
 ['18' '156.2784110331116' 'marauded']
 ['18' '190.11640970531585' 'marauded']
 ['18' '202.1042826875165' 'present']
 ['18' '205.03483778267227' 'marauded']
 ['18' '213.80588270422865' 'present']
 ['18' '267.74940286224995' 'present']
 ['18' '276.63202241637254' 'present']
 ['18' '288.9330488804044' 'marauded']
 ['18' '296.72102003747307' 'present']
 ['18' '304.34760877843365' 'marauded']
 ['18' '304.607487710849' 'presentdestroyed']
 ['18' '317.05827800368746' 'marauded']
 ['18' '329.66659141377835' 'present']
 ['18' '339.62876279894215' 'present']
 ['18' '343.36460301884375' 'present']
 ['18' '354.3519424052343' 'present']]","[['F197' '22.638906714779118' 'mated']
 ['F179' '39.576474342060344' 'mated']
 ['F59' '87.48127454606244' 'mated']
 ['F201' '90.57922726418724' 'absentdestroyed']
 ['F58' '95.56516375181937' 'absentdestroyed']
 ['F123' '117.4321448365651' 'mated']
 ['F18' '122.04981667449158' 'mated']
 ['F101' '150.9577290087422' 'absent']
 ['F175' '173.0399813048818' 'mated']
 ['F21' '182.23780856492678' 'mated']
 ['F17' '191.8665021295918' 'destroyed']
 ['F8' '199.42813201287248' 'mated']
 ['F27' '202.32701499317793' 'mated']
 ['F106' '209.21159149223544' 'destroyed']
 ['F51' '211.8564085013283' 'destroyed']
 ['F180' '221.99581988924024' 'absent']
 ['F188' '243.9039347127963' 'mated']
 ['F138' '295.57633492485996' 'absentdestroyed']]",3000.0,2000.0,564.0,70.70719636758119,14.285995625916282,1451.0,246.42025531988432,53.27781213180989,252.0,42.89865889982982,9.255132850033736,0.0,0.0,0.0,0.0,0.0,0.0
15,0.0,16,360.44546938847026,"[['18' '106.81634995211323' 'present']
 ['18' '166.0281619441598' 'present']
 ['16' '174.56679368223146' 'present']]","[['F197' '22.61575856663097' 'absent']
 ['F110' '39.70894497378253' 'mated']
 ['F45' '53.5887593818649' 'mated']
 ['F75' '111.50329654337784' 'mated']
 ['F195' '120.81461093159368' 'absent']
 ['F33' '123.31686387201407' 'mated']
 ['F22' '131.21974988120746' 'mated']
 ['F133' '162.9992845800827' 'mated']
 ['F112' '173.72497188851207' 'mated']
 ['F214' '176.28607733046684' 'mated']
 ['F92' '188.8581502362459' 'mated']
 ['F17' '191.84335398144364' 'absent']
 ['F71' '211.65473648715576' 'absent']
 ['F111' '236.35757179375554' 'mated']
 ['F165' '246.0870823335485' 'mated']
 ['F189' '250.0953443949463' 'mated']
 ['F99' '266.6521473153498' 'mated']
 ['F166' '267.72190241896226' 'mated']
 ['F177' '267.82711089581267' 'mated']
 ['F156' '270.32282311954685' 'mated']]",3000.0,3000.0,577.0,68.36945852021593,13.981479871700483,1758.0,291.89756522164674,61.50072215171962,0.0,0.0,0.0,0.0,0.0,0.0,0.0,0.0,0.0
16,0.054,11,360.2867071810267,[],"[['F57' '126.23564140813852' 'mated']
 ['F87' '129.99337152825103' 'mated']
 ['F47' '157.50902455880603' 'mated']
 ['F69' '196.14169448603602' 'mated']
 ['F206' '201.57623967904397' 'mated']
 ['F149' '213.79710702884466' 'mated']
 ['F204' '213.90919098694064' 'absent']
 ['F158' '248.9756178545162' 'mated']
 ['F122' '248.9902769769489' 'mated']
 ['F42' '250.2709523045337' 'mated']
 ['F199' '306.7860551777313' 'mated']
 ['F127' '335.3177573763786' 'absent']
 ['F171' '351.8437582019306' 'mated']]",4000.0,0.0,576.0,70.61118184014418,14.677052402732029,1697.0,282.9228109320912,60.431263342824764,0.0,0.0,0.0,18.0,1.8000000000000005,0.1800000000000001,103.0,4.8260481799592325,0.2271947873799721
17,0.0,9,360.2928180524287,"[['16' '19.4852111694035' 'present']
 ['18' '50.19817105645902' 'present']
 ['16' '54.77685414214916' 'present']
 ['18' '59.393045899111236' 'present']
 ['18' '61.827244596637726' 'present']
 ['18' '67.83811010868509' 'present']
 ['18' '72.41638947497873' 'present']
 ['16' '73.32011288256014' 'present']
 ['18' '76.29930022632134' 'present']
 ['16' '99.35134936786643' 'present']
 ['18' '101.87202805509561' 'present']
 ['16' '104.88144882352015' 'marauded']
 ['16' '107.55100502471517' 'presentdestroyed']
 ['18' '110.8498336708548' 'presentdestroyed']
 ['16' '115.11054373136128' 'present']
 ['22' '130.32936597875033' 'present']
 ['16' '145.27236434202112' 'present']
 ['16' '153.78122249694636' 'marauded']
 ['16' '154.27773892223922' 'destroyed']
 ['18' '170.2078591100524' 'present']
 ['16' '173.72458717959634' 'marauded']
 ['16' '177.2007537184065' 'presentdestroyed']
 ['18' '180.60343305445974' 'destroyed']
 ['18' '181.97233873106111' 'marauded']
 ['18' '191.25555031872784' 'marauded']
 ['16' '197.14093330833978' 'destroyed']
 ['18' '211.20995466422224' 'present']
 ['18' '211.91319184737358' 'present']
 ['16' '212.93638556127817' 'marauded']
 ['18' '214.88319195873876' 'destroyed']
 ['16' '219.0968002486553' 'presentdestroyed']
 ['16' '223.50117653855995' 'present']
 ['18' '232.30932798320134' 'present']
 ['16' '232.6668407647898' 'present']
 ['16' '246.23343508563673' 'present']
 ['16' '247.31922947824404' 'present']
 ['16' '260.24600483966555' 'present']
 ['16' '268.6737747692123' 'present']
 ['16' '273.2842761975006' 'present']
 ['16' '273.3305724937969' 'present']
 ['16' '312.3995417723053' 'present']
 ['16' '318.0912518646674' 'present']
 ['16' '322.3461222571514' 'present']
 ['18' '325.08409773454576' 'marauded']
 ['16' '341.7276676021824' 'present']
 ['16' '345.0939666259573' 'present']
 ['18' '349.7734013911415' 'marauded']
 ['18' '355.8285733266541' 'destroyed']]","[['F126' '50.54528035666024' 'mated']
 ['F152' '60.203233149535755' 'mated']
 ['F205' '95.35011995560113' 'mated']
 ['F6' '154.31056495922758' 'destroyed']
 ['F47' '157.48587641065788' 'destroyed']
 ['F28' '234.1214961666074' 'mated']
 ['F140' '236.19688689797727' 'absent']
 ['F154' '244.43671116339448' 'mated']
 ['F168' '278.10559061693385' 'mated']
 ['F50' '289.213716073433' 'mated']
 ['F25' '298.6234516592521' 'mated']
 ['F127' '335.34090552452676' 'mated']]",4000.0,1000.0,569.0,72.30939365795321,15.056111027493113,1425.0,239.08457899329775,50.55213396302315,300.0,48.677548708160664,10.166912139564829,0.0,0.0,0.0,0.0,0.0,0.0
18,0.054,2,360.56299971809824,"[['22' '0.874211109266905' 'present']
 ['22' '1.7225246494880193' 'present']
 ['22' '13.219313418208936' 'present']
 ['22' '27.192112298039042' 'present']
 ['22' '82.14848256670322' 'present']
 ['22' '123.1478779422262' 'present']
 ['22' '125.66077676000994' 'present']
 ['22' '135.35539760758846' 'marauded']
 ['22' '139.65044350016683' 'presentdestroyed']
 ['22' '199.64126298248377' 'present']
 ['22' '211.95438300787228' 'present']
 ['22' '220.69377453505763' 'present']
 ['22' '249.32345145513702' 'present']
 ['22' '251.61715032776706' 'present']
 ['22' '253.6740988513186' 'present']
 ['22' '265.21280774044556' 'present']
 ['22' '283.2620769925238' 'present']
 ['22' '305.3253231667025' 'present']
 ['22' '340.7136813624882' 'present']
 ['22' '353.8795742590519' 'present']
 ['22' '357.76298138783613' 'present']]","[['F137' '156.92595797032462' 'absent']
 ['F73' '180.95418644259962' 'mated']
 ['F180' '222.0189680373884' 'mated']
 ['F168' '278.0824424687857' 'absent']]",4000.0,2000.0,577.0,71.81487715936741,14.519774953224495,1664.0,276.27518604109383,58.36545127290182,40.0,6.040012241146499,1.2010547352920509,17.0,1.7000000000000004,0.1700000000000001,87.0,4.200366762099901,0.2057613168724277
19,0.0,6,360.2694432864136,"[['16' '12.677314500162316' 'present']
 ['16' '16.381340129422426' 'present']
 ['18' '17.217941040563527' 'present']
 ['16' '29.63537504472774' 'present']
 ['18' '38.37559100060055' 'present']
 ['16' '67.10520326863846' 'marauded']
 ['18' '69.17693166023236' 'presentdestroyed']
 ['18' '70.11675102309493' 'presentdestroyed']
 ['16' '76.49092167430138' 'present']
 ['18' '89.07788570587559' 'present']
 ['18' '103.40027300048413' 'present']
 ['16' '105.8736044579495' 'present']
 ['18' '112.93167758451847' 'present']
 ['16' '114.89895774241407' 'present']
 ['18' '126.92876464203617' 'marauded']
 ['16' '132.64716601306594' 'presentdestroyed']
 ['16' '143.53099804260074' 'present']
 ['16' '146.48541363923994' 'present']
 ['16' '150.26409614126212' 'present']
 ['18' '154.77312727304556' 'present']
 ['18' '165.20526366579054' 'present']
 ['16' '177.13239486187527' 'present']
 ['18' '186.86624926724474' 'present']
 ['16' '190.00708115602995' 'present']
 ['16' '207.9089978864898' 'present']
 ['18' '239.61175980188435' 'present']
 ['16' '245.13599096361045' 'present']
 ['16' '260.7987181579449' 'marauded']
 ['16' '262.4383469760332' 'presentdestroyed']
 ['16' '266.4188209311143' 'presentdestroyed']
 ['16' '268.7200710655086' 'present']
 ['18' '276.0675927618908' 'present']
 ['16' '291.293557581025' 'present']
 ['18' '293.08772471692333' 'present']
 ['16' '295.335086302822' 'present']
 ['16' '319.0596456260142' 'present']
 ['16' '331.85146468443446' 'present']
 ['16' '334.9414639387194' 'present']
 ['22' '335.5831020551281' 'present']
 ['18' '344.62844128147344' 'present']
 ['18' '351.7019523501651' 'present']
 ['18' '351.77505376375666' 'marauded']]","[['F32' '80.95822968008156' 'mated']
 ['F68' '101.21752432069486' 'absent']
 ['F114' '107.36410949558636' 'mated']
 ['F183' '110.3980542590106' 'mated']
 ['F195' '120.83775907974183' 'mated']
 ['F137' '156.94910611847277' 'mated']
 ['F107' '170.78650203629525' 'mated']
 ['F177' '267.8039627476645' 'absentdestroyed']
 ['F171' '351.82061005378245' 'destroyed']]",4000.0,3000.0,558.0,69.83075192730507,14.960743872536561,1544.0,266.01895525094176,57.77534141853345,146.0,24.219809476125576,5.108958539737625,0.0,0.0,0.0,0.0,0.0,0.0
20,0.0,9,360.04038792278965,"[['16' '12.531018203866019' 'marauded']
 ['16' '13.970875817704624' 'destroyed']
 ['16' '68.39265469835256' 'present']
 ['0' '83.45669662777466' 'marauded']
 ['0' '85.33530650500903' 'presentdestroyed']
 ['0' '90.07137515338685' 'presentdestroyed']
 ['16' '118.07379523892943' 'present']
 ['16' '118.70351437116048' 'marauded']
 ['0' '120.65631194994167' 'presentdestroyed']
 ['0' '121.1729864311433' 'presentdestroyed']
 ['0' '134.25543135659484' 'present']
 ['16' '135.75919041381687' 'present']
 ['0' '137.82873691940856' 'present']
 ['0' '143.90452892843842' 'present']
 ['16' '152.40014096391778' 'marauded']
 ['16' '165.32890326997432' 'present']
 ['0' '172.61575124767162' 'present']
 ['16' '193.7209353943314' 'present']
 ['0' '206.25216721142934' 'present']
 ['16' '239.98016461963758' 'present']
 ['16' '256.68856440099347' 'present']
 ['16' '257.8451490112728' 'present']
 ['16' '265.44234218764007' 'present']
 ['16' '278.7086146361208' 'present']
 ['16' '284.3800210617232' 'marauded']
 ['16' '295.2887900065257' 'present']
 ['0' '296.5365661416094' 'present']
 ['16' '300.8152320665881' 'present']
 ['0' '302.63856291606766' 'present']
 ['0' '329.7853505639973' 'present']
 ['0' '335.2062541210855' 'present']
 ['16' '339.40293631386345' 'marauded']
 ['0' '342.91144485721844' 'presentdestroyed']
 ['16' '343.42771948729387' 'destroyed']
 ['0' '347.2218571062888' 'present']]","[['F80' '109.8389575992373' 'mated']
 ['F109' '115.53398600027863' 'mated']
 ['F57' '126.21249325999037' '']
 ['F161' '180.8402719882865' 'mated']
 ['F105' '202.39231500255784' 'mated']
 ['F169' '209.49353903699392' 'mated']
 ['F204' '213.9323391350888' 'mated']
 ['F36' '221.6075492681561' 'mated']
 ['F121' '272.744654656387' 'absent']
 ['F56' '273.45160169812686' 'mated']
 ['F119' '295.40441704078944' 'absent']
 ['F3' '355.33261596938394' 'mated']]",5000.0,0.0,562.0,71.08270444579176,15.044851751322756,1485.0,251.93825418563569,53.928444199026025,202.0,36.99546098330307,8.444905557328552,0.0,0.0,0.0,0.0,0.0,0.0
21,0.0,9,360.31892890664705,"[['22' '8.894497274186582' 'present']
 ['0' '13.087307768136556' 'present']
 ['22' '17.603463692763096' 'marauded']
 ['22' '18.664894537500153' 'presentdestroyed']
 ['0' '39.3334074400294' 'present']
 ['22' '75.49590385732091' 'marauded']
 ['22' '94.37697447567191' 'present']
 ['18' '99.9596716840398' 'present']
 ['22' '114.56485387554018' 'present']
 ['22' '128.77025113128553' 'present']
 ['22' '130.63931168889863' 'present']
 ['22' '156.66958251203664' 'present']
 ['22' '182.38627397783478' 'present']
 ['22' '203.08399746922728' 'present']
 ['0' '212.15327150336384' 'present']
 ['22' '219.43717830304624' 'present']
 ['18' '231.3839277008737' 'marauded']
 ['22' '232.87337360922461' 'destroyed']
 ['22' '275.1704864699988' 'present']
 ['22' '285.20436669284106' 'marauded']
 ['22' '329.9547709827426' 'present']
 ['0' '340.7220658792372' 'present']
 ['22' '357.80927768413244' 'present']]","[['F136' '87.09422092305203' 'absent']
 ['F14' '114.60585368470375' 'mated']
 ['F212' '149.2006358761833' 'mated']
 ['F6' '154.33371310737573' 'mated']
 ['F7' '161.83454141001653' 'mated']
 ['F213' '174.24406062585356' 'mated']
 ['F128' '198.36975914454402' 'mated']
 ['F143' '222.34092529044176' 'mated']
 ['F119' '295.4275651889376' 'mated']
 ['F190' '315.0818134169858' 'mated']]",5000.0,1000.0,563.0,72.00677316436139,15.51314249334382,1591.0,263.74994814086665,56.372508439878054,134.0,24.253649370876463,5.454252193037637,0.0,0.0,0.0,0.0,0.0,0.0
22,0.054,8,360.2168584992839,"[['18' '6.954425087963563' 'present']
 ['18' '7.000721384259859' 'present']
 ['18' '21.934626819994836' 'present']
 ['18' '80.79188732316412' 'present']
 ['18' '95.55556861345619' 'marauded']
 ['18' '172.41802620179766' 'present']
 ['18' '186.91254556354104' 'present']
 ['18' '202.6322420877172' 'present']
 ['18' '204.89175089893735' 'present']
 ['18' '244.27864493080727' 'present']
 ['18' '266.35852412699177' 'marauded']
 ['18' '268.5542356516607' 'presentdestroyed']
 ['18' '268.600531947957' 'presentdestroyed']
 ['18' '269.9451031654875' 'presentdestroyed']
 ['18' '276.4988400219775' 'present']
 ['18' '291.0362104153026' 'present']
 ['18' '299.6622235488215' 'present']]","[['F178' '6.573582098137218' 'mated']
 ['F157' '51.445125605962566' 'mated']
 ['F40' '86.66500545737108' 'mated']
 ['F68' '101.2502607457498' 'destroyed']
 ['F211' '136.4974829460882' 'mated']
 ['F147' '226.51730805110356' 'mated']
 ['F97' '264.76289884305265' 'mated']
 ['F85' '292.36390661549433' 'mated']
 ['F134' '332.7210740247036' 'mated']]",5000.0,2000.0,565.0,70.45192060315627,14.387634215394002,1637.0,272.4805958476899,58.09754160248083,70.0,12.154382389684521,2.5933406884660233,10.0,0.9999999999999999,0.10000000000000003,83.0,3.919298807846868,0.18647119341563761
23,0.0,10,360.125973951438,"[['18' '1.5256285982366546' 'present']
 ['22' '31.32319433003822' 'present']
 ['22' '33.13596290418203' 'marauded']
 ['22' '49.29804454501789' 'present']
 ['22' '53.446244894017596' 'present']
 ['22' '54.72907614509602' 'present']
 ['22' '76.49464056690576' 'present']
 ['22' '85.63859199658712' 'marauded']
 ['22' '103.84043785990306' 'present']
 ['22' '106.01603762486711' 'present']
 ['22' '110.11759324705939' 'present']
 ['22' '118.99777079831074' 'present']
 ['22' '119.57858394066609' 'present']
 ['22' '151.52150866431765' 'present']
 ['22' '163.88226359323042' 'present']
 ['22' '181.0810452838469' 'present']
 ['18' '223.53718125053607' 'present']
 ['22' '230.35912842030373' 'present']
 ['22' '244.56644998323182' 'present']
 ['22' '253.21612804240473' 'present']
 ['18' '268.17960251829976' 'marauded']
 ['16' '276.5414043933633' 'marauded']
 ['22' '313.6725553002862' 'present']
 ['22' '318.496130303464' 'present']
 ['22' '320.79640192752487' 'present']
 ['18' '336.1318430654152' 'present']
 ['22' '357.4890019122267' 'present']]","[['F66' '21.89595142547844' 'mated']
 ['F170' '52.69403349355061' 'mated']
 ['F94' '79.88523656144226' 'mated']
 ['F62' '95.38113694661594' 'mated']
 ['F78' '170.5257086747738' 'mated']
 ['F90' '172.74007831862224' 'mated']
 ['F86' '188.20414029684287' 'mated']
 ['F16' '192.26273227404008' 'mated']
 ['F95' '250.54740399863846' 'mated']
 ['F64' '267.0581714326148' 'mated']]",5000.0,3000.0,557.0,69.70161086854922,14.222549542853422,1569.0,265.91499415379127,57.470891263230754,148.0,24.48101581669073,5.1443100422722505,0.0,0.0,0.0,0.0,0.0,0.0
