id,probability_maraud,successful_mating,next_foraging_time,mar_attempts,mate_attempts,x_pos,y_pos,foraging_events,foraging_hrs,foraging_sqhrs,staying_events,staying_hrs,staying_sqhrs,repairing_events,repairing_hrs,repairing_sqhrs,marauding_events,marauding_hrs,marauding_sqhrs,traveling_events,traveling_hrs,traveling_sqhrs
0,0.054,7,360.1959957413637,"[['1' '2.972910564856692' 'present']
 ['20' '5.902000293327275' 'marauded']
 ['20' '6.423811480160084' 'presentdestroyed']
 ['20' '6.47010777645638' 'presentdestroyed']
 ['4' '37.31209793141322' 'marauded']
 ['1' '42.61453158969833' 'presentdestroyed']
 ['1' '49.08826215484564' 'present']
 ['20' '68.85874634977016' 'present']
 ['4' '72.34209559498466' 'present']
 ['4' '76.18434644138921' 'present']
 ['4' '98.85933125605365' 'present']
 ['4' '103.24962951037932' 'present']
 ['1' '103.32496539071539' 'marauded']
 ['4' '109.94600898932434' 'presentdestroyed']
 ['1' '113.70763175413244' 'present']
 ['23' '114.51734749593912' 'marauded']
 ['4' '126.58379569096242' 'marauded']
 ['4' '132.81873458607177' 'presentdestroyed']
 ['1' '140.74999251145323' 'present']
 ['4' '146.53620619587872' 'present']
 ['20' '152.04248196679958' 'present']
 ['4' '162.10591947985213' 'present']
 ['4' '172.647460426353' 'present']
 ['4' '174.5797130021929' 'present']
 ['4' '187.94502184457727' 'present']
 ['20' '188.399887906297' 'marauded']
 ['20' '198.28249100566327' 'present']
 ['5' '198.54633989827505' 'present']
 ['1' '202.183116587718' 'present']
 ['1' '217.70058852736202' 'present']
 ['1' '219.33898421037435' 'present']
 ['20' '225.55097836169978' 'present']
 ['20' '235.70410918380568' 'present']
 ['4' '237.66392659708612' 'present']
 ['1' '238.3383297077859' 'present']
 ['1' '254.039980832183' 'present']
 ['4' '263.81225069634155' 'present']
 ['20' '267.66901588804444' 'present']
 ['20' '276.3770619397863' 'present']
 ['20' '278.58825677690714' 'marauded']
 ['20' '281.2048239452309' 'presentdestroyed']
 ['1' '303.97660734851286' 'present']
 ['4' '306.1359936414459' 'present']
 ['1' '308.43086861678967' 'present']
 ['4' '308.8206894669559' 'present']
 ['4' '312.9130678925027' 'present']
 ['20' '328.9641350716483' 'present']]","[['F164' '62.36280833329477' 'mated']
 ['F168' '149.65362186950748' 'mated']
 ['F183' '152.69150586942706' 'absent']
 ['F27' '161.8327157927749' 'absent']
 ['F119' '181.88709232701558' 'absent']
 ['F184' '191.87494885118284' 'destroyed']
 ['F28' '233.12705878420735' 'mated']
 ['F212' '233.21608543667116' 'mated']
 ['F48' '233.25259789003377' 'mated']
 ['F134' '270.66510402466173' 'mated']
 ['F17' '285.746518915111' 'destroyed']
 ['F162' '302.08469114248663' 'absent']
 ['F16' '304.5599265195068' 'mated']]",0.0,0.0,570.0,77.55376809651099,17.78872090726915,1416.0,233.8060908671319,49.0872410802644,241.0,42.63987862110646,9.22769280420202,18.0,1.8000000000000005,0.1800000000000001,89.0,4.2546062470653565,0.20576131687242763
1,0.054,6,360.25912937928655,"[['21' '0.8918941606019649' 'present']
 ['0' '2.892127641706827' 'present']
 ['0' '3.9837387587899524' 'present']
 ['0' '5.246178235038467' 'present']
 ['0' '15.564429930226005' 'present']
 ['5' '22.066989507215506' 'marauded']
 ['0' '34.01008892725618' 'marauded']
 ['21' '47.61170701396352' 'present']
 ['0' '53.95577519345841' 'marauded']
 ['5' '64.03815030029848' 'present']
 ['5' '64.9706079818287' 'present']
 ['5' '69.12647039941636' 'marauded']
 ['0' '73.12302504656112' 'destroyed']
 ['0' '77.77074518294413' 'present']
 ['0' '95.88367297494268' 'present']
 ['21' '99.11000216954778' 'present']
 ['21' '99.15629846584409' 'present']
 ['21' '108.23042102397024' 'present']
 ['0' '112.42836751369629' 'present']
 ['21' '117.70124754212235' 'present']
 ['5' '129.26465831155437' 'marauded']
 ['21' '135.11255070808616' 'presentdestroyed']
 ['21' '141.99219283196624' 'present']
 ['21' '143.85861404429644' 'present']
 ['21' '152.9188565194122' 'marauded']
 ['21' '154.05848790767854' 'destroyed']
 ['0' '157.47854079565732' 'presentdestroyed']
 ['0' '161.47316348312623' 'present']
 ['0' '161.76747063947386' 'marauded']
 ['5' '169.36480328718696' 'present']
 ['5' '179.16502586343714' 'present']
 ['0' '179.65531301967644' 'present']
 ['0' '186.6272780006054' 'marauded']
 ['5' '196.08256648021626' 'present']
 ['5' '196.53909638642475' 'present']
 ['22' '207.8616939645283' 'marauded']
 ['0' '210.30726481994833' 'presentdestroyed']
 ['21' '216.25667722034137' 'present']
 ['21' '217.37610946120398' 'present']
 ['0' '219.90091710459808' 'present']
 ['0' '219.94721340089438' 'present']
 ['0' '233.4235913023015' 'present']
 ['21' '247.61201266508178' 'present']
 ['5' '248.95332220103154' 'present']
 ['5' '256.14019834424664' 'present']
 ['5' '265.8420109358307' 'present']
 ['21' '267.086904946508' 'present']
 ['22' '267.2736386703053' 'marauded']
 ['21' '279.3137424905965' 'marauded']
 ['0' '287.8401616173657' 'marauded']
 ['21' '292.65697987021275' 'presentdestroyed']
 ['5' '298.47926712318315' 'present']
 ['21' '312.14070695745073' 'present']
 ['0' '327.4564900662777' 'marauded']
 ['21' '336.3323414424774' 'present']
 ['21' '339.4950178178759' 'marauded']
 ['0' '339.8312063044147' 'presentdestroyed']
 ['0' '344.8327531138996' 'presentdestroyed']
 ['5' '353.25202433796136' 'present']
 ['5' '357.9308037846831' 'present']
 ['21' '359.11068877696863' 'present']]","[['F80' '58.9730069047605' 'destroyed']
 ['F191' '79.67498005514443' 'mated']
 ['F30' '142.5021452339026' 'mated']
 ['F85' '187.00522016537556' 'destroyed']
 ['F52' '202.86160570714918' 'mated']
 ['F128' '212.0534472135258' 'absentdestroyed']
 ['F208' '238.17976944462046' 'mated']
 ['F100' '267.07071382012634' 'mated']
 ['F17' '285.72337076696283' 'destroyed']
 ['F162' '302.1078392906348' 'mated']]",0.0,1000.0,565.0,71.37241833116724,14.037864849925414,1205.0,200.448655835308,42.83547348158587,499.0,85.45799081874577,18.60030749914776,5.0,0.5,0.05000000000000001,53.0,2.4920568113308414,0.11788408779149526
2,0.0,7,360.1783379506673,"[['22' '5.6489836069427275' 'marauded']
 ['1' '10.341093256619457' 'destroyed']
 ['22' '28.726340602927685' 'present']
 ['1' '53.284716598801566' 'present']
 ['1' '66.84779746086382' 'present']
 ['1' '84.37504635809678' 'present']
 ['22' '84.87753511234008' 'present']
 ['22' '92.57929341883235' 'present']
 ['22' '93.97047493761465' 'marauded']
 ['22' '106.11109046929619' 'present']
 ['22' '116.15586959119543' 'present']
 ['7' '125.070456704583' 'present']
 ['1' '129.27635927613102' 'present']
 ['1' '143.5596773789902' 'marauded']
 ['21' '156.90250736665067' 'present']
 ['1' '173.98933496242205' 'present']
 ['7' '200.818617526487' 'marauded']
 ['22' '210.46676707693638' 'present']
 ['22' '238.7671835946545' 'present']
 ['1' '253.71261035135151' 'present']
 ['21' '255.8299299485212' 'present']
 ['22' '263.69699539384044' 'present']
 ['7' '270.89386997488697' 'present']
 ['22' '318.2161568135517' 'present']
 ['22' '322.7346467715788' 'present']
 ['22' '349.5960147674135' 'present']
 ['22' '354.4454631568753' 'marauded']]","[['F61' '74.38976361379123' 'mated']
 ['F138' '86.74308685390788' 'absent']
 ['F76' '91.79504752793522' 'absent']
 ['F43' '174.4900799615246' 'mated']
 ['F95' '177.89435192037368' 'absent']
 ['F85' '187.0283683135237' 'mated']
 ['F115' '194.06797301163067' 'mated']
 ['F132' '206.30698471193116' 'destroyed']
 ['F121' '261.21278140326433' 'mated']
 ['F106' '262.6799596333735' 'mated']
 ['F159' '351.14476024524424' 'mated']]",0.0,2000.0,570.0,73.28010119747358,15.572146446875735,1526.0,257.98935029943925,55.71204337318005,171.0,28.84952824496296,6.102151206566821,0.0,0.0,0.0,0.0,0.0,0.0
3,0.0,22,360.20937368911865,"[['23' '2.8076150906340622' 'present']
 ['23' '13.263122538796035' 'marauded']
 ['23' '14.11516096128033' 'presentdestroyed']
 ['0' '28.863339219821768' 'present']
 ['23' '29.985053580480983' 'present']
 ['7' '46.26687000853973' 'present']
 ['23' '46.77526372168293' 'present']
 ['20' '47.56608941356502' 'present']
 ['0' '47.66903745483468' 'present']
 ['20' '54.05203017402372' 'present']
 ['0' '54.52542978960577' 'present']
 ['0' '63.0556325819111' 'present']
 ['23' '68.69955321715808' 'marauded']
 ['7' '73.85717805814318' 'presentdestroyed']
 ['7' '77.61825979515929' 'present']
 ['0' '89.62486574125465' 'present']
 ['23' '91.54061168774608' 'marauded']
 ['0' '101.121172359613' 'present']
 ['0' '114.36219514138307' 'present']
 ['7' '114.94395911440573' 'present']
 ['23' '115.10110063784867' 'present']
 ['7' '124.3002261560087' 'present']
 ['7' '124.6774256788435' 'present']
 ['0' '125.3088438479777' 'present']
 ['7' '133.87298851977692' 'present']
 ['20' '142.91098748429906' 'present']
 ['0' '157.24011296535605' 'marauded']
 ['0' '157.38640926165235' 'destroyed']
 ['7' '168.28231698170435' 'present']
 ['23' '171.25000149566594' 'present']
 ['23' '178.69752315238682' 'present']
 ['7' '179.105522063119' 'present']
 ['7' '184.5367643569637' 'marauded']
 ['7' '194.92901098623503' 'marauded']
 ['7' '202.18452743870975' 'presentdestroyed']
 ['7' '210.2398501816628' 'present']
 ['0' '211.17155743136553' 'marauded']
 ['0' '224.30770965724554' 'present']
 ['0' '228.44797355104652' 'present']
 ['0' '234.57910030637433' 'present']
 ['7' '238.05521764038264' 'marauded']
 ['0' '240.8220929611267' 'presentdestroyed']
 ['23' '245.4695195691495' 'destroyed']
 ['7' '255.16541405571456' 'present']
 ['22' '256.5779563381221' 'present']
 ['23' '257.8399243468182' 'marauded']
 ['0' '261.0425108218591' 'presentdestroyed']
 ['7' '266.12295527417814' 'marauded']
 ['0' '266.97755627825234' 'destroyed']
 ['7' '267.65234104892426' 'presentdestroyed']
 ['0' '269.10621558885396' 'presentdestroyed']
 ['0' '270.1441654122961' 'presentdestroyed']
 ['23' '272.5710719684051' 'presentdestroyed']
 ['7' '276.62370495207523' 'marauded']
 ['23' '284.3324611832323' 'present']
 ['0' '291.22186165496225' 'present']
 ['0' '294.80410405276' 'present']
 ['23' '300.5501395787481' 'marauded']
 ['0' '300.72837206710017' 'presentdestroyed']
 ['23' '307.75975248931' 'destroyed']
 ['23' '314.76328026921806' 'present']
 ['23' '323.98312811840935' 'present']
 ['23' '334.7365703497383' 'present']
 ['7' '340.3977559970504' 'marauded']
 ['7' '343.1211712382448' 'presentdestroyed']]","[['F125' '76.56454239217689' 'mated']
 ['F36' '78.32344645964803' 'mated']
 ['F26' '84.61478182412432' 'mated']
 ['F153' '99.34482933367654' 'mated']
 ['F194' '107.06341657844793' 'mated']
 ['F174' '109.86431071822253' 'mated']
 ['F0' '150.13650524787764' 'mated']
 ['F183' '152.76095031387152' 'mated']
 ['F60' '155.16763928535454' 'mated']
 ['F73' '163.24250729802048' 'destroyed']
 ['F70' '164.2589633938603' 'destroyed']
 ['F95' '177.91750006852183' 'mated']
 ['F178' '179.47599349242682' 'mated']
 ['F72' '180.2259085013633' 'mated']
 ['F119' '181.91024047516373' 'mated']
 ['F104' '183.22182000575793' 'mated']
 ['F5' '183.8058118924896' 'mated']
 ['F139' '235.0316789185567' 'mated']
 ['F54' '247.02105548237876' 'mated']
 ['F185' '250.69775279766245' 'mated']
 ['F31' '256.9231222972138' 'mated']
 ['F17' '297.76966706325913' 'mated']
 ['F16' '304.53677837135865' 'destroyed']
 ['F141' '315.23395250453643' 'mated']
 ['F78' '338.21204182037457' 'mated']]",0.0,3000.0,568.0,68.1608793382043,13.573570501252842,1245.0,212.60792890517916,46.11510373711845,471.0,79.51816953657804,16.828303317353967,0.0,0.0,0.0,0.0,0.0,0.0
4,0.054,11,359.9720663171462,"[['5' '6.625240040195216' 'present']
 ['0' '16.19593075673265' 'present']
 ['7' '20.538406136293183' 'present']
 ['5' '21.642558177488258' 'present']
 ['0' '22.927308423754877' 'present']
 ['5' '25.280125163025573' 'marauded']
 ['8' '25.39555239964482' 'presentdestroyed']
 ['7' '30.51303019330549' 'destroyed']
 ['5' '33.93339039230356' 'present']
 ['8' '44.47219930414889' 'present']
 ['5' '53.59533409291569' 'marauded']
 ['5' '62.96959317177823' 'present']
 ['0' '71.06168038979412' 'present']
 ['0' '73.27475531625376' 'present']
 ['0' '75.71065070356916' 'present']
 ['8' '97.29706099630133' 'present']
 ['5' '108.31912263022194' 'present']
 ['8' '110.29190987331417' 'present']
 ['8' '125.32665686110143' 'present']
 ['8' '127.81318257738656' 'present']
 ['0' '134.52668847901745' 'present']
 ['5' '134.80702761897274' 'present']
 ['5' '134.90390362604492' 'present']
 ['7' '137.47257839430435' 'present']
 ['0' '142.15463046703877' 'present']
 ['0' '148.6593755199948' 'marauded']
 ['5' '149.49943768621142' 'presentdestroyed']
 ['5' '162.6673188635291' 'present']
 ['7' '165.1306504305695' 'present']
 ['8' '165.7980975947292' 'present']
 ['7' '170.55256649469078' 'present']
 ['0' '175.26087840102582' 'marauded']
 ['5' '177.4660534018275' 'presentdestroyed']
 ['8' '183.17265446602755' 'present']
 ['0' '186.25904539521716' 'present']
 ['0' '187.992994492005' 'present']
 ['8' '189.21317545080012' 'present']
 ['5' '191.8560706892613' 'present']
 ['7' '193.06306379764874' 'marauded']
 ['8' '197.6924387453828' 'presentdestroyed']
 ['7' '202.78059998662792' 'marauded']
 ['7' '203.85403959856907' 'destroyed']
 ['0' '214.7095705442539' 'present']
 ['5' '215.15285231866505' 'present']
 ['5' '222.06921844044626' 'present']
 ['5' '223.57337250302805' 'present']
 ['0' '228.82223478600523' 'present']
 ['0' '233.05642758268678' 'present']
 ['0' '233.98588773490766' 'present']
 ['7' '238.7373012296785' 'present']
 ['0' '241.32341245287958' 'marauded']
 ['8' '243.72500129593536' 'destroyed']
 ['0' '245.66735924526677' 'presentdestroyed']
 ['8' '272.62294740154607' 'present']
 ['9' '277.60076965992266' 'present']
 ['5' '282.2956669951153' 'marauded']
 ['8' '292.2918025990377' 'present']
 ['8' '296.1151788338417' 'present']
 ['8' '297.7375292055415' 'marauded']
 ['0' '316.4651736528065' 'present']
 ['7' '320.8640470097004' 'present']
 ['8' '329.10986935011556' 'present']
 ['5' '336.1262308541356' 'present']
 ['5' '338.8525036426152' 'present']
 ['8' '351.19035629904016' 'present']
 ['0' '355.0840146844527' 'present']]","[['F37' '44.86011193875367' 'absent']
 ['F197' '53.02130693178514' 'mated']
 ['F118' '88.32704016710143' 'mated']
 ['F83' '92.12964047961539' 'mated']
 ['F188' '98.6842598064944' 'absent']
 ['F66' '109.27805982814957' 'mated']
 ['F4' '136.50337333350637' 'mated']
 ['F127' '142.1133034159223' 'mated']
 ['F183' '152.7146540175752' 'destroyed']
 ['F27' '161.85586394092306' 'mated']
 ['F140' '168.25450313430028' 'absent']
 ['F157' '171.45619518037944' 'mated']
 ['F119' '181.86394417886743' 'destroyed']
 ['F124' '235.60615850248766' 'mated']
 ['F105' '250.33792878622114' 'mated']
 ['F81' '262.2180738136027' 'mated']]",1000.0,0.0,570.0,74.71279477073895,15.948330087457393,1328.0,226.5455532636377,48.58358816029801,338.0,54.967686995922485,11.234445400660622,8.0,0.7999999999999999,0.08000000000000002,67.0,3.1210284056654203,0.1457475994513031
5,0.054,7,360.53571409630865,"[['4' '0.023148148148148147' 'present']
 ['1' '1.8763131377066844' 'present']
 ['9' '7.825770124808904' 'present']
 ['1' '10.915093411103157' 'present']
 ['9' '18.766858887891747' 'present']
 ['4' '21.07889292229211' 'present']
 ['9' '28.159227227685133' 'present']
 ['9' '32.054501435346275' 'present']
 ['9' '33.863311851864545' 'present']
 ['9' '45.15924416323999' 'present']
 ['9' '49.11440501973577' 'present']
 ['4' '53.615201896391554' 'marauded']
 ['9' '69.1848780915768' 'marauded']
 ['1' '79.56448068651532' 'present']
 ['9' '95.91692131282817' 'marauded']
 ['4' '103.0179912719852' 'presentdestroyed']
 ['1' '107.55400543566535' 'present']
 ['1' '108.07247322527107' 'present']
 ['1' '113.04741243158152' 'present']
 ['1' '113.26624962946337' 'marauded']
 ['4' '133.78294247897765' 'present']
 ['4' '136.85185175357933' 'present']
 ['9' '137.2785776465074' 'present']
 ['4' '140.24589443556087' 'present']
 ['4' '142.4814473975623' 'present']
 ['1' '142.63609625033348' 'present']
 ['8' '158.53421792803945' 'present']
 ['1' '161.77645262488272' 'present']
 ['4' '162.52605796801487' 'present']
 ['4' '166.32355196522295' 'present']
 ['1' '177.22510591477106' 'present']
 ['9' '178.27092305036462' 'present']
 ['9' '196.33301016300794' 'present']
 ['4' '201.1247152509264' 'present']
 ['4' '202.72304004203693' 'marauded']
 ['9' '211.99897466059213' 'present']
 ['4' '218.37454473396338' 'present']
 ['9' '221.65890743884924' 'present']
 ['4' '221.72172075044327' 'present']
 ['4' '231.80886953780106' 'present']
 ['1' '232.39124365988968' 'marauded']
 ['4' '236.36558954297274' 'presentdestroyed']
 ['4' '266.6025570969535' 'present']
 ['9' '274.4573192581692' 'marauded']
 ['9' '278.9910901436002' 'presentdestroyed']
 ['9' '280.24872103740114' 'presentdestroyed']
 ['9' '282.9702974745726' 'present']
 ['9' '289.0492047767197' 'marauded']
 ['9' '297.68056500135' 'present']
 ['9' '301.10977733525766' 'present']
 ['10' '304.81956721451644' 'present']
 ['0' '307.96732645809857' 'present']
 ['1' '309.67524200853745' 'present']
 ['4' '309.73229068598744' 'present']
 ['9' '311.0593845166396' 'present']
 ['9' '320.59111698647615' 'marauded']
 ['4' '323.2211729971655' 'presentdestroyed']
 ['9' '327.27856431659757' 'destroyed']
 ['1' '335.6060772363139' 'present']
 ['1' '339.4770616363748' 'marauded']
 ['4' '347.5272246436431' 'present']
 ['1' '353.5136514216547' 'present']]","[['F188' '98.66111165834624' 'destroyed']
 ['F137' '144.21170288247242' 'absent']
 ['F126' '167.59077808703287' 'mated']
 ['F140' '168.27765128244843' 'mated']
 ['F112' '182.33392987392273' 'mated']
 ['F130' '188.43021253161052' 'mated']
 ['F206' '197.5221542580219' 'mated']
 ['F128' '212.07659536167395' 'mated']
 ['F13' '225.06554168981864' 'absent']
 ['F208' '238.1566212964723' 'destroyed']
 ['F59' '294.9710075158064' 'destroyed']
 ['F123' '332.3271875537332' 'mated']]",1000.0,1000.0,553.0,68.86173278072565,14.941589873356486,1312.0,224.61762148267985,48.58323305817443,366.0,61.1954352114926,12.984208016616005,17.0,1.7000000000000004,0.1700000000000001,78.0,3.6494642187382484,0.17146776406035646
6,0.0,5,359.6626883153842,"[['10' '5.19153772260888' 'present']
 ['5' '10.866756644677988' 'present']
 ['5' '15.37148450448275' 'marauded']
 ['7' '16.317208287288356' 'presentdestroyed']
 ['5' '17.674423769341644' 'presentdestroyed']
 ['5' '28.033961998276336' 'present']
 ['10' '28.793446043982648' 'present']
 ['7' '31.366274700869187' 'present']
 ['1' '34.01189515568167' 'present']
 ['5' '36.26782198800693' 'marauded']
 ['10' '38.16793968013327' 'presentdestroyed']
 ['7' '59.22618954344137' 'present']
 ['5' '66.65394805705878' 'marauded']
 ['7' '76.27345769581157' 'present']
 ['7' '76.31975399210788' 'present']
 ['7' '81.78782483354613' 'present']
 ['10' '88.59872185072952' 'present']
 ['7' '101.13568862156144' 'present']
 ['10' '102.80012253041056' 'present']
 ['7' '114.25130797449668' 'present']
 ['5' '128.02871974240128' 'marauded']
 ['5' '130.53057119539486' 'presentdestroyed']
 ['7' '130.60466983853956' 'destroyed']
 ['5' '139.86868875213355' 'present']
 ['10' '150.077124729349' 'present']
 ['7' '152.74655212415817' 'present']
 ['10' '153.49960604445005' 'present']
 ['7' '153.54128516772712' 'present']
 ['7' '154.60740480789897' 'present']
 ['10' '160.46423883485622' 'present']
 ['5' '165.04574011515314' 'present']
 ['5' '172.793042310878' 'present']
 ['7' '176.55375017865774' 'marauded']
 ['10' '177.52396472531387' 'presentdestroyed']
 ['7' '178.02020989846042' 'presentdestroyed']
 ['10' '178.45139788324173' 'presentdestroyed']
 ['7' '184.00028922078988' 'present']
 ['5' '193.23706330069416' 'present']
 ['7' '196.52838792460744' 'marauded']
 ['7' '197.75887164081834' 'presentdestroyed']
 ['5' '219.46546503597696' 'marauded']
 ['7' '219.52582666200573' 'presentdestroyed']
 ['10' '220.80507140604809' 'presentdestroyed']
 ['5' '225.3962034496636' 'presentdestroyed']
 ['7' '253.6275172121418' 'present']
 ['7' '254.33346757251294' 'present']
 ['7' '254.90379230455142' 'present']
 ['7' '266.79047891055245' 'present']
 ['10' '278.18156555828955' 'present']
 ['5' '283.0642445193819' 'present']
 ['5' '287.00278789350807' 'present']
 ['10' '303.73089050819436' 'marauded']
 ['5' '311.1745284949064' 'destroyed']
 ['10' '312.2391455810419' 'present']
 ['10' '322.86850527052394' 'present']
 ['10' '323.6563832619868' 'marauded']
 ['5' '329.6462962087111' 'presentdestroyed']
 ['10' '330.4662854454926' 'destroyed']
 ['10' '330.68091281603273' 'presentdestroyed']
 ['10' '332.2876539951378' 'present']
 ['7' '340.54405229334674' 'present']
 ['7' '348.2126066619034' 'present']
 ['5' '352.5998953878417' 'present']
 ['5' '355.7051119418213' 'present']]","[['F98' '63.825097748554924' 'mated']
 ['F6' '71.47760416763334' 'destroyed']
 ['F107' '74.80048583181703' 'absent']
 ['F187' '138.57306713982172' 'absent']
 ['F176' '142.73604719446774' 'mated']
 ['F111' '148.8915838417914' 'mated']
 ['F11' '199.43055016976908' 'destroyed']
 ['F58' '263.2845177750536' 'mated']
 ['F59' '294.9478593676582' 'absent']
 ['F59' '294.99415566395453' 'mated']]",1000.0,2000.0,574.0,68.82240392732723,13.91257260716199,1401.0,235.96988384517525,50.336493109783675,332.0,55.22592106242036,11.408180428633395,0.0,0.0,0.0,0.0,0.0,0.0
7,0.054,12,360.27448387041323,"[['4' '16.99395049618979' 'present']
 ['11' '26.657193774085187' 'present']
 ['11' '32.37860045359163' 'present']
 ['11' '33.41483992335715' 'marauded']
 ['11' '44.07521580382298' 'present']
 ['4' '63.48377743753715' 'marauded']
 ['4' '66.35043448056437' 'presentdestroyed']
 ['4' '71.0253797938322' 'present']
 ['0' '86.3985381079219' 'present']
 ['11' '89.61099432690975' 'present']
 ['4' '103.10333321408302' 'marauded']
 ['4' '112.51554831031221' 'present']
 ['4' '129.42375140707742' 'present']
 ['4' '136.34237569778304' 'present']
 ['11' '150.5802392492808' 'present']
 ['4' '158.33584389890686' 'present']
 ['11' '211.16073383543622' 'present']
 ['4' '218.32824843766707' 'present']
 ['11' '223.5766045215705' 'marauded']
 ['11' '239.62399124483622' 'present']
 ['11' '256.79382719847865' 'marauded']
 ['11' '277.3012493751011' 'present']
 ['11' '283.2295595248868' 'marauded']
 ['11' '288.43438683235263' 'presentdestroyed']
 ['4' '297.60317737146823' 'marauded']
 ['11' '306.75537630796873' 'present']
 ['11' '312.17904876666813' 'present']
 ['4' '316.59050030372' 'present']
 ['11' '327.1696235688331' 'marauded']
 ['4' '339.33773030384754' 'present']]","[['F37' '44.883260086901814' 'mated']
 ['F210' '52.75073269782968' 'mated']
 ['F6' '71.45445601948519' 'absent']
 ['F6' '71.5007523157815' 'mated']
 ['F166' '72.49430595009642' 'mated']
 ['F107' '74.82363397996518' 'absent']
 ['F147' '84.89014695377648' 'mated']
 ['F188' '98.70740795464255' 'mated']
 ['F183' '152.73780216572337' 'absent']
 ['F189' '161.15130514551564' 'mated']
 ['F73' '163.26565544616864' 'mated']
 ['F184' '191.90768527623777' 'mated']
 ['F11' '199.45369831791723' 'mated']
 ['F54' '246.9979073342306' 'absent']
 ['F108' '255.46859974774475' 'mated']
 ['F31' '256.89997414906566' 'absentdestroyed']
 ['F81' '262.19492566545455' 'destroyed']
 ['F79' '272.17860991070916' 'mated']]",1000.0,3000.0,570.0,66.47387304379819,12.960185573405143,1408.0,239.51288846087326,51.78972880566209,282.0,48.79364159192177,10.589528673240446,15.0,1.5000000000000002,0.15000000000000008,84.0,3.9655951041431647,0.18861454046639206
8,0.054,11,360.7051169922565,"[['9' '5.889816647772992' 'marauded']
 ['4' '11.683622248403303' 'presentdestroyed']
 ['11' '22.164168153258224' 'present']
 ['11' '32.94947886312016' 'present']
 ['11' '32.99577515941645' 'present']
 ['11' '34.60137122795338' 'marauded']
 ['13' '35.82728960111753' 'presentdestroyed']
 ['11' '38.86388684983675' 'presentdestroyed']
 ['12' '39.01551441921787' 'presentdestroyed']
 ['12' '42.99427619508364' 'present']
 ['11' '45.405663193455645' 'marauded']
 ['4' '46.24665445873696' 'destroyed']
 ['11' '47.90832599024076' 'presentdestroyed']
 ['11' '48.1326229770618' 'presentdestroyed']
 ['9' '48.875013701814694' 'presentdestroyed']
 ['12' '49.9893279966899' 'presentdestroyed']
 ['11' '50.01621333208294' 'presentdestroyed']
 ['12' '54.4258741534057' 'marauded']
 ['11' '59.18364500632961' 'presentdestroyed']
 ['12' '60.295040401577964' 'presentdestroyed']
 ['11' '63.06200029080213' 'marauded']
 ['4' '70.4532391657875' 'destroyed']
 ['12' '70.56853737280082' 'presentdestroyed']
 ['11' '74.20367914786816' 'marauded']
 ['11' '76.93789769998715' 'presentdestroyed']
 ['4' '77.26716952708261' 'presentdestroyed']
 ['12' '80.84561271540355' 'presentdestroyed']
 ['11' '82.13312312769096' 'present']
 ['12' '82.13445207570983' 'present']
 ['9' '83.01704343974697' 'present']
 ['11' '91.48340912480516' 'present']
 ['4' '95.02538247784457' 'present']
 ['4' '96.02713287560788' 'present']
 ['9' '96.93139954374836' 'present']
 ['4' '98.90562755234996' 'marauded']
 ['11' '104.94346683574625' 'presentdestroyed']
 ['12' '108.61786747823048' 'present']
 ['11' '110.27467956693717' 'marauded']
 ['9' '122.86147132465094' 'present']
 ['12' '133.5171739151615' 'marauded']
 ['12' '134.2707813320458' 'destroyed']
 ['12' '144.39994053050827' 'present']
 ['11' '149.96959765075863' 'marauded']
 ['11' '154.76064436908837' 'presentdestroyed']
 ['9' '155.7140357591177' 'presentdestroyed']
 ['12' '157.04121965165527' 'presentdestroyed']
 ['4' '169.30974052747783' 'present']
 ['11' '178.82560573377734' 'present']
 ['12' '183.8338562048381' 'present']
 ['4' '183.91853965588214' 'present']
 ['11' '190.18785073360658' 'present']
 ['12' '204.35269742596307' 'marauded']
 ['4' '214.7797442799686' 'present']
 ['4' '216.220974567796' 'present']
 ['12' '235.66171590232645' 'marauded']
 ['12' '237.19270939136868' 'presentdestroyed']
 ['9' '253.93934824776966' 'present']
 ['12' '254.95702204900803' 'marauded']
 ['11' '259.5648610609692' 'presentdestroyed']
 ['11' '264.47800177439564' 'present']
 ['11' '266.18449792028645' 'present']
 ['12' '271.810833484077' 'present']
 ['4' '275.74763628156813' 'present']
 ['12' '279.43040023997037' 'present']
 ['9' '283.90647209189746' 'present']
 ['4' '290.096411204862' 'present']
 ['12' '298.1981024837838' 'present']
 ['11' '304.45152578717784' 'marauded']
 ['9' '314.6653818038754' 'present']
 ['4' '316.356448679719' 'present']
 ['9' '321.58051213338786' 'present']
 ['12' '337.6411523478612' 'present']
 ['9' '338.41011481470144' 'present']
 ['4' '339.29143400755123' 'present']]","[['F181' '32.95099341579927' 'mated']
 ['F92' '61.80424981042669' 'destroyed']
 ['F66' '109.25491168000141' 'absent']
 ['F10' '115.94946544548414' 'absentdestroyed']
 ['F47' '144.0121546687034' 'mated']
 ['F25' '147.07348543829445' 'mated']
 ['F182' '150.10986531501146' 'destroyed']
 ['F3' '153.52570931355777' 'destroyed']
 ['F186' '153.78780177771404' 'destroyed']
 ['F57' '161.1678612224574' 'mated']
 ['F172' '169.18131021148946' 'mated']
 ['F1' '170.14262470385734' 'mated']
 ['F90' '214.67704131015168' 'mated']
 ['F41' '230.1582993889681' 'mated']
 ['F133' '249.44237268331847' 'absent']
 ['F32' '280.95136810084296' 'absent']
 ['F156' '294.46199116687984' 'mated']
 ['F63' '331.33398389377817' 'mated']
 ['F205' '345.11887942733915' 'mated']]",2000.0,0.0,576.0,75.2395796106229,16.085536821935943,1132.0,195.23463405139196,42.059354025059925,503.0,85.81942520640857,18.487560107945786,6.0,0.6,0.06000000000000001,68.0,3.1865012557752856,0.150034293552812
9,0.054,6,360.2266439339677,"[['10' '13.338176302554045' 'present']
 ['8' '14.910301686382455' 'present']
 ['5' '21.19216389191113' 'present']
 ['13' '24.114161780646626' 'present']
 ['10' '27.191297444321343' 'present']
 ['10' '34.7993362995273' 'present']
 ['5' '35.11064352968331' 'marauded']
 ['5' '39.46057977741169' 'destroyed']
 ['10' '44.329997537010094' 'present']
 ['10' '44.52886418154733' 'present']
 ['10' '54.48343520373849' 'present']
 ['10' '56.2607784170253' 'marauded']
 ['10' '60.18251801251063' 'presentdestroyed']
 ['5' '61.12939594779367' 'presentdestroyed']
 ['10' '68.0960078745007' 'present']
 ['13' '68.27997925317327' 'present']
 ['13' '73.88303639765431' 'present']
 ['10' '78.95315022213514' 'present']
 ['5' '79.26383840910673' 'present']
 ['10' '83.29040477329451' 'present']
 ['13' '99.43486465417519' 'marauded']
 ['5' '113.28307750897092' 'present']
 ['13' '122.49408148371789' 'present']
 ['5' '124.19068738213291' 'marauded']
 ['5' '130.87467978111195' 'presentdestroyed']
 ['8' '131.5881980121066' 'presentdestroyed']
 ['5' '138.88079443233855' 'present']
 ['8' '142.09437400288942' 'present']
 ['5' '148.14383728009858' 'marauded']
 ['5' '151.5463652426158' 'presentdestroyed']
 ['8' '158.47833335483637' 'present']
 ['8' '162.60504198703117' 'present']
 ['8' '173.12613726496565' 'present']
 ['10' '173.1532686504485' 'present']
 ['5' '179.36760917770715' 'marauded']
 ['13' '184.39050191242518' 'destroyed']
 ['5' '189.11012665792296' 'present']
 ['10' '191.54765034929625' 'present']
 ['13' '196.7836477889998' 'present']
 ['8' '199.3123003146389' 'marauded']
 ['10' '202.23438256340634' 'destroyed']
 ['8' '204.0762133576977' 'presentdestroyed']
 ['13' '204.63534743339775' 'presentdestroyed']
 ['5' '217.72128281338982' 'present']
 ['10' '219.9058012936329' 'present']
 ['5' '223.00522627856378' 'present']
 ['8' '225.0032816432118' 'marauded']
 ['10' '225.792874574396' 'presentdestroyed']
 ['13' '244.0388670475014' 'present']
 ['8' '244.06870298765563' 'present']
 ['8' '244.35418180087964' 'present']
 ['5' '245.19352314371972' 'marauded']
 ['8' '249.4186647779513' 'presentdestroyed']
 ['10' '250.86034142768665' 'presentdestroyed']
 ['13' '256.8779598573088' 'present']
 ['5' '266.19155457233575' 'marauded']
 ['13' '272.98870014872193' 'presentdestroyed']
 ['12' '278.67658808649924' 'present']
 ['4' '281.48392585966246' 'present']
 ['8' '282.44703844667424' 'present']
 ['8' '282.49333474297055' 'present']
 ['5' '288.98649067538037' 'present']
 ['13' '290.05778017117416' 'marauded']
 ['13' '300.42223757536107' 'present']
 ['5' '301.88287578267403' 'present']
 ['8' '303.06165252608497' 'present']
 ['13' '310.43560298073464' 'present']
 ['10' '312.4059704698378' 'present']
 ['10' '320.1671463358537' 'present']
 ['10' '324.20555638853267' 'present']
 ['5' '328.17836570557796' 'present']
 ['10' '329.0722207677451' 'marauded']
 ['5' '329.41315346692977' 'destroyed']
 ['13' '336.2608628794222' 'presentdestroyed']
 ['8' '346.1061311828337' 'present']
 ['10' '357.2993475430589' 'marauded']
 ['10' '358.43992577782035' 'presentdestroyed']
 ['5' '359.3691689388304' 'presentdestroyed']]","[['F51' '13.71257938497126' 'mated']
 ['F137' '144.23485103062058' 'mated']
 ['F182' '150.1330134631596' 'destroyed']
 ['F3' '153.54885746170592' 'absentdestroyed']
 ['F126' '167.56762993888472' 'absent']
 ['F29' '167.9673625018562' 'mated']
 ['F207' '168.50323681802766' 'mated']
 ['F211' '169.06170589631756' 'mated']
 ['F172' '169.1581620633413' 'absent']
 ['F202' '184.90832001815153' 'destroyed']
 ['F13' '225.0886898379668' 'destroyed']
 ['F170' '243.42306888014397' 'absent']
 ['F133' '249.41922453517031' 'destroyed']
 ['F180' '260.7537660646614' 'mated']
 ['F156' '294.4388430187317' 'destroyed']]",2000.0,1000.0,572.0,67.73977671172103,13.394750601418613,1278.0,212.32112624106256,44.642473974428164,448.0,75.78211472837023,15.964895988147227,9.0,0.8999999999999999,0.09000000000000002,70.0,3.2982704021814473,0.15646433470507534
10,0.054,3,360.18271998067195,"[['9' '1.4247365938868877' 'present']
 ['11' '5.176717594636982' 'marauded']
 ['11' '18.309984104636133' 'present']
 ['11' '19.3239138019471' 'present']
 ['9' '19.42309369498508' 'present']
 ['9' '23.251657667325514' 'present']
 ['11' '24.919126368498542' 'present']
 ['11' '39.88952441510878' 'present']
 ['11' '42.87260509360443' 'present']
 ['9' '53.97402454275256' 'present']
 ['14' '55.33579883249847' 'present']
 ['14' '58.159517660424434' 'present']
 ['14' '70.15453973218983' 'marauded']
 ['11' '76.89160140369084' 'presentdestroyed']
 ['14' '86.3956102542137' 'present']
 ['11' '88.25474160445486' 'present']
 ['11' '89.24152136756841' 'present']
 ['9' '90.50548356288814' 'present']
 ['5' '95.53403918810538' 'present']
 ['11' '101.63171403839323' 'present']
 ['11' '106.63835499923296' 'present']
 ['11' '116.30201778953376' 'present']
 ['14' '121.68485887235167' 'present']
 ['11' '124.03933227753488' 'present']
 ['7' '124.79691744932639' 'present']
 ['11' '130.75081729070268' 'present']
 ['14' '140.58953200755263' 'present']
 ['14' '152.59820991585823' 'present']
 ['11' '153.92728018979253' 'present']
 ['9' '156.2604705680537' 'present']
 ['9' '156.58110621996738' 'present']
 ['11' '158.10071791054025' 'present']
 ['14' '159.12258491130774' 'present']
 ['9' '162.95248800594047' 'marauded']
 ['14' '179.4981239684697' 'marauded']
 ['14' '185.272227207023' 'presentdestroyed']
 ['14' '187.78865083138237' 'present']
 ['11' '188.97281475208706' 'present']
 ['14' '202.05074194033077' 'present']
 ['9' '215.66518658688565' 'present']
 ['9' '224.4862408131976' 'present']
 ['14' '236.70486410483664' 'marauded']
 ['9' '238.12342018991328' 'presentdestroyed']
 ['11' '247.02866725468357' 'present']
 ['9' '253.79172174744718' 'present']
 ['11' '258.80925307193604' 'present']
 ['11' '259.41856476467285' 'marauded']
 ['14' '261.9973926594961' 'destroyed']
 ['14' '262.272180288304' 'presentdestroyed']
 ['11' '271.21544269615407' 'present']
 ['9' '275.6717112910898' 'present']
 ['14' '279.1241696503155' 'present']
 ['9' '283.69932754711516' 'present']
 ['9' '289.19550107301603' 'marauded']
 ['11' '306.7090800116724' 'present']
 ['9' '338.5360577807312' 'present']
 ['11' '340.03170962223766' 'present']
 ['9' '344.86699804572646' 'present']
 ['14' '354.51868913601663' 'present']
 ['14' '354.9263020668392' 'present']
 ['9' '355.9455012007111' 'present']
 ['11' '358.19783081511997' 'present']]","[['F98' '63.80194960040678' 'absent']
 ['F107' '74.77733768366888' 'destroyed']
 ['F42' '108.45369249893696' 'absent']
 ['F187' '138.59621528796987' 'mated']
 ['F86' '140.58731336078307' 'mated']
 ['F3' '153.57200560985407' 'absent']
 ['F211' '169.0385577481694' 'destroyed']
 ['F77' '178.39720838085717' 'absent']
 ['F202' '184.93146816629968' 'destroyed']
 ['F11' '199.40740202162092' 'absent']
 ['F96' '235.9564710371712' 'absent']
 ['F180' '260.73061791651327' 'absentdestroyed']
 ['F94' '264.5400755855165' 'destroyed']
 ['F151' '282.95266273677555' 'mated']
 ['F59' '294.9247112195101' 'destroyed']]",2000.0,2000.0,568.0,71.65941760569187,14.485160952894727,1397.0,240.45139863918598,51.86476426160922,250.0,42.87941133762568,9.422868605301588,13.0,1.3,0.13000000000000006,84.0,3.908065442702457,0.18218449931412872
11,0.054,16,360.02385501343383,"[['10' '1.58953792483511' 'present']
 ['8' '1.6856164563629785' 'present']
 ['7' '19.148319563073922' 'present']
 ['10' '20.853673763062737' 'present']
 ['12' '50.19591743424806' 'present']
 ['10' '50.5495434150027' 'marauded']
 ['7' '56.59700570408567' 'presentdestroyed']
 ['7' '73.92498759548155' 'present']
 ['7' '76.99467403613177' 'present']
 ['7' '77.48656794407357' 'present']
 ['10' '78.781123993279' 'present']
 ['10' '81.23107728100055' 'present']
 ['7' '81.83412112984243' 'present']
 ['8' '91.06953730977787' 'present']
 ['7' '100.72559987499358' 'present']
 ['7' '101.79841199889812' 'present']
 ['10' '114.86677850716276' 'present']
 ['10' '120.40732564551556' 'present']
 ['8' '120.95016190331118' 'present']
 ['7' '123.49304042790047' 'present']
 ['7' '131.06561981167133' 'marauded']
 ['10' '135.58802265339605' 'destroyed']
 ['7' '161.0933947345672' 'present']
 ['8' '165.8443938910255' 'present']
 ['7' '166.29091751796298' 'present']
 ['7' '167.2236464476857' 'marauded']
 ['10' '177.47766842901757' 'present']
 ['7' '179.76672664062235' 'marauded']
 ['7' '180.0635534277442' 'presentdestroyed']
 ['8' '181.3892162517234' 'presentdestroyed']
 ['8' '188.13306378504384' 'present']
 ['7' '198.34588678947608' 'present']
 ['10' '201.58094893631542' 'marauded']
 ['8' '203.47556842171568' 'destroyed']
 ['8' '204.0299170614014' 'presentdestroyed']
 ['7' '206.73944565624234' 'destroyed']
 ['7' '213.19750836935125' 'present']
 ['10' '221.11353856712378' 'present']
 ['10' '227.36535544429827' 'marauded']
 ['10' '232.01067923191255' 'presentdestroyed']
 ['7' '251.84976009359025' 'present']
 ['7' '255.6718380371179' 'present']
 ['7' '274.3046786189254' 'present']
 ['8' '277.5933063183871' 'present']
 ['8' '279.33637766791554' 'present']
 ['7' '282.9283498065454' 'present']
 ['10' '301.8828338747625' 'present']
 ['8' '314.3691876580354' 'present']
 ['8' '328.5321686189385' 'present']
 ['8' '329.41390360731407' 'present']
 ['10' '332.93530384344075' 'marauded']
 ['8' '337.81506794090006' 'presentdestroyed']
 ['10' '338.8032424307536' 'presentdestroyed']
 ['10' '340.4176305999422' 'present']
 ['7' '342.1997907724841' 'present']
 ['7' '348.38986766994196' 'present']
 ['7' '350.9998570624414' 'marauded']
 ['8' '352.9767915161819' 'presentdestroyed']
 ['8' '356.6177298366869' 'presentdestroyed']
 ['7' '359.9444664312302' 'present']]","[['F92' '61.827397958574835' 'mated']
 ['F107' '74.84678212811333' 'mated']
 ['F74' '122.50368064515816' 'mated']
 ['F209' '129.35736125901542' 'mated']
 ['F3' '153.59515375800223' 'mated']
 ['F186' '153.8109499258622' 'absent']
 ['F91' '154.4934272992843' 'mated']
 ['F77' '178.45309295406025' 'mated']
 ['F158' '218.1909369947863' 'mated']
 ['F38' '219.1535071574122' 'mated']
 ['F96' '235.97961918531936' 'mated']
 ['F169' '242.74794053958814' 'absent']
 ['F192' '244.47023947299078' 'mated']
 ['F133' '249.46552083146662' 'mated']
 ['F152' '255.9646111974797' 'mated']
 ['F97' '261.1656010100994' 'mated']
 ['F171' '268.6295688045982' 'mated']
 ['F32' '280.9745162489911' 'absent']
 ['F23' '314.471990370315' 'mated']]",2000.0,3000.0,570.0,70.31577537065847,14.207470167812028,1397.0,234.96964585952622,49.85098275997627,309.0,48.838743447462605,10.127588727707217,19.0,1.9000000000000006,0.1900000000000001,88.0,4.112427181701213,0.19290123456790095
12,0.054,12,360.5042477508419,"[['8' '3.7300796909249043' 'marauded']
 ['13' '7.768970125423899' 'presentdestroyed']
 ['8' '21.815703610200725' 'present']
 ['13' '23.189408715842657' 'marauded']
 ['8' '29.570371517649086' 'presentdestroyed']
 ['19' '55.170615045127256' 'present']
 ['8' '62.64825350146395' 'present']
 ['8' '84.78915785472955' 'present']
 ['13' '90.30444632809134' 'present']
 ['8' '91.02324101348157' 'present']
 ['13' '98.26462727028789' 'present']
 ['8' '98.92767469647283' 'present']
 ['13' '102.86655352510007' 'present']
 ['13' '116.1261808570631' 'present']
 ['8' '121.42253743416207' 'present']
 ['8' '141.40210500758275' 'present']
 ['13' '149.3802927744014' 'present']
 ['13' '149.49856467270962' 'marauded']
 ['13' '159.6783051128709' 'marauded']
 ['8' '170.70534547569608' 'marauded']
 ['9' '187.15431242450387' 'present']
 ['17' '197.77695157069147' 'present']
 ['8' '220.89027685401325' 'present']
 ['8' '225.22020706696267' 'present']
 ['8' '233.93793692003908' 'present']
 ['13' '235.0746393389579' 'present']
 ['13' '238.1127807755434' 'marauded']
 ['8' '263.5131222789589' 'present']
 ['13' '264.93827656230496' 'present']
 ['13' '275.3302647834129' 'present']
 ['13' '289.30724215346453' 'present']
 ['8' '299.58749685411266' 'present']
 ['11' '302.69600646379047' 'marauded']
 ['13' '316.0987854920399' 'present']
 ['13' '318.238259818662' 'present']
 ['13' '320.2486995328872' 'present']
 ['13' '320.2949958291835' 'present']
 ['8' '327.75912454616537' 'marauded']
 ['13' '333.27833913209287' 'presentdestroyed']
 ['13' '344.18881388685605' 'present']
 ['13' '347.9266073871203' 'present']
 ['8' '350.71453944960007' 'present']
 ['13' '359.1272656368338' 'present']
 ['13' '359.865297661498' 'present']]","[['F19' '35.51482563026149' 'mated']
 ['F120' '35.70781674405629' 'mated']
 ['F149' '76.9988392981304' 'mated']
 ['F35' '97.51774088004572' 'mated']
 ['F10' '115.97261359363229' 'mated']
 ['F62' '116.83360478514008' 'mated']
 ['F177' '131.9649449056355' 'mated']
 ['F186' '153.76465362956588' 'destroyed']
 ['F214' '159.09934395914016' 'mated']
 ['F84' '161.63939032938177' 'destroyed']
 ['F204' '165.76692373286005' 'destroyed']
 ['F201' '168.34359354086843' 'mated']
 ['F45' '178.17956847406896' 'mated']
 ['F163' '182.38090054857514' 'mated']
 ['F131' '195.58269894950828' 'mated']
 ['F41' '230.13515124081994' 'absent']
 ['F113' '241.94053104166875' 'absentdestroyed']
 ['F102' '263.6055881316106' 'absent']
 ['F205' '345.095731279191' 'absent']]",3000.0,0.0,551.0,71.3737421795757,14.431525894873088,1421.0,234.74514291382195,49.41981707200648,286.0,48.71165790496867,10.255626382235244,14.0,1.4000000000000001,0.14000000000000007,84.0,3.946418550329595,0.18647119341563761
13,0.054,11,360.36478760958175,"[['14' '7.083958834675088' 'present']
 ['14' '10.892909239358069' 'present']
 ['12' '12.90004988385436' 'marauded']
 ['9' '25.628348097460144' 'present']
 ['17' '41.18173282577763' 'present']
 ['14' '46.7261481857453' 'present']
 ['9' '47.37945394596101' 'present']
 ['14' '47.91808928234301' 'present']
 ['14' '49.75916350913491' 'present']
 ['12' '53.45501907273364' 'marauded']
 ['14' '54.96395419095084' 'presentdestroyed']
 ['14' '55.21667180255586' 'presentdestroyed']
 ['14' '60.30402515893866' 'presentdestroyed']
 ['17' '63.967730344743046' 'present']
 ['9' '71.17808833359354' 'present']
 ['12' '74.00012977258302' 'marauded']
 ['9' '76.69637926225708' 'presentdestroyed']
 ['12' '81.98815577941353' 'marauded']
 ['14' '87.47772089755748' 'destroyed']
 ['12' '89.61219870897008' 'present']
 ['12' '95.1646671179848' 'present']
 ['17' '95.18984074710657' 'present']
 ['12' '95.92584022112258' 'present']
 ['9' '98.30383648101746' 'present']
 ['9' '108.35185279381594' 'marauded']
 ['12' '108.66416377452678' 'presentdestroyed']
 ['12' '108.82172959710708' 'presentdestroyed']
 ['12' '120.65593805838017' 'present']
 ['17' '122.95296545075644' 'marauded']
 ['14' '127.05315602440021' 'presentdestroyed']
 ['14' '130.08522779771604' 'present']
 ['14' '134.4036687102658' 'marauded']
 ['17' '141.57466438117268' 'presentdestroyed']
 ['12' '149.515913787081' 'marauded']
 ['17' '149.5695201440078' 'destroyed']
 ['14' '150.31466342757102' 'presentdestroyed']
 ['14' '154.83697027040603' 'presentdestroyed']
 ['14' '162.19774603495307' 'present']
 ['9' '175.70962007990858' 'present']
 ['17' '179.81315993250146' 'present']
 ['12' '181.50280932136508' 'present']
 ['17' '187.7596909808477' 'marauded']
 ['14' '188.2749489948876' 'presentdestroyed']
 ['17' '190.53423466192797' 'destroyed']
 ['12' '199.51934410171572' 'present']
 ['14' '200.4505629089119' 'present']
 ['14' '206.5102587449159' 'marauded']
 ['12' '234.3906730126551' 'present']
 ['12' '237.46406969071975' 'present']
 ['9' '244.4072220904763' 'present']
 ['12' '252.41353670669605' 'present']
 ['12' '253.53349581716037' 'present']
 ['12' '254.39443270740176' 'present']
 ['9' '254.7125898201901' 'present']
 ['14' '262.2258839920077' 'present']
 ['17' '264.9262176321787' 'marauded']
 ['14' '269.2581381847524' 'destroyed']
 ['9' '276.11581532052105' 'present']
 ['17' '283.65398330216914' 'present']
 ['12' '286.27316887517657' 'present']
 ['14' '286.82307090770433' 'present']
 ['12' '291.2121082340128' 'present']
 ['12' '296.61777862550343' 'present']
 ['9' '300.3671263397122' 'present']
 ['12' '315.82984710443503' 'present']
 ['9' '320.01203399628486' 'present']
 ['9' '322.9182164050936' 'present']
 ['9' '323.39132381117975' 'present']
 ['14' '324.85231748336' 'present']
 ['14' '325.02796113995464' 'present']
 ['8' '326.04887137660444' 'present']
 ['17' '350.4833632626335' 'present']
 ['12' '352.6649312810664' 'present']
 ['14' '355.9423482124675' 'present']]","[['F195' '62.50206602568493' 'mated']
 ['F149' '76.97569114998225' 'destroyed']
 ['F173' '84.913960756249' 'destroyed']
 ['F15' '98.70903232490032' 'mated']
 ['F42' '108.40739620264065' 'absentdestroyed']
 ['F42' '108.49998879523326' 'destroyed']
 ['F165' '116.79417603774584' 'mated']
 ['F24' '126.26881793913674' 'destroyed']
 ['F161' '143.57158311342963' 'absent']
 ['F182' '150.15616161130777' 'absentdestroyed']
 ['F186' '153.74150548141773' 'destroyed']
 ['F84' '161.66253847752992' 'absent']
 ['F204' '165.7900718810082' 'mated']
 ['F179' '169.50263835359482' 'mated']
 ['F142' '197.89681724495202' 'mated']
 ['F40' '217.4095432271577' 'absent']
 ['F13' '225.11183798611495' 'mated']
 ['F113' '241.9636791898169' 'mated']
 ['F170' '243.44621702829212' 'mated']
 ['F67' '249.58344821479614' 'mated']
 ['F102' '263.62873627975875' 'mated']
 ['F87' '303.835779316928' 'absent']
 ['F205' '345.07258313104285' 'absent']]",3000.0,1000.0,566.0,71.67020026978585,14.745195913738451,1287.0,216.46267343991843,46.423016474650716,389.0,67.24012425671353,14.475917791623118,12.0,1.2,0.12000000000000005,78.0,3.6494642187382484,0.1714677640603565
14,0.054,9,360.1668906076781,"[['9' '1.3688520206838068' 'present']
 ['13' '33.19041102851155' 'present']
 ['13' '35.60485563823068' 'present']
 ['10' '44.947297296276' 'present']
 ['10' '55.522187404996835' 'present']
 ['10' '62.124885645027206' 'present']
 ['13' '64.52068763342218' 'present']
 ['13' '73.98024692588193' 'present']
 ['10' '79.66420081203661' 'present']
 ['10' '83.47859979090411' 'present']
 ['10' '84.74191812100288' 'present']
 ['10' '92.32379870955364' 'marauded']
 ['13' '93.3893501110753' 'presentdestroyed']
 ['13' '99.84567137120897' 'present']
 ['10' '100.40299573095812' 'marauded']
 ['13' '101.18762303456576' 'presentdestroyed']
 ['10' '113.18732779234156' 'present']
 ['10' '121.6457736574054' 'present']
 ['19' '126.78038952378033' 'present']
 ['10' '130.45818427494308' 'present']
 ['10' '136.21621145252337' 'present']
 ['10' '158.8370238857176' 'present']
 ['10' '159.37347692640822' 'present']
 ['13' '161.1528440664343' 'present']
 ['11' '166.38643444355426' 'present']
 ['13' '176.1075072150831' 'present']
 ['10' '196.05910316040405' 'present']
 ['17' '198.75694032821906' 'present']
 ['10' '208.12947895916068' 'present']
 ['10' '217.98583206130692' 'present']
 ['10' '225.30133854380443' 'present']
 ['10' '226.50121335982607' 'marauded']
 ['10' '234.59504826327404' 'present']
 ['13' '237.08967374882525' 'marauded']
 ['13' '245.86887862878083' 'marauded']
 ['13' '251.71984748337607' 'presentdestroyed']
 ['13' '263.79025198467644' 'present']
 ['13' '287.69159351171425' 'marauded']
 ['13' '293.9661230607028' 'destroyed']
 ['13' '296.9555075942825' 'present']
 ['10' '301.92913017105883' 'marauded']
 ['13' '304.61334495807006' 'presentdestroyed']
 ['13' '305.52434657499424' 'presentdestroyed']
 ['10' '326.5694133875971' 'present']
 ['13' '329.7916802237904' 'present']
 ['10' '332.4292311664609' 'present']
 ['13' '338.00984292801957' 'present']
 ['10' '340.8062361295316' 'present']
 ['13' '343.03828815990204' 'present']
 ['13' '356.4990264558071' 'present']
 ['13' '359.19465391056065' 'present']]","[['F42' '108.43054435078881' 'destroyed']
 ['F42' '108.47684064708511' 'absentdestroyed']
 ['F44' '114.22870246603594' 'mated']
 ['F161' '143.59473126157778' 'mated']
 ['F182' '150.17930975945592' 'mated']
 ['F82' '177.39472703106392' 'mated']
 ['F77' '178.42035652900532' 'absent']
 ['F202' '184.95461631444783' 'mated']
 ['F146' '248.6708215803007' 'absentdestroyed']
 ['F180' '260.7074697683651' 'absent']
 ['F94' '264.56322373366464' 'mated']
 ['F89' '272.70094230068713' 'mated']
 ['F196' '280.72047106701046' 'mated']
 ['F87' '303.85892746507614' 'destroyed']
 ['F8' '336.91630085901323' 'mated']]",3000.0,2000.0,566.0,73.42016832533253,15.517755678291831,1396.0,238.75429960370653,51.40497717128994,257.0,42.74284076318971,9.136354942390343,12.0,1.2,0.12000000000000005,86.0,4.00065803529505,0.18647119341563761
15,0.0,8,359.82695050109504,"[['11' '3.372105668496785' 'present']
 ['14' '5.959757443962253' 'present']
 ['11' '11.085113198779926' 'present']
 ['19' '15.552738653360812' 'marauded']
 ['11' '19.08268796818584' 'presentdestroyed']
 ['14' '21.621107352584158' 'presentdestroyed']
 ['11' '32.90318256682387' 'present']
 ['19' '34.671831800035065' 'present']
 ['12' '38.96921812292158' 'present']
 ['12' '51.915078270351074' 'marauded']
 ['19' '56.27631946473694' 'presentdestroyed']
 ['14' '60.95394353094616' 'present']
 ['14' '64.46783634373938' 'present']
 ['19' '65.43741226417205' 'present']
 ['12' '74.86477357920431' 'present']
 ['19' '76.4942509783026' 'present']
 ['11' '77.12334960653097' 'present']
 ['12' '78.59651669429294' 'present']
 ['19' '94.34555553741045' 'present']
 ['19' '98.56499007802462' 'present']
 ['11' '105.6141228047086' 'present']
 ['11' '107.57610826058732' 'present']
 ['12' '109.24387070133785' 'present']
 ['14' '118.70955151775033' 'present']
 ['11' '125.46433332342367' 'marauded']
 ['12' '129.88148556586077' 'presentdestroyed']
 ['19' '131.47583329625562' 'destroyed']
 ['14' '131.48239764976648' 'presentdestroyed']
 ['12' '139.37963839803348' 'marauded']
 ['14' '142.16365423282033' 'presentdestroyed']
 ['14' '143.1338268251324' 'presentdestroyed']
 ['19' '156.07869275972308' 'present']
 ['14' '157.4781647787348' 'present']
 ['11' '159.1011278281072' 'marauded']
 ['19' '170.26160384713398' 'present']
 ['19' '175.9250321549473' 'present']
 ['19' '177.24844066300312' 'present']
 ['11' '189.01911104838337' 'marauded']
 ['19' '190.60475772543043' 'destroyed']
 ['12' '191.79202421339528' 'presentdestroyed']
 ['11' '197.17956664973732' 'present']
 ['12' '205.53125619127556' 'present']
 ['19' '210.78219078742356' 'present']
 ['11' '213.80484208826255' 'present']
 ['12' '224.43456370727648' 'present']
 ['19' '228.3953195910387' 'present']
 ['19' '230.587554059165' 'present']
 ['12' '232.0501305701105' 'present']
 ['12' '234.3443767163588' 'present']
 ['19' '248.68957477691174' 'present']
 ['12' '249.5001587639048' 'marauded']
 ['11' '256.36136429690333' 'presentdestroyed']
 ['19' '258.9501494903531' 'present']
 ['11' '261.75418490626157' 'present']
 ['14' '265.4614486802204' 'present']
 ['12' '267.8618129519415' 'present']
 ['14' '268.8355983916531' 'present']
 ['19' '272.36166974861584' 'present']
 ['19' '272.8911653589628' 'present']
 ['11' '279.68304824995437' 'present']
 ['14' '280.0854402976179' 'present']
 ['14' '287.3150240060409' 'marauded']
 ['12' '291.5192688291324' 'presentdestroyed']
 ['11' '292.94650639481324' 'presentdestroyed']
 ['19' '304.1636560021501' 'present']
 ['11' '309.5141256954768' 'present']
 ['11' '309.8236074118252' 'present']
 ['19' '322.38995050738754' 'present']
 ['14' '324.5074264441588' 'present']
 ['19' '324.8324093009422' 'present']
 ['12' '326.30051375730596' 'present']
 ['11' '326.69772016593004' 'present']
 ['11' '326.74401646222634' 'present']
 ['11' '326.79031275852265' 'marauded']
 ['14' '335.70546434171007' 'present']
 ['19' '342.3864897439217' 'present']
 ['14' '342.51329171988885' 'present']
 ['12' '359.57613835473694' 'present']]","[['F145' '32.412145077313106' 'mated']
 ['F64' '71.07911183350205' 'mated']
 ['F203' '116.61483642071002' 'mated']
 ['F186' '153.83409807401034' 'mated']
 ['F169' '242.7710886877363' 'mated']
 ['F146' '248.69396972844885' 'mated']
 ['F215' '270.9185513146353' 'mated']
 ['F32' '280.99766439713926' 'absent']
 ['F87' '303.8820756132243' 'mated']]",3000.0,3000.0,580.0,68.93959900277112,14.584894850339047,1423.0,236.12178770482333,49.55900160969615,314.0,54.95719554028494,12.178763719328302,0.0,0.0,0.0,0.0,0.0,0.0
16,0.0,10,360.1959378551309,"[['19' '0.9072138270610816' 'present']
 ['20' '0.9624425345155189' 'present']
 ['20' '1.3050338036007698' 'present']
 ['17' '11.473558499794546' 'present']
 ['20' '13.9656467871303' 'present']
 ['12' '17.272161900927035' 'present']
 ['12' '21.256579528647432' 'present']
 ['20' '35.49804394879511' 'present']
 ['19' '35.96186474949898' 'present']
 ['17' '36.38410726591943' 'present']
 ['12' '39.31434240469963' 'present']
 ['21' '44.066701165452784' 'present']
 ['21' '50.81544291543675' 'present']
 ['20' '63.60156997709641' 'present']
 ['12' '70.61483366909712' 'present']
 ['19' '73.42060026767204' 'present']
 ['17' '84.45611360202834' 'present']
 ['19' '84.49407516574374' 'present']
 ['17' '86.76555177915176' 'marauded']
 ['17' '89.09907795243677' 'presentdestroyed']
 ['17' '89.86316158805644' 'presentdestroyed']
 ['17' '102.5426085405085' 'present']
 ['12' '103.65909888386525' 'present']
 ['17' '103.9985401236526' 'present']
 ['17' '105.57542041997083' 'present']
 ['12' '106.68045937138682' 'present']
 ['17' '111.00435327140846' 'marauded']
 ['12' '120.01920690766062' 'present']
 ['19' '124.9826891257372' 'present']
 ['12' '126.60718657832119' 'present']
 ['12' '135.5541136828825' 'present']
 ['19' '141.27759755874894' 'present']
 ['20' '141.34559630617468' 'present']
 ['12' '148.10385610178892' 'present']
 ['12' '156.9546182343366' 'present']
 ['19' '157.50092203228684' 'present']
 ['17' '166.4961048365443' 'present']
 ['20' '178.16353265602513' 'present']
 ['19' '188.78461422957383' 'present']
 ['17' '190.07765903092533' 'present']
 ['20' '202.94680871834922' 'marauded']
 ['12' '205.9250146062388' 'presentdestroyed']
 ['19' '209.65179675968878' 'destroyed']
 ['17' '215.7862190086675' 'marauded']
 ['12' '216.69949483946016' 'presentdestroyed']
 ['12' '226.09703932934897' 'present']
 ['17' '233.19845995233268' 'present']
 ['19' '234.70525800763755' 'marauded']
 ['17' '236.01050174342174' 'presentdestroyed']
 ['17' '236.67777785137667' 'presentdestroyed']
 ['20' '237.74925236951543' 'presentdestroyed']
 ['17' '239.46601693936663' 'presentdestroyed']
 ['21' '248.0084530936207' 'present']
 ['17' '249.26189350008545' 'present']
 ['19' '257.58839422383534' 'present']
 ['17' '258.02026322817045' 'present']
 ['17' '258.58378063461356' 'present']
 ['17' '265.2724017556542' 'present']
 ['17' '266.67283057692237' 'present']
 ['20' '266.7127755066647' 'present']
 ['20' '273.4350924092202' 'present']
 ['17' '274.4191143526622' 'present']
 ['19' '276.1528799257565' 'present']
 ['12' '276.175228000816' 'present']
 ['12' '279.49527302446745' 'present']
 ['19' '287.7828949851232' 'present']
 ['19' '289.09261948295534' 'present']
 ['19' '309.90269254389625' 'present']
 ['19' '310.8292277863897' 'present']
 ['19' '314.5082264603183' 'present']
 ['17' '315.79654896876286' 'present']
 ['17' '324.13360113186366' 'marauded']
 ['19' '325.03124919653476' 'destroyed']
 ['20' '325.69485243212745' 'presentdestroyed']
 ['17' '333.01529924627016' 'present']
 ['12' '337.53339239628855' 'present']
 ['12' '337.5948560515649' 'present']
 ['17' '338.90879699861347' 'present']
 ['20' '347.5247383732967' 'present']
 ['19' '352.74660343822705' 'present']
 ['12' '353.66064179571504' 'present']
 ['17' '354.85777131109774' 'present']
 ['13' '356.55491102901016' 'marauded']]","[['F88' '92.712855638031' 'absentdestroyed']
 ['F18' '106.59142660429737' 'mated']
 ['F198' '117.99544318795517' 'destroyed']
 ['F116' '125.30012750298538' 'absent']
 ['F68' '141.38574386515575' 'mated']
 ['F84' '161.61624218123362' 'absent']
 ['F160' '164.73556851194488' 'mated']
 ['F129' '172.52615494231264' 'mated']
 ['F163' '182.357752400427' 'absent']
 ['F21' '183.88000256663344' 'mated']
 ['F103' '193.44528302495635' 'absent']
 ['F53' '199.38363072955008' 'mated']
 ['F143' '207.71193233950794' 'destroyed']
 ['F113' '241.8710865972243' 'destroyed']
 ['F113' '241.9173828935206' 'destroyed']
 ['F175' '245.76229636966877' 'mated']
 ['F144' '248.57617441646482' 'mated']
 ['F46' '266.0411544481581' 'mated']
 ['F110' '300.71257811832174' 'mated']]",4000.0,0.0,580.0,69.160253314568,13.976996192240449,1485.0,251.67182450296932,54.14048197937151,247.0,39.325449485836444,7.998111832473474,0.0,0.0,0.0,0.0,0.0,0.0
17,0.054,10,360.50846685984743,"[['13' '1.8950088380649979' 'marauded']
 ['13' '4.589891765990367' 'presentdestroyed']
 ['21' '4.858288386861432' 'presentdestroyed']
 ['13' '7.722673829127603' 'presentdestroyed']
 ['21' '10.429295693475623' 'present']
 ['13' '30.417569272693598' 'present']
 ['21' '32.53285397159959' 'present']
 ['13' '92.32095335269304' 'present']
 ['13' '105.81998191775236' 'present']
 ['13' '106.6439696891015' 'present']
 ['13' '116.17247715335941' 'present']
 ['21' '133.65976044818834' 'present']
 ['21' '134.57066380265317' 'present']
 ['21' '134.65464725859488' 'present']
 ['13' '149.4265890706977' 'present']
 ['13' '160.14818881166758' 'present']
 ['21' '178.65132511860767' 'present']
 ['21' '205.75660540393272' 'marauded']
 ['21' '216.21038092404507' 'present']
 ['13' '218.93074701791681' 'present']
 ['13' '236.48533700769187' 'present']
 ['21' '239.96323299404375' 'present']
 ['21' '250.43837066280756' 'present']
 ['21' '252.3767288534106' 'present']
 ['21' '261.3803662387502' 'present']
 ['21' '281.2688074935054' 'present']
 ['14' '298.28281173539034' 'marauded']
 ['21' '299.31790112115846' 'presentdestroyed']
 ['13' '324.5840416135227' 'marauded']
 ['13' '342.76867593391694' 'present']
 ['13' '356.00773611384875' 'present']]","[['F173' '84.93710890439715' 'absent']
 ['F114' '107.53293524843875' 'mated']
 ['F42' '120.52313694338142' 'mated']
 ['F24' '126.24566979098859' 'absent']
 ['F24' '126.29196608728489' 'mated']
 ['F84' '161.68568662567807' 'mated']
 ['F150' '164.47075124942452' 'mated']
 ['F117' '165.6432012172238' 'mated']
 ['F40' '217.43269137530586' 'mated']
 ['F55' '240.71323326209614' 'mated']
 ['F69' '254.3681246049756' 'mated']
 ['F39' '266.84952623495445' 'mated']
 ['F89' '272.6546460043908' 'absent']]",4000.0,1000.0,558.0,72.83120611047352,16.091350941988473,1491.0,257.2719390798031,55.86027195017483,145.0,24.62339963238232,5.195910707329436,15.0,1.5000000000000002,0.15000000000000008,80.0,3.7804099189579796,0.18004115226337425
18,0.0,9,360.6110902347202,"[['22' '2.4296713199175137' 'present']
 ['14' '4.452275562612305' 'present']
 ['17' '11.519854796090844' 'present']
 ['17' '30.465889625919427' 'marauded']
 ['14' '31.812202953922927' 'presentdestroyed']
 ['14' '35.65939796150536' 'presentdestroyed']
 ['19' '44.51133418973877' 'present']
 ['19' '47.49686579512323' 'present']
 ['14' '57.39699452557003' 'marauded']
 ['14' '66.11963462172136' 'present']
 ['17' '68.6720145682566' 'marauded']
 ['14' '68.81890922323737' 'presentdestroyed']
 ['14' '70.30083602848613' 'destroyed']
 ['14' '71.85040459969028' 'presentdestroyed']
 ['19' '82.73254422535088' 'present']
 ['19' '82.8675445332099' 'present']
 ['19' '90.54681115118836' 'present']
 ['14' '100.3617779842793' 'marauded']
 ['22' '103.82386939516394' 'presentdestroyed']
 ['22' '105.40928585847054' 'presentdestroyed']
 ['22' '107.90014618909257' 'present']
 ['17' '109.7364161556427' 'present']
 ['22' '110.84936981658558' 'present']
 ['22' '113.47488152452559' 'marauded']
 ['23' '114.68282034604898' 'destroyed']
 ['22' '116.20216588749173' 'presentdestroyed']
 ['19' '116.81824297764454' 'presentdestroyed']
 ['14' '117.10852160472461' 'presentdestroyed']
 ['22' '121.73237654004363' 'present']
 ['17' '125.91595304748067' 'present']
 ['19' '127.04641312474874' 'present']
 ['19' '142.64231904824217' 'present']
 ['22' '148.52707595305728' 'marauded']
 ['22' '157.26136000736187' 'marauded']
 ['14' '160.36610466153013' 'presentdestroyed']
 ['17' '161.72454573069783' 'presentdestroyed']
 ['22' '162.9534890895879' 'destroyed']
 ['22' '163.7002660333782' 'presentdestroyed']
 ['22' '171.04903974284466' 'present']
 ['19' '173.399858221226' 'marauded']
 ['14' '177.78687710955046' 'presentdestroyed']
 ['14' '183.8312519297218' 'marauded']
 ['14' '188.11827999886873' 'presentdestroyed']
 ['22' '189.3642740221793' 'presentdestroyed']
 ['22' '189.4105703184756' 'presentdestroyed']
 ['19' '189.69293151523067' 'presentdestroyed']
 ['14' '196.3215762564384' 'present']
 ['19' '200.84216103012503' 'present']
 ['22' '202.65185837145148' 'present']
 ['14' '213.61733630355485' 'marauded']
 ['17' '216.4919359930018' 'presentdestroyed']
 ['22' '216.62215030243152' 'destroyed']
 ['14' '216.79215145666157' 'destroyed']
 ['17' '225.28380026431736' 'present']
 ['17' '233.90998647361613' 'present']
 ['22' '235.7488465499777' 'marauded']
 ['14' '236.44236125597595' 'presentdestroyed']
 ['22' '250.9120433798513' 'present']
 ['19' '264.4461339938915' 'present']
 ['17' '266.0588626487197' 'present']
 ['14' '266.5824435832268' 'marauded']
 ['17' '266.71912687321867' 'presentdestroyed']
 ['17' '269.0563932886776' 'presentdestroyed']
 ['17' '272.9327679681009' 'presentdestroyed']
 ['14' '274.4762812096078' 'present']
 ['14' '280.0391440013216' 'present']
 ['14' '281.69398656781954' 'present']
 ['19' '285.83591750269704' 'present']
 ['22' '288.94658256652195' 'present']
 ['14' '298.8675298869647' 'present']
 ['17' '306.7864228442741' 'present']
 ['17' '310.9286628296254' 'marauded']
 ['17' '311.1953403573461' 'presentdestroyed']
 ['19' '313.9585995417881' 'presentdestroyed']
 ['19' '314.7526735512967' 'destroyed']
 ['14' '324.7042560100951' 'present']
 ['14' '334.50273550240854' 'present']
 ['19' '334.9200278362343' 'present']
 ['22' '336.68773683055014' 'present']
 ['22' '338.0901196631659' 'present']
 ['19' '341.5900709233836' 'present']
 ['17' '345.7437680426502' 'present']
 ['14' '349.52031251281284' 'present']
 ['14' '350.22655978739795' 'present']
 ['19' '359.3597937527464' 'present']]","[['F173' '84.9602570525453' 'mated']
 ['F148' '93.00982834796709' 'mated']
 ['F18' '106.54513030800106' 'destroyed']
 ['F114' '107.5097871002906' '']
 ['F22' '111.70288782690012' 'mated']
 ['F154' '139.66043036101723' 'mated']
 ['F93' '194.4850676564352' 'mated']
 ['F132' '206.35328100822747' 'mated']
 ['F155' '232.4125006174644' 'mated']
 ['F55' '240.690085113948' 'destroyed']
 ['F135' '264.5246734959379' 'mated']
 ['F89' '272.677794152539' 'destroyed']
 ['F17' '285.6539263225184' 'absent']
 ['F122' '304.66978065595083' 'mated']]",4000.0,2000.0,558.0,68.36407241231508,13.795136815080376,1243.0,212.15020585961545,45.8482489691347,471.0,79.62191245119286,17.14556763049891,0.0,0.0,0.0,0.0,0.0,0.0
19,0.054,9,360.99576456008225,"[['23' '8.854991168051427' 'present']
 ['23' '20.179818869133722' 'marauded']
 ['23' '41.53496842763675' 'present']
 ['23' '50.68430083646644' 'present']
 ['23' '62.366431084800865' 'present']
 ['23' '69.70418553091032' 'present']
 ['20' '100.43981370801701' 'present']
 ['23' '102.61747818707124' 'present']
 ['23' '103.81057084108053' 'present']
 ['12' '147.81600994946882' 'marauded']
 ['23' '156.3385863945963' 'present']
 ['23' '157.9819504813095' 'marauded']
 ['23' '179.64762726432252' 'present']
 ['23' '194.33772492875906' 'present']
 ['23' '196.47279779004174' 'present']
 ['23' '210.79423509129975' 'marauded']
 ['23' '212.04381381937756' 'presentdestroyed']
 ['23' '215.10785674921968' 'destroyed']
 ['23' '240.7443779244348' 'present']
 ['23' '251.0081002788552' 'present']
 ['23' '252.43613268837743' 'present']
 ['23' '316.5764199176735' 'present']
 ['23' '316.6227162139698' 'present']
 ['23' '321.83372295238195' 'present']
 ['23' '348.8984586820755' 'present']]","[['F88' '92.73600378617915' 'mated']
 ['F148' '92.98668019981893' 'absent']
 ['F18' '106.52198215985291' 'absent']
 ['F18' '106.56827845614922' 'absent']
 ['F198' '118.01859133610333' 'mated']
 ['F199' '141.66370821076123' 'mated']
 ['F103' '193.4221348768082' 'absent']
 ['F136' '207.32228872983833' 'mated']
 ['F65' '241.21887664941914' 'mated']
 ['F113' '241.89423474537244' 'absent']
 ['F144' '248.55302626831667' 'absent']
 ['F101' '252.6071697435851' 'mated']
 ['F71' '256.58694089238907' 'mated']
 ['F75' '267.55303059192016' 'mated']
 ['F32' '281.0208125452874' 'mated']]",4000.0,3000.0,582.0,70.81898557876616,14.656861561835631,1565.0,260.28483549213064,55.142047428589336,145.0,24.429954807532866,4.969906168649548,8.0,0.7999999999999999,0.08000000000000002,86.0,4.058187696735757,0.19290123456790095
20,0.054,10,360.12539096319387,"[['21' '2.2023825478597203' 'present']
 ['21' '6.60382659729107' 'present']
 ['21' '11.199117327930884' 'present']
 ['23' '14.068864664984032' 'present']
 ['23' '16.578710599456624' 'present']
 ['21' '22.792832411179543' 'present']
 ['0' '23.788037864651166' 'present']
 ['0' '27.203143441665205' 'present']
 ['23' '32.10284710519552' 'present']
 ['0' '32.864364247632636' 'present']
 ['21' '37.52002071795247' 'present']
 ['23' '43.18185789954211' 'present']
 ['21' '46.4368242215547' 'present']
 ['0' '54.924236925067845' 'marauded']
 ['21' '57.3860049013503' 'presentdestroyed']
 ['0' '69.93729858809476' 'present']
 ['0' '72.97672875026483' 'marauded']
 ['23' '82.23013868934629' 'present']
 ['23' '86.828446459702' 'present']
 ['0' '88.04574300583336' 'marauded']
 ['23' '89.78360276827962' 'presentdestroyed']
 ['0' '96.37484751139705' 'present']
 ['0' '96.95677674418579' 'present']
 ['17' '116.2973667435635' 'marauded']
 ['21' '125.943381232474' 'marauded']
 ['0' '134.67491337515412' 'present']
 ['21' '141.15289513560379' 'present']
 ['23' '152.74238629836907' 'present']
 ['0' '156.75946944468487' 'marauded']
 ['17' '159.6483544456727' 'presentdestroyed']
 ['0' '160.7948050505994' 'presentdestroyed']
 ['21' '161.82302845575117' 'presentdestroyed']
 ['23' '164.81453919407758' 'present']
 ['23' '165.4721866748633' 'marauded']
 ['21' '169.3688709115587' 'presentdestroyed']
 ['23' '174.84749674301568' 'present']
 ['21' '179.33700863435874' 'present']
 ['21' '180.7724112313233' 'present']
 ['21' '186.78307936179579' 'present']
 ['23' '197.8515297231921' 'present']
 ['21' '209.3336917336242' 'present']
 ['23' '213.0109543091572' 'marauded']
 ['21' '227.0736951600548' 'marauded']
 ['0' '228.38402279916525' 'presentdestroyed']
 ['19' '231.06947839969052' 'presentdestroyed']
 ['21' '238.0014353580024' 'present']
 ['0' '246.002062313687' 'marauded']
 ['23' '248.4209298684991' 'destroyed']
 ['23' '251.05829761695014' 'presentdestroyed']
 ['0' '257.68537700378755' 'marauded']
 ['23' '258.1616592036242' 'presentdestroyed']
 ['19' '264.8656364063332' 'present']
 ['23' '273.8985250266342' 'present']
 ['0' '286.5850900511059' 'marauded']
 ['21' '299.8707593047637' 'present']
 ['23' '311.16001431883126' 'marauded']
 ['21' '312.0944106611544' 'presentdestroyed']
 ['0' '322.62687864257356' 'present']
 ['0' '350.5336992514199' 'present']]","[['F7' '32.962351080954186' 'mated']
 ['F14' '46.363599229002546' 'mated']
 ['F33' '52.44689516653167' 'absent']
 ['F56' '82.84866289931426' 'absent']
 ['F88' '92.68970748988285' 'destroyed']
 ['F116' '125.32327565113353' 'mated']
 ['F68' '141.3625957170076' 'absent']
 ['F2' '147.4045286943104' 'mated']
 ['F27' '161.77683121957182' 'destroyed']
 ['F49' '175.36958847020318' 'mated']
 ['F103' '193.4684311731045' 'mated']
 ['F34' '194.78600479994955' 'mated']
 ['F167' '198.9912328527962' 'mated']
 ['F53' '199.31418628510562' 'absent']
 ['F53' '199.36048258140193' 'absent']
 ['F143' '207.7350804876561' 'mated']
 ['F28' '233.1039106360592' 'absentdestroyed']
 ['F9' '277.86974701092845' 'mated']]",5000.0,0.0,547.0,70.86594583742551,15.561249383159671,1223.0,206.66511344208118,43.83363499397204,474.0,79.36535954261022,17.24592659047372,6.0,0.6,0.06000000000000001,57.0,2.715595104143165,0.130744170096022
21,0.054,3,360.2130206815782,"[['1' '9.906811042809233' 'present']
 ['22' '11.887969564478935' 'present']
 ['1' '31.779866712611135' 'present']
 ['20' '38.39126640707689' 'present']
 ['17' '42.28000936674033' 'present']
 ['17' '52.902797541891516' 'present']
 ['22' '54.753690345029156' 'present']
 ['17' '57.59795648872236' 'marauded']
 ['17' '74.550151759446' 'present']
 ['17' '87.09446533635152' 'present']
 ['0' '87.98985843263027' 'present']
 ['22' '89.16490157052266' 'marauded']
 ['0' '94.54533022389835' 'presentdestroyed']
 ['17' '96.5711836238936' 'presentdestroyed']
 ['20' '100.28392913481393' 'marauded']
 ['1' '105.60386928987421' 'presentdestroyed']
 ['17' '110.43557297282894' 'present']
 ['22' '116.91985504645474' 'present']
 ['17' '121.31756798241163' 'present']
 ['1' '127.1861950040903' 'present']
 ['20' '134.54501308097687' 'present']
 ['20' '135.7308165933401' 'present']
 ['1' '142.58979995403718' 'present']
 ['22' '158.66424564619547' 'present']
 ['0' '163.8530409068555' 'present']
 ['0' '168.01750381293851' 'present']
 ['22' '170.90274344654836' 'marauded']
 ['17' '172.65061995197823' 'destroyed']
 ['22' '175.13532898979327' 'presentdestroyed']
 ['17' '180.96385630014282' 'present']
 ['17' '192.37450540543412' 'marauded']
 ['20' '195.40269889624614' 'presentdestroyed']
 ['17' '195.5970996787976' 'presentdestroyed']
 ['20' '204.14045913767134' 'present']
 ['17' '204.84497752150287' 'present']
 ['1' '215.9127801829837' 'present']
 ['1' '216.8315223812998' 'present']
 ['1' '216.8778186775961' 'present']
 ['17' '219.95309564402814' 'present']
 ['17' '219.99939194032444' 'marauded']
 ['20' '226.4655118123738' 'destroyed']
 ['20' '227.0789481536295' 'marauded']
 ['17' '228.45506811073759' 'presentdestroyed']
 ['1' '229.9285521623786' 'presentdestroyed']
 ['22' '231.95655775093812' 'destroyed']
 ['1' '234.34421205245465' 'presentdestroyed']
 ['22' '258.09650625844114' 'present']
 ['22' '267.104860550996' 'marauded']
 ['1' '275.9265915767409' 'present']
 ['17' '281.574936834039' 'present']
 ['22' '301.6788701190194' 'marauded']
 ['22' '303.4644288771658' 'presentdestroyed']
 ['20' '303.66460135871193' 'presentdestroyed']
 ['20' '304.01710222037076' 'presentdestroyed']
 ['1' '308.9293269466984' 'present']
 ['20' '310.0439849366695' 'present']
 ['17' '313.01810310666195' 'marauded']
 ['17' '313.84337539105553' 'destroyed']
 ['20' '326.33162648309326' 'present']
 ['22' '333.8146883884587' 'present']
 ['1' '336.4710392908728' 'present']
 ['22' '347.7992656257287' 'present']
 ['22' '349.96864911111226' 'marauded']
 ['22' '350.52664820477486' 'presentdestroyed']
 ['1' '356.01973682996254' 'presentdestroyed']
 ['1' '356.9249633294562' 'presentdestroyed']
 ['20' '357.8588235199129' 'present']]","[['F80' '58.99615505290865' 'absentdestroyed']
 ['F56' '82.87181104746242' 'absent']
 ['F88' '92.6665593417347' 'absentdestroyed']
 ['F213' '137.02232202041716' 'mated']
 ['F27' '161.79997936771997' 'absent']
 ['F53' '199.33733443325377' 'destroyed']
 ['F200' '261.58968869302487' 'mated']
 ['F17' '285.7002226188147' 'absent']
 ['F20' '342.71131358049706' 'mated']]",5000.0,1000.0,562.0,72.13789993149612,15.122191153023257,1271.0,216.02212944900205,46.322486571957086,405.0,67.00664040168365,14.401296455181438,11.0,1.0999999999999999,0.11000000000000004,80.0,3.7995864727715487,0.18218449931412875
22,0.054,6,360.00094828003165,"[['21' '7.947147793223802' 'present']
 ['21' '9.100376414200642' 'present']
 ['21' '12.185593230100979' 'marauded']
 ['23' '12.401619747370663' 'presentdestroyed']
 ['21' '18.975916945615612' 'presentdestroyed']
 ['21' '34.69281624569868' 'marauded']
 ['23' '34.868425374878775' 'presentdestroyed']
 ['21' '46.734338265285416' 'marauded']
 ['23' '52.33432278739522' 'presentdestroyed']
 ['23' '60.19826151785855' 'present']
 ['23' '70.11026909284338' 'present']
 ['21' '74.06928116075727' 'present']
 ['23' '87.76651183944482' 'present']
 ['23' '90.01077581922927' 'present']
 ['21' '119.18526540106792' 'present']
 ['23' '127.6345740067629' 'present']
 ['23' '129.93235464785235' 'present']
 ['23' '130.65463390351283' 'present']
 ['21' '139.5226358949586' 'marauded']
 ['21' '140.45290435142655' 'presentdestroyed']
 ['21' '140.49920064772286' 'presentdestroyed']
 ['23' '145.6554445466674' 'presentdestroyed']
 ['23' '147.61535724567275' 'presentdestroyed']
 ['23' '151.51311811506363' 'present']
 ['21' '163.1942577639842' 'present']
 ['21' '180.8187075276196' 'present']
 ['21' '186.1844570360421' 'present']
 ['23' '189.33531701455874' 'present']
 ['21' '205.90290170022902' 'present']
 ['23' '223.84538576203323' 'present']
 ['21' '236.6820571703939' 'present']
 ['23' '242.69129010748722' 'marauded']
 ['21' '249.80123470892124' 'presentdestroyed']
 ['1' '262.82743032698005' 'present']
 ['21' '279.08741959631874' 'present']
 ['23' '306.375893723253' 'marauded']
 ['21' '325.20720235541995' 'marauded']
 ['23' '338.12535291038245' 'marauded']
 ['23' '341.061863819077' 'presentdestroyed']
 ['23' '352.0831081029808' 'present']
 ['21' '359.3593701111925' 'present']
 ['23' '359.98197706323316' 'present']]","[['F80' '59.01930320105679' 'mated']
 ['F99' '63.164407770332254' 'mated']
 ['F61' '74.36661546564308' 'absent']
 ['F56' '82.89495919561057' 'mated']
 ['F138' '86.76623500205604' 'mated']
 ['F76' '91.81819567608338' 'absent']
 ['F154' '139.63728221286908' 'absentdestroyed']
 ['F132' '206.283836563783' 'absent']
 ['F132' '206.33013286007932' 'absent']
 ['F12' '208.70890951604184' 'mated']
 ['F71' '256.55420446733416' 'absent']
 ['F106' '262.6568114852254' 'absent']
 ['F193' '285.2965871034603' 'mated']
 ['F17' '285.6770744706665' 'absent']
 ['F122' '304.6466325078027' 'absent']]",5000.0,2000.0,573.0,73.98177554460442,16.727566353490978,1378.0,231.98412751634783,49.82109942115608,285.0,49.29524966777091,10.962821382438479,16.0,1.6000000000000003,0.1600000000000001,68.0,3.2056778095888547,0.15217764060356645
23,0.054,6,360.0155027383411,"[['20' '3.5894626384722117' 'present']
 ['19' '7.349527394433677' 'present']
 ['19' '9.486093762378053' 'present']
 ['19' '12.873644287459912' 'present']
 ['22' '30.775566009540917' 'present']
 ['22' '34.67705201516409' 'present']
 ['19' '39.03070191010402' 'present']
 ['20' '44.535729052913624' 'present']
 ['20' '52.51215698965077' 'present']
 ['19' '66.23055621947078' 'present']
 ['22' '66.88431575312711' 'present']
 ['19' '74.51644989787424' 'marauded']
 ['19' '75.18511591331797' 'presentdestroyed']
 ['22' '77.49623970155558' 'presentdestroyed']
 ['19' '80.09289010154288' 'presentdestroyed']
 ['19' '83.05511290753309' 'present']
 ['22' '83.95339478681949' 'present']
 ['20' '86.08429070918409' 'present']
 ['19' '93.30247064672125' 'marauded']
 ['22' '106.98216484013938' 'marauded']
 ['0' '126.56653307432926' 'present']
 ['20' '140.65192424965358' 'present']
 ['20' '143.8852426016385' 'present']
 ['22' '153.3490590269508' 'present']
 ['19' '176.8262244841534' 'present']
 ['22' '180.44484275640065' 'present']
 ['20' '195.81619858157924' 'present']
 ['22' '197.56297439129781' 'present']
 ['19' '201.44856129290355' 'marauded']
 ['20' '202.7487991943424' 'destroyed']
 ['20' '203.73648902750395' 'presentdestroyed']
 ['22' '216.07595451367297' 'marauded']
 ['19' '224.51937792293447' 'present']
 ['19' '226.4942941069898' 'marauded']
 ['20' '255.91844541239703' 'present']
 ['19' '261.62306317273317' 'marauded']
 ['22' '262.90952460977644' 'presentdestroyed']
 ['19' '282.25553812188065' 'present']
 ['19' '284.7851121020261' 'present']
 ['19' '293.3397146642136' 'present']
 ['20' '301.17991195534114' 'present']
 ['19' '309.66062743799904' 'present']
 ['19' '328.3876376122321' 'present']
 ['20' '340.186269902322' 'present']
 ['19' '342.3401934476254' 'present']
 ['20' '344.8614632526226' 'present']
 ['22' '357.0827504752116' 'present']
 ['22' '358.362341596552' 'present']]","[['F33' '52.47004331467981' 'mated']
 ['F76' '91.84134382423153' 'mated']
 ['F174' '109.84116257007437' 'destroyed']
 ['F50' '146.4074698660177' 'mated']
 ['F70' '164.28211154200847' 'mated']
 ['F104' '183.19867185760978' 'absent']
 ['F190' '185.5300894186758' 'mated']
 ['F109' '199.1228111548885' 'mated']
 ['F9' '277.8465988627803' 'absent']]",5000.0,3000.0,562.0,67.66328616825656,13.611322340598907,1434.0,244.34281844359202,52.209538574222655,245.0,42.618074899312305,9.396530352388872,15.0,1.5000000000000002,0.15000000000000008,83.0,3.8809457002197303,0.1821844993141287
