id,probability_maraud,successful_mating,next_foraging_time,mar_attempts,mate_attempts,x_pos,y_pos,foraging_events,foraging_hrs,foraging_sqhrs,staying_events,staying_hrs,staying_sqhrs,repairing_events,repairing_hrs,repairing_sqhrs,marauding_events,marauding_hrs,marauding_sqhrs,traveling_events,traveling_hrs,traveling_sqhrs
0,0.054,4,360.24883511088575,"[['20' '2.315020940411753' 'present']
 ['1' '22.39295526005356' 'present']
 ['3' '24.61294273582307' 'marauded']
 ['1' '25.163479501379935' 'presentdestroyed']
 ['1' '26.987401681212926' 'destroyed']
 ['3' '27.358224107122858' 'presentdestroyed']
 ['4' '31.007986592930806' 'presentdestroyed']
 ['4' '31.86449043907635' 'presentdestroyed']
 ['1' '32.150186306399526' 'present']
 ['1' '33.51831204295139' 'present']
 ['4' '34.121665297601545' 'present']
 ['1' '34.13480779638987' 'present']
 ['3' '35.407003232133704' 'marauded']
 ['1' '36.534407144345536' 'presentdestroyed']
 ['3' '38.808289014862865' 'presentdestroyed']
 ['1' '39.52626196067561' 'presentdestroyed']
 ['1' '42.38632638833008' 'presentdestroyed']
 ['1' '44.170151525640605' 'marauded']
 ['20' '44.73540926846496' 'presentdestroyed']
 ['4' '46.344627326460156' 'presentdestroyed']
 ['1' '48.135138974228425' 'presentdestroyed']
 ['3' '49.4829069620073' 'presentdestroyed']
 ['3' '51.78789580751499' 'present']
 ['3' '57.42234199202637' 'marauded']
 ['3' '61.77278467839214' 'presentdestroyed']
 ['20' '63.06696660475643' 'destroyed']
 ['1' '72.18549688733864' 'present']
 ['20' '75.33410012074022' 'present']
 ['4' '86.64318720743643' 'marauded']
 ['3' '95.87575827280246' 'present']
 ['3' '96.34464381739312' 'present']
 ['4' '97.57903353882458' 'present']
 ['20' '99.69546219724386' 'present']
 ['4' '100.86053217070103' 'present']
 ['1' '101.66505988077392' 'present']
 ['1' '102.86383815676963' 'present']
 ['4' '117.50848883176266' 'present']
 ['20' '118.5925274880282' 'marauded']
 ['4' '121.71943545651447' 'destroyed']
 ['1' '122.22589247901628' 'presentdestroyed']
 ['4' '127.02521429042106' 'present']
 ['4' '127.70774453094675' 'present']
 ['3' '137.8287868788993' 'marauded']
 ['4' '142.7307050135425' 'presentdestroyed']
 ['20' '143.43416344470958' 'presentdestroyed']
 ['3' '146.96972781293601' 'marauded']
 ['3' '147.56796516548647' 'presentdestroyed']
 ['21' '147.61346289562425' 'presentdestroyed']
 ['20' '149.0959964982369' 'presentdestroyed']
 ['4' '149.23676434535042' 'presentdestroyed']
 ['1' '155.92729448614273' 'present']
 ['1' '157.9016633535198' 'present']
 ['4' '165.34055729090468' 'present']
 ['4' '165.98316545787267' 'present']
 ['1' '173.72870890615178' 'present']
 ['20' '178.36654274634722' 'present']
 ['4' '178.36976614728496' 'marauded']
 ['1' '180.19209502530975' 'presentdestroyed']
 ['1' '190.15662463088634' 'present']
 ['4' '200.08170539595113' 'marauded']
 ['3' '202.54671809667656' 'presentdestroyed']
 ['20' '203.6748588758154' 'destroyed']
 ['20' '209.74276718171214' 'present']
 ['4' '211.72170624278854' 'present']
 ['23' '212.74446073275848' 'present']
 ['20' '219.46031048136703' 'present']
 ['20' '231.63464142930346' 'present']
 ['4' '234.7751244295848' 'present']
 ['20' '236.24664828230274' 'present']
 ['4' '244.16149919343974' 'present']
 ['4' '252.76571621581218' 'present']
 ['20' '273.24447388981747' 'present']
 ['3' '278.45179239427245' 'marauded']
 ['3' '280.0276731553745' 'presentdestroyed']
 ['1' '283.2212641351023' 'destroyed']
 ['4' '285.5279370218147' 'presentdestroyed']
 ['20' '289.2297322347689' 'marauded']
 ['20' '301.6039398216334' 'present']
 ['20' '301.6502361179297' 'marauded']
 ['3' '302.4031011735798' 'destroyed']
 ['3' '303.75369358482783' 'presentdestroyed']
 ['4' '304.4554538239311' 'presentdestroyed']
 ['3' '306.9289925811623' 'presentdestroyed']
 ['4' '307.4151518235922' 'presentdestroyed']
 ['4' '307.58827828010345' 'presentdestroyed']
 ['3' '307.6636769954124' 'presentdestroyed']
 ['4' '319.07786269465294' 'present']
 ['3' '319.2197982637859' 'present']
 ['5' '321.320266000618' 'present']
 ['3' '323.590423760727' 'present']
 ['20' '325.010664055132' 'present']
 ['3' '328.7759527872999' 'present']
 ['1' '345.29153193581266' 'present']
 ['3' '345.3350870111252' 'present']
 ['1' '346.8609613074811' 'present']
 ['4' '349.0722019471768' 'present']
 ['4' '350.6143490298217' 'present']
 ['20' '358.9092519482984' 'present']]","[['F108' '92.45294530022741' 'absentdestroyed']
 ['F152' '124.4209972330134' 'destroyed']
 ['F76' '176.88581148333242' 'mated']
 ['F157' '180.07090636449712' 'absentdestroyed']
 ['F34' '188.24704217622846' 'mated']
 ['F167' '188.50525005914227' 'absent']
 ['F29' '197.3711236845797' 'mated']
 ['F99' '242.35059080882542' 'mated']]",0.0,0.0,559.0,71.8982660838107,15.093555072169282,1194.0,204.92987785382178,44.653693622168895,469.0,78.87141529637819,16.883672955388125,10.0,0.9999999999999999,0.10000000000000003,75.0,3.5681049912900673,0.17146776406035646
1,0.054,13,360.0776781896773,"[['2' '2.6511060355594434' 'present']
 ['21' '3.690467771436624' 'present']
 ['21' '5.6532423340989695' 'marauded']
 ['2' '6.482155997246569' 'presentdestroyed']
 ['5' '7.139173797155039' 'presentdestroyed']
 ['0' '7.588333745820767' 'presentdestroyed']
 ['5' '9.574346921892209' 'presentdestroyed']
 ['21' '13.234167218136486' 'marauded']
 ['0' '23.98733467057295' 'present']
 ['21' '24.792419783702663' 'present']
 ['21' '25.463230855131304' 'present']
 ['5' '46.19418689456115' 'present']
 ['5' '50.078384884609065' 'marauded']
 ['21' '51.90630844496296' 'presentdestroyed']
 ['0' '52.01638666586807' 'destroyed']
 ['21' '54.713235654659705' 'presentdestroyed']
 ['21' '56.72574620447424' 'presentdestroyed']
 ['21' '61.316344874456036' 'present']
 ['5' '70.34234165689207' 'present']
 ['4' '74.75661311545552' 'marauded']
 ['2' '82.97486057925865' 'present']
 ['5' '103.24307974068087' 'present']
 ['2' '104.56522257726529' 'present']
 ['5' '114.70880873764936' 'present']
 ['2' '121.71071496875656' 'present']
 ['20' '123.26882368928361' 'present']
 ['20' '146.38184174875533' 'marauded']
 ['2' '153.56660724961216' 'presentdestroyed']
 ['5' '158.88534088147594' 'present']
 ['5' '159.78350207536386' 'present']
 ['21' '162.1415857427197' 'present']
 ['2' '172.08194922017285' 'present']
 ['21' '177.8695783877873' 'present']
 ['2' '185.698271957062' 'present']
 ['0' '197.2991078970228' 'present']
 ['5' '215.25489965474242' 'present']
 ['2' '215.67756720967162' 'present']
 ['2' '216.95339735608823' 'marauded']
 ['2' '217.61443521496346' 'presentdestroyed']
 ['2' '220.1414059612922' 'presentdestroyed']
 ['2' '220.25900117579977' 'presentdestroyed']
 ['2' '229.95973977521137' 'marauded']
 ['0' '233.2699575916951' 'presentdestroyed']
 ['2' '242.15559545050252' 'marauded']
 ['2' '256.63820067664494' 'present']
 ['5' '258.3481571303985' 'marauded']
 ['2' '272.23287656501407' 'present']
 ['0' '274.4986434483474' 'present']
 ['21' '291.0282243265331' 'present']
 ['2' '302.84705115173267' 'present']
 ['21' '310.1863068367126' 'present']
 ['0' '314.6539259701246' 'present']
 ['20' '318.5088798285977' 'present']
 ['21' '324.35654418398076' 'present']
 ['2' '324.90441538284375' 'marauded']
 ['21' '327.7389396509001' 'presentdestroyed']
 ['0' '335.38783759569077' 'present']
 ['0' '338.09418535410356' 'present']
 ['5' '341.44124153238056' 'present']
 ['0' '342.9386212731417' 'present']
 ['0' '345.36443467455837' 'present']
 ['21' '352.93517071165803' 'present']
 ['0' '355.0652564118391' 'marauded']
 ['0' '358.3734598665598' 'presentdestroyed']
 ['0' '358.4197561628561' 'presentdestroyed']]","[['F165' '22.88615602816645' 'mated']
 ['F93' '23.450391114161103' 'mated']
 ['F183' '71.64417049971983' 'mated']
 ['F196' '74.26540246615679' 'mated']
 ['F104' '84.45510301650458' 'mated']
 ['F63' '136.09560466113808' 'mated']
 ['F176' '142.50590269607707' 'absent']
 ['F204' '164.44423782074318' 'absent']
 ['F140' '176.72436100075103' 'mated']
 ['F132' '195.07139500708155' 'mated']
 ['F62' '196.9298170548119' 'absent']
 ['F198' '201.19537939451402' 'mated']
 ['F135' '201.69586493556665' 'mated']
 ['F124' '208.94106830469795' 'absent']
 ['F192' '210.90577345578944' 'mated']
 ['F64' '252.9178009978259' 'mated']
 ['F141' '272.34840044875807' 'mated']]",0.0,1000.0,562.0,73.55934795690132,16.509626358448962,1261.0,217.13545785864224,47.16625375282317,406.0,65.30301747540136,13.705646661403875,7.0,0.7,0.07,71.0,3.3253901446641745,0.15646433470507534
2,0.054,12,360.40507323748,"[['1' '22.279724475841274' 'present']
 ['1' '22.650201290132' 'present']
 ['3' '27.176035477223174' 'present']
 ['3' '38.13111188628898' 'marauded']
 ['3' '44.71230691576994' 'presentdestroyed']
 ['3' '63.84899611029606' 'marauded']
 ['21' '65.00300398357493' 'presentdestroyed']
 ['1' '73.43196666022645' 'present']
 ['1' '85.59151435698722' 'present']
 ['3' '85.71814653543709' 'present']
 ['23' '90.23232088440018' 'present']
 ['23' '121.55591468858269' 'present']
 ['1' '137.1657873165239' 'present']
 ['3' '145.8200051613223' 'present']
 ['3' '145.86630145761862' 'present']
 ['1' '161.49233395967633' 'present']
 ['3' '164.3918509595831' 'present']
 ['3' '165.44620781641865' 'present']
 ['1' '174.6736645114268' 'present']
 ['21' '179.8533156989064' 'present']
 ['3' '187.28077807681558' 'marauded']
 ['1' '187.36701841264377' 'destroyed']
 ['1' '191.58391830865514' 'destroyed']
 ['1' '196.70081172497956' 'marauded']
 ['3' '228.53514424426464' 'present']
 ['1' '250.7655848331867' 'present']
 ['1' '271.09765097406745' 'present']
 ['1' '280.917378569438' 'present']
 ['3' '284.4705288718886' 'marauded']
 ['21' '306.6527517327444' 'marauded']
 ['3' '328.8222490835962' 'present']
 ['23' '336.2406230599589' 'marauded']
 ['3' '344.3865066878788' 'present']]","[['F183' '71.62102235157168' 'absentdestroyed']
 ['F60' '87.01731476481328' 'absent']
 ['F150' '91.41653027444319' 'mated']
 ['F160' '105.21168774118796' 'mated']
 ['F40' '105.61038541319145' 'mated']
 ['F114' '113.92571486299742' 'mated']
 ['F49' '125.36460423574127' 'mated']
 ['F176' '142.52905084422522' 'mated']
 ['F9' '144.4300026958782' 'mated']
 ['F204' '164.46738596889134' 'absent']
 ['F178' '195.23797031140091' 'mated']
 ['F72' '195.8721563833789' 'mated']
 ['F135' '201.6727167874185' 'destroyed']
 ['F47' '257.1935282249218' 'mated']
 ['F51' '261.2125555637337' 'mated']
 ['F12' '263.4260175202853' 'mated']]",0.0,2000.0,547.0,68.74074884804268,14.128918802015615,1415.0,243.24751762620417,52.51992912399131,256.0,42.68705617849633,9.09073201699255,15.0,1.5000000000000002,0.15000000000000008,82.0,3.93053217299128,0.1907578875171465
3,0.054,6,360.2187037627427,"[['0' '0.19066162749269003' 'present']
 ['23' '0.8195140740898459' 'present']
 ['23' '3.9252131004409585' 'present']
 ['2' '10.0701852117243' 'marauded']
 ['0' '15.189589087100467' 'presentdestroyed']
 ['0' '16.362629347302608' 'presentdestroyed']
 ['2' '16.863432390141174' 'presentdestroyed']
 ['23' '20.918417379846318' 'present']
 ['2' '28.307426944814484' 'present']
 ['0' '67.12337486331221' 'present']
 ['23' '68.51673439560088' 'present']
 ['23' '69.63424091736334' 'present']
 ['23' '75.92302130351831' 'marauded']
 ['2' '77.68351962598533' 'presentdestroyed']
 ['2' '78.90357492859981' 'presentdestroyed']
 ['0' '95.96953531134477' 'present']
 ['2' '102.7530611628143' 'present']
 ['23' '104.090154097126' 'present']
 ['0' '109.2418573821316' 'present']
 ['23' '112.39901172523123' 'marauded']
 ['2' '118.32736938612253' 'destroyed']
 ['2' '120.52853585808123' 'present']
 ['2' '126.97484541057808' 'present']
 ['2' '127.23272057099477' 'present']
 ['2' '165.7129445821067' 'present']
 ['2' '171.45975619267946' 'marauded']
 ['0' '192.15953371963312' 'marauded']
 ['23' '200.61544046391015' 'present']
 ['0' '213.97518970778538' 'present']
 ['2' '218.58094392449138' 'present']
 ['23' '221.76667165713752' 'present']
 ['2' '231.45070545564093' 'marauded']
 ['0' '231.58301487290908' 'presentdestroyed']
 ['23' '236.48683267049185' 'presentdestroyed']
 ['23' '237.41407978559207' 'presentdestroyed']
 ['2' '239.95345122182738' 'marauded']
 ['23' '257.37861818130875' 'marauded']
 ['23' '257.5249144776051' 'presentdestroyed']
 ['2' '261.1746257935241' 'presentdestroyed']
 ['23' '265.11386718557293' 'present']
 ['0' '267.85417944958255' 'present']
 ['23' '286.6997083152159' 'present']
 ['23' '289.5883549186155' 'marauded']
 ['2' '293.8592238099351' 'presentdestroyed']
 ['23' '294.8926761134911' 'presentdestroyed']
 ['0' '300.00278923530504' 'present']
 ['2' '300.74007445056264' 'present']
 ['23' '300.8443337141545' 'present']
 ['0' '315.91140292814663' 'present']
 ['0' '323.7348281615456' 'present']
 ['2' '325.69172364406165' 'present']
 ['23' '326.68463251870656' 'present']
 ['23' '331.8901107785672' 'present']
 ['2' '333.8878018577114' 'present']
 ['0' '337.4815772473104' 'present']
 ['23' '340.54912009001083' 'present']
 ['23' '347.2870421452905' 'marauded']
 ['2' '349.64252308912523' 'presentdestroyed']
 ['23' '351.4090672850648' 'presentdestroyed']
 ['0' '357.60227956655723' 'present']
 ['0' '358.2271635702635' 'marauded']]","[['F199' '68.24639620645578' 'absent']
 ['F108' '92.47609344837556' 'mated']
 ['F59' '112.90574386650678' 'destroyed']
 ['F55' '151.58273327346552' 'mated']
 ['F157' '180.09405451264527' 'mated']
 ['F178' '195.21482216325276' 'destroyed']
 ['F164' '209.74464688610271' 'mated']
 ['F169' '213.9180078660724' 'mated']
 ['F81' '228.03681245501517' 'mated']
 ['F85' '243.3240725243675' 'destroyed']]",0.0,3000.0,569.0,71.51193247450792,15.307908983584143,1309.0,220.25617954208417,47.22612212303236,382.0,62.568326963082455,13.100526465515273,18.0,1.8000000000000005,0.1800000000000001,83.0,3.9384753616604375,0.18861454046639206
4,0.054,13,360.14589185478053,"[['8' '11.18230512954832' 'present']
 ['0' '15.787995099050654' 'present']
 ['8' '17.631730244095767' 'present']
 ['0' '18.403925419136645' 'present']
 ['0' '20.306516338137595' 'present']
 ['8' '23.155134769602842' 'marauded']
 ['0' '32.362553687114385' 'present']
 ['5' '45.51451086109995' 'present']
 ['5' '73.81801426072707' 'present']
 ['5' '76.8489290011684' 'marauded']
 ['0' '78.32463793987726' 'presentdestroyed']
 ['0' '83.27047484829481' 'presentdestroyed']
 ['8' '86.44138034324084' 'present']
 ['3' '88.98330558232095' 'marauded']
 ['5' '109.46405363830286' 'present']
 ['0' '110.5067336368367' 'present']
 ['0' '126.37296140949859' 'present']
 ['8' '128.3837641549689' 'present']
 ['0' '135.7096611758607' 'present']
 ['8' '140.05332587446688' 'present']
 ['5' '167.4303878610675' 'present']
 ['8' '181.62525839882366' 'present']
 ['8' '181.67155469511997' 'present']
 ['8' '185.50632785507125' 'present']
 ['5' '186.1558257776329' 'present']
 ['0' '191.68382769796074' 'present']
 ['5' '209.63866740314268' 'present']
 ['5' '211.28062168918888' 'present']
 ['5' '223.01268456630237' 'marauded']
 ['8' '223.29754145562126' 'presentdestroyed']
 ['5' '225.73364994517829' 'presentdestroyed']
 ['0' '228.24707105298762' 'presentdestroyed']
 ['11' '232.4665056092678' 'present']
 ['0' '233.73924175433012' 'present']
 ['5' '237.33154067441475' 'present']
 ['5' '239.16134132865545' 'present']
 ['0' '246.10572404276328' 'present']
 ['5' '250.28469267273152' 'present']
 ['5' '250.33098896902783' 'present']
 ['0' '251.14098634382563' 'present']
 ['8' '256.3969706409126' 'present']
 ['0' '260.80758152263' 'present']
 ['0' '271.8576826194659' 'present']
 ['8' '286.8940341272214' 'marauded']
 ['8' '295.59326152865947' 'present']
 ['5' '310.44889862816393' 'marauded']
 ['0' '312.3292027858878' 'presentdestroyed']
 ['5' '312.6961119998731' 'presentdestroyed']
 ['8' '313.510349626161' 'presentdestroyed']
 ['8' '315.45461517655855' 'presentdestroyed']
 ['0' '315.81481796094334' 'destroyed']
 ['5' '321.26438142741495' 'present']
 ['0' '323.7811244578419' 'present']
 ['0' '327.5686975537863' 'marauded']
 ['0' '329.45116554503335' 'presentdestroyed']
 ['3' '334.48558225050016' 'presentdestroyed']
 ['5' '340.85871989622075' 'present']
 ['5' '359.3322838086816' 'present']]","[['F212' '45.957127682570636' 'mated']
 ['F205' '92.831178070728' 'destroyed']
 ['F205' '92.8774743670243' 'destroyed']
 ['F149' '105.60933936890402' 'mated']
 ['F70' '107.14997768761876' 'mated']
 ['F53' '108.83100740276424' 'mated']
 ['F152' '124.44414538116155' 'mated']
 ['F136' '174.99917927886878' 'mated']
 ['F127' '185.591694218174' 'mated']
 ['F89' '199.54860992516228' 'mated']
 ['F78' '200.54038948414453' 'mated']
 ['F6' '203.33911851502626' 'mated']
 ['F71' '234.61161258896735' 'mated']
 ['F131' '240.04381778887694' 'mated']
 ['F207' '256.3893424582244' 'mated']
 ['F27' '281.1397782375229' 'absent']
 ['F44' '332.3293828234648' 'destroyed']]",1000.0,0.0,566.0,72.81928337207394,15.579376639652628,1421.0,237.94915392094757,50.88681226091794,263.0,43.03672539006189,9.097098806350854,17.0,1.7000000000000004,0.1700000000000001,98.0,4.594566698477749,0.21647805212619986
5,0.054,9,360.0179521491684,"[['9' '3.8359821175383275' 'present']
 ['9' '6.098549120739159' 'present']
 ['9' '10.264602336491002' 'present']
 ['1' '22.696497586428297' 'present']
 ['1' '40.06117616304704' 'present']
 ['1' '42.974301681829466' 'present']
 ['4' '43.894702071917095' 'present']
 ['1' '62.49215090398556' 'present']
 ['4' '65.30344624309691' 'present']
 ['9' '70.21345661584473' 'present']
 ['4' '85.83088830354818' 'present']
 ['4' '86.20276536551732' 'present']
 ['2' '94.57273666688401' 'present']
 ['9' '98.35955279519533' 'present']
 ['1' '101.46070983693498' 'present']
 ['4' '114.04626212668917' 'present']
 ['9' '116.70076968628013' 'present']
 ['4' '122.13327098909654' 'marauded']
 ['9' '131.16426763624239' 'marauded']
 ['4' '138.98725272362287' 'presentdestroyed']
 ['1' '143.39588988855198' 'present']
 ['4' '143.78691449035222' 'present']
 ['0' '145.3786849612805' 'marauded']
 ['1' '145.49199603365167' 'presentdestroyed']
 ['9' '147.71386913261253' 'presentdestroyed']
 ['4' '150.09587391291032' 'presentdestroyed']
 ['9' '155.30247809814492' 'present']
 ['9' '156.00072833221935' 'present']
 ['1' '172.74795444182678' 'marauded']
 ['9' '192.1986681547457' 'present']
 ['8' '197.98629013301064' 'present']
 ['4' '198.89785431128982' 'present']
 ['1' '200.31628553113617' 'present']
 ['1' '215.45897320206362' 'present']
 ['1' '216.08693821268477' 'present']
 ['9' '216.21822993115302' 'present']
 ['4' '219.24278842192598' 'present']
 ['1' '229.0754613958075' 'present']
 ['4' '236.30056638305214' 'present']
 ['1' '240.1552167592641' 'marauded']
 ['4' '243.39783179693046' 'presentdestroyed']
 ['1' '250.93587911089764' 'present']
 ['1' '256.3304705189983' 'present']
 ['1' '257.06807423904297' 'present']
 ['9' '258.54790908609573' 'present']
 ['4' '271.6325088205275' 'present']
 ['1' '271.7019185215289' 'present']
 ['1' '274.8229366915712' 'marauded']
 ['4' '279.46830201596435' 'destroyed']
 ['1' '281.4263344871075' 'destroyed']
 ['1' '299.02993735000695' 'marauded']
 ['4' '299.7091257846653' 'destroyed']
 ['9' '319.02318213634203' 'present']
 ['9' '324.7587112636262' 'present']
 ['9' '325.28983195280904' 'present']
 ['4' '326.46442692982254' 'marauded']
 ['4' '347.01804204655787' 'present']
 ['4' '347.9896706952948' 'marauded']
 ['9' '350.0548937778094' 'presentdestroyed']
 ['1' '350.20400864162855' 'destroyed']
 ['9' '353.0462086256691' 'destroyed']
 ['4' '356.76394507714446' 'present']]","[['F199' '68.31584065090024' 'mated']
 ['F205' '92.90062251517246' 'absent']
 ['F7' '106.48650293590487' 'mated']
 ['F18' '110.53138006406678' 'mated']
 ['F77' '124.5548050851858' 'destroyed']
 ['F151' '176.74348390273929' 'absentdestroyed']
 ['F4' '193.5464730253218' 'mated']
 ['F145' '201.01133580793874' 'mated']
 ['F124' '208.9642164528461' 'mated']
 ['F146' '220.23960739846' 'mated']
 ['F84' '221.08798306197295' 'mated']
 ['F19' '232.06275149852212' 'mated']
 ['F38' '276.7510228592081' 'destroyed']
 ['F27' '281.162926385671' 'destroyed']
 ['F36' '327.9353060928065' 'destroyed']]",1000.0,1000.0,566.0,76.29202490139325,16.837748524067244,1329.0,225.39406593628155,49.587349120476844,330.0,54.509055848242404,11.458935921931,11.0,1.0999999999999999,0.11000000000000004,63.0,2.9550197742938042,0.1393175582990398
6,0.0,9,360.31897239916293,"[['5' '1.433563381683472' 'present']
 ['5' '6.227183183846189' 'present']
 ['2' '21.362768212226808' 'present']
 ['5' '26.91393808631754' 'present']
 ['5' '35.456512185398054' 'present']
 ['10' '40.146587258695874' 'present']
 ['10' '40.53950742721434' 'present']
 ['5' '41.30897512905294' 'present']
 ['2' '56.03012418809599' 'present']
 ['5' '60.82487002488025' 'marauded']
 ['10' '61.40628900304661' 'presentdestroyed']
 ['10' '66.21880226711313' 'presentdestroyed']
 ['5' '67.16241207612117' 'presentdestroyed']
 ['2' '77.88379301729965' 'present']
 ['10' '79.88688477469523' 'present']
 ['5' '81.10823761544732' 'present']
 ['2' '100.30242263643532' 'marauded']
 ['5' '102.51860871533917' 'presentdestroyed']
 ['5' '102.69673187353271' 'presentdestroyed']
 ['1' '107.04018595873812' 'presentdestroyed']
 ['10' '117.59082469537006' 'present']
 ['10' '119.66124147173625' 'present']
 ['10' '120.89811804871316' 'present']
 ['2' '125.9565931553644' 'present']
 ['10' '128.0877584513752' 'marauded']
 ['2' '136.50288573235235' 'present']
 ['2' '150.1790320581507' 'marauded']
 ['10' '158.11975279134745' 'present']
 ['2' '158.90799752372052' 'present']
 ['2' '164.88434449196248' 'present']
 ['5' '184.17038356957897' 'present']
 ['10' '197.1338396969246' 'present']
 ['10' '204.31272159537' 'present']
 ['5' '206.0201055022167' 'present']
 ['5' '215.30119595103872' 'present']
 ['5' '223.42896818033248' 'present']
 ['5' '223.47526447662878' 'present']
 ['5' '225.7799462414746' 'present']
 ['2' '242.1092991542062' 'present']
 ['2' '253.27928997727813' 'present']
 ['10' '253.5441643519425' 'present']
 ['2' '259.22110292053316' 'marauded']
 ['5' '274.46672472291186' 'marauded']
 ['10' '279.45262902381046' 'presentdestroyed']
 ['5' '282.7918530450255' 'present']
 ['10' '285.1053792140405' 'present']
 ['10' '287.04272828295984' 'present']
 ['5' '291.89163483261257' 'present']
 ['2' '292.27848831045736' 'present']
 ['5' '292.30278546263446' 'marauded']
 ['5' '292.6490300469648' 'presentdestroyed']
 ['10' '303.89388526503836' 'present']
 ['10' '307.2831627247738' 'present']
 ['10' '314.95452121275173' 'present']
 ['2' '320.98692369826557' 'present']
 ['5' '325.9874313734648' 'marauded']
 ['10' '334.7186475040794' 'present']
 ['10' '335.5373519474111' 'marauded']
 ['2' '348.46553744474164' 'present']
 ['2' '358.5068474116937' 'marauded']]","[['F14' '38.37878662215855' 'mated']
 ['F199' '68.29269250275209' 'destroyed']
 ['F60' '86.99416661666513' 'absent']
 ['F142' '91.89685211696813' 'mated']
 ['F115' '109.16260067334808' 'mated']
 ['F83' '112.3722675012468' 'mated']
 ['F204' '164.4905341170395' 'mated']
 ['F13' '206.15899673484083' 'mated']
 ['F82' '232.3775557892667' 'mated']
 ['F96' '245.50183006006117' 'mated']
 ['F189' '273.7350148321352' 'absent']
 ['F182' '305.6889943733313' 'mated']]",1000.0,2000.0,577.0,68.69517516416393,13.40406751358301,1384.0,235.30308028295832,50.64041761794949,342.0,56.05533778254741,11.53927074221771,0.0,0.0,0.0,0.0,0.0,0.0
7,0.0,8,359.9624486880297,"[['3' '4.718313009034015' 'present']
 ['4' '7.837871503389563' 'marauded']
 ['4' '11.71567697654693' 'destroyed']
 ['11' '12.920945937445842' 'presentdestroyed']
 ['3' '19.218102588861488' 'present']
 ['3' '22.895455908262687' 'present']
 ['3' '30.27107248582363' 'marauded']
 ['3' '32.28844725478903' 'presentdestroyed']
 ['4' '39.86618310221041' 'present']
 ['3' '43.43862752263069' 'present']
 ['4' '47.915397441064194' 'present']
 ['4' '49.96209944188232' 'present']
 ['3' '50.2027363280452' 'present']
 ['11' '57.64459135337137' 'marauded']
 ['4' '61.33035612672883' 'destroyed']
 ['4' '75.49326049123202' 'present']
 ['3' '94.83683691582412' 'present']
 ['3' '106.32627773533359' 'present']
 ['3' '107.7073238309301' 'present']
 ['11' '113.07920121926023' 'present']
 ['3' '120.09010898306731' 'present']
 ['3' '126.85623725228106' 'present']
 ['4' '128.93333949085508' 'present']
 ['4' '135.0140215979177' 'present']
 ['4' '142.97791748372364' 'marauded']
 ['11' '149.03793160090282' 'presentdestroyed']
 ['11' '149.32674294064947' 'presentdestroyed']
 ['4' '150.71672483657136' 'destroyed']
 ['4' '158.54081148323203' 'present']
 ['4' '160.7855129123391' 'present']
 ['3' '164.43814725587941' 'marauded']
 ['3' '165.8053017893125' 'presentdestroyed']
 ['4' '183.86041922363788' 'present']
 ['11' '189.84408671795293' 'present']
 ['0' '198.18243151847946' 'present']
 ['11' '200.79106553884566' 'present']
 ['4' '206.86313799350526' 'marauded']
 ['4' '212.13612549571894' 'presentdestroyed']
 ['4' '212.6287132952873' 'presentdestroyed']
 ['0' '218.50080853260357' 'present']
 ['3' '231.4714263357413' 'present']
 ['4' '232.14677790391355' 'present']
 ['11' '235.24269514961534' 'present']
 ['4' '241.1293590689705' 'present']
 ['4' '241.62434230011067' 'present']
 ['3' '251.74592958938484' 'marauded']
 ['11' '252.16890871537302' 'presentdestroyed']
 ['0' '259.13996338808465' 'presentdestroyed']
 ['11' '266.6575587458232' 'present']
 ['4' '267.62009183596035' 'present']
 ['4' '272.95519282957025' 'present']
 ['3' '278.9622599523441' 'present']
 ['4' '279.22176562599236' 'present']
 ['11' '279.6497773910264' 'present']
 ['4' '280.5894348025329' 'marauded']
 ['3' '281.35332013730454' 'presentdestroyed']
 ['11' '288.1008368293894' 'presentdestroyed']
 ['3' '298.89598103460406' 'present']
 ['3' '303.15940794349603' 'marauded']
 ['11' '308.03482342842995' 'presentdestroyed']
 ['3' '313.2031435668301' 'present']
 ['3' '316.51198382472944' 'present']
 ['3' '316.5743445850618' 'marauded']
 ['3' '317.5687909694044' 'presentdestroyed']
 ['3' '317.9084574895773' 'presentdestroyed']
 ['4' '318.4075557114398' 'destroyed']
 ['3' '330.21359908446595' 'present']
 ['11' '332.3521847048273' 'present']
 ['4' '344.08114198030916' 'marauded']
 ['4' '344.3000338632155' 'presentdestroyed']
 ['2' '350.07413640071434' 'destroyed']
 ['11' '354.71618428931214' 'present']
 ['11' '357.2026981007204' 'marauded']]","[['F14' '38.355638474010405' 'absent']
 ['F199' '68.26954435460394' 'absent']
 ['F68' '77.97298920067445' 'mated']
 ['F147' '86.44829802632148' 'mated']
 ['F83' '112.34911935309864' 'absent']
 ['F59' '112.92889201465493' 'mated']
 ['F136' '174.97603113072063' 'absent']
 ['F143' '192.99895398552704' 'mated']
 ['F13' '206.13584858669267' 'absent']
 ['F169' '213.89485971792425' 'destroyed']
 ['F85' '243.34722067251565' 'mated']
 ['F129' '272.1884976717154' 'mated']
 ['F189' '273.7581629802834' 'mated']
 ['F21' '313.27198673499015' 'mated']
 ['F180' '319.30319158612326' 'destroyed']]",1000.0,3000.0,577.0,71.3646969664901,14.552028799438414,1308.0,219.23623702250714,46.44259850933603,398.0,69.5329381424631,14.998710899546856,0.0,0.0,0.0,0.0,0.0,0.0
8,0.054,14,360.3508691409517,"[['9' '0.5180650520727014' 'marauded']
 ['11' '6.4371291927685155' 'presentdestroyed']
 ['9' '15.220456268409627' 'present']
 ['4' '22.412945355895275' 'present']
 ['4' '37.97214594912753' 'present']
 ['9' '41.6054758872696' 'present']
 ['11' '43.22370045184014' 'present']
 ['9' '45.828684065990295' 'present']
 ['9' '47.96481784751804' 'present']
 ['9' '62.35067514155336' 'present']
 ['9' '67.09333348709916' 'present']
 ['9' '67.80779578811699' 'present']
 ['4' '70.80892255824719' 'marauded']
 ['4' '72.52410169538638' 'destroyed']
 ['9' '84.79532339793445' 'present']
 ['9' '87.5403377664265' 'marauded']
 ['11' '108.66961800474253' 'marauded']
 ['9' '122.37951168612966' 'present']
 ['4' '122.76241581000029' 'present']
 ['11' '129.53216750993482' 'present']
 ['11' '129.76282360965394' 'present']
 ['11' '129.80911990595024' 'marauded']
 ['4' '132.3604768031413' 'presentdestroyed']
 ['9' '134.66796114171478' 'presentdestroyed']
 ['11' '139.58507818994394' 'present']
 ['11' '142.96231964716225' 'present']
 ['11' '145.25234911915982' 'present']
 ['4' '145.72305022682363' 'marauded']
 ['9' '148.078825611705' 'presentdestroyed']
 ['13' '161.54389556948868' 'present']
 ['11' '163.19174430415754' 'marauded']
 ['11' '165.93153491639956' 'presentdestroyed']
 ['15' '166.25570611115947' 'presentdestroyed']
 ['4' '182.38176921703715' 'present']
 ['9' '204.95801263381134' 'marauded']
 ['9' '209.86622008696324' 'destroyed']
 ['4' '220.52178596916818' 'present']
 ['9' '233.2632084011798' 'present']
 ['4' '238.246839302151' 'present']
 ['11' '238.7044900561331' 'present']
 ['9' '239.06378779260396' 'present']
 ['4' '252.5667128669491' 'present']
 ['11' '257.2034320824253' 'present']
 ['11' '259.44872266816463' 'present']
 ['11' '262.7350105805231' 'present']
 ['4' '266.5156649670843' 'present']
 ['9' '274.783150264688' 'present']
 ['4' '276.0759079507924' 'present']
 ['4' '276.26412112003305' 'present']
 ['9' '276.55193463614205' 'present']
 ['9' '278.31299320583156' 'present']
 ['4' '284.1121110664262' 'present']
 ['9' '295.9387699473707' 'present']
 ['9' '296.40247584901056' 'present']
 ['11' '300.7065895751255' 'present']
 ['11' '302.125999249299' 'marauded']
 ['11' '320.32731045851483' 'present']
 ['9' '322.6900081811632' 'present']
 ['4' '326.61072322611886' 'present']
 ['11' '332.8517896658599' 'present']
 ['4' '338.25489518748157' 'marauded']
 ['4' '344.71035278667114' 'destroyed']
 ['4' '347.60091329827054' 'present']
 ['11' '349.46030880033857' 'present']
 ['4' '352.4267274785935' 'marauded']]","[['F171' '31.279660021640378' 'mated']
 ['F194' '62.43985315670495' 'mated']
 ['F5' '73.50424933910993' 'destroyed']
 ['F67' '80.52543240362102' 'mated']
 ['F205' '92.85432621887615' 'destroyed']
 ['F53' '108.80785925461609' 'destroyed']
 ['F185' '126.5249351663881' 'mated']
 ['F201' '141.6804283453012' 'mated']
 ['F17' '146.07179133982052' 'destroyed']
 ['F118' '151.7239012155324' 'destroyed']
 ['F80' '174.66609794186078' 'absent']
 ['F177' '176.56973611923738' 'mated']
 ['F151' '176.7897801990356' 'mated']
 ['F187' '185.38300524479828' 'mated']
 ['F43' '188.57629618385948' 'mated']
 ['F158' '197.90298910817177' 'absent']
 ['F30' '199.93334675250665' 'mated']
 ['F8' '214.31693357043855' 'mated']
 ['F61' '222.94562901293457' 'mated']
 ['F16' '247.97040781733813' 'absent']
 ['F116' '258.95612760772735' 'absent']
 ['F10' '290.13822403176016' 'mated']
 ['F44' '332.35253097161296' 'mated']]",2000.0,0.0,568.0,69.45145308387174,13.907119247614146,1246.0,218.19093107947413,47.526515640150386,396.0,67.76374287349049,14.801922297853194,14.0,1.4000000000000001,0.14000000000000007,73.0,3.437159291070336,0.1628943758573387
9,0.054,12,360.2000195894932,"[['10' '0.023148148148148147' 'present']
 ['13' '0.023148148148148147' 'present']
 ['13' '1.5420354896776958' 'present']
 ['13' '8.16753208196167' 'present']
 ['13' '8.740708835056449' 'present']
 ['8' '12.34321502701847' 'present']
 ['10' '18.962152996588646' 'marauded']
 ['10' '22.141239608656786' 'destroyed']
 ['5' '25.124789284854966' 'presentdestroyed']
 ['8' '26.37136931423447' 'destroyed']
 ['13' '31.822569598454592' 'marauded']
 ['8' '32.78232358845498' 'presentdestroyed']
 ['13' '40.44142416573369' 'present']
 ['13' '43.04314413807085' 'present']
 ['13' '45.562224767904304' 'present']
 ['13' '51.031182325695816' 'present']
 ['8' '51.141441212558355' 'present']
 ['14' '52.581677971737435' 'present']
 ['13' '57.462364422532396' 'present']
 ['8' '58.123020585328796' 'present']
 ['8' '58.48318171010491' 'present']
 ['8' '59.59942893902644' 'present']
 ['8' '59.86740404415253' 'present']
 ['13' '65.1730457700988' 'present']
 ['8' '70.81933943918432' 'present']
 ['13' '74.17033457881769' 'marauded']
 ['5' '84.84952728334538' 'present']
 ['13' '88.1817141787621' 'present']
 ['5' '88.53189732207541' 'marauded']
 ['13' '93.48594785397128' 'presentdestroyed']
 ['10' '93.48768264027252' 'presentdestroyed']
 ['13' '94.73000784673582' 'presentdestroyed']
 ['8' '95.34552389824917' 'presentdestroyed']
 ['10' '108.55137096682215' 'marauded']
 ['13' '110.66189513333214' 'presentdestroyed']
 ['8' '120.92759595392896' 'present']
 ['13' '123.93909826732511' 'present']
 ['8' '125.9520446206424' 'present']
 ['10' '129.82117303720534' 'present']
 ['13' '132.0794782280517' 'present']
 ['13' '137.46280148096028' 'marauded']
 ['8' '138.1922272288942' 'presentdestroyed']
 ['10' '140.3215073473328' 'presentdestroyed']
 ['10' '146.33820555288565' 'present']
 ['10' '146.7545997413821' 'present']
 ['8' '171.833614974037' 'marauded']
 ['10' '173.82697082558192' 'presentdestroyed']
 ['10' '173.8748225780517' 'presentdestroyed']
 ['10' '175.54329455897746' 'presentdestroyed']
 ['10' '181.3010230284996' 'marauded']
 ['13' '182.9935761058267' 'presentdestroyed']
 ['5' '194.66017344134133' 'present']
 ['13' '213.30564819342138' 'present']
 ['13' '221.06410581385686' 'present']
 ['8' '222.36258066314124' 'present']
 ['5' '225.587353648882' 'marauded']
 ['10' '225.86867579849485' 'destroyed']
 ['10' '227.81263779955995' 'presentdestroyed']
 ['8' '229.24293663811676' 'presentdestroyed']
 ['8' '236.65572281322827' 'present']
 ['5' '237.7251614365844' 'present']
 ['10' '242.2061069612064' 'present']
 ['8' '250.23920570638793' 'marauded']
 ['10' '255.33737427118874' 'presentdestroyed']
 ['8' '258.5720775134558' 'present']
 ['10' '261.1035560837895' 'present']
 ['5' '273.20938956139855' 'present']
 ['8' '278.0625798061728' 'present']
 ['13' '285.7359477799158' 'present']
 ['4' '286.78088825769197' 'marauded']
 ['5' '292.825135721982' 'presentdestroyed']
 ['13' '320.48482991648444' 'present']
 ['10' '332.84208780543054' 'marauded']
 ['10' '347.9163288996909' 'present']]","[['F122' '59.07603914088606' 'mated']
 ['F67' '80.50228425547287' 'destroyed']
 ['F205' '92.92377066332061' 'destroyed']
 ['F77' '124.57795323333396' 'mated']
 ['F48' '147.0573159221227' 'absent']
 ['F151' '176.76663205088744' 'destroyed']
 ['F187' '185.35985709665013' 'destroyed']
 ['F43' '188.55314803571133' 'destroyed']
 ['F134' '191.62342537959483' 'mated']
 ['F158' '197.92613725631992' 'mated']
 ['F92' '205.15340527102458' 'mated']
 ['F42' '208.62444687546162' 'mated']
 ['F106' '222.41567982603385' 'mated']
 ['F66' '243.82198991747336' 'mated']
 ['F38' '276.77417100735624' 'mated']
 ['F98' '280.5059821909555' 'mated']
 ['F27' '281.1860745338192' 'absent']
 ['F90' '294.62864709830524' 'mated']
 ['F36' '327.95845424095467' 'mated']]",2000.0,1000.0,562.0,72.14063902794376,15.643343391459913,1228.0,210.43966336237276,45.60415890669404,423.0,72.84663873245515,15.549868133253549,10.0,0.9999999999999999,0.10000000000000003,77.0,3.603167922441952,0.16932441700960202
10,0.054,10,360.3937524085673,"[['14' '3.829037172812316' 'present']
 ['11' '7.009519335729202' 'present']
 ['14' '7.427116605146495' 'marauded']
 ['11' '9.16537922454562' 'destroyed']
 ['11' '9.211675520841917' 'presentdestroyed']
 ['11' '10.23653355129094' 'presentdestroyed']
 ['11' '17.18314016019329' 'present']
 ['14' '20.232410703094544' 'present']
 ['11' '24.337772506443' 'marauded']
 ['9' '28.426160331415268' 'presentdestroyed']
 ['11' '28.45483893439443' 'presentdestroyed']
 ['14' '54.4247841154282' 'present']
 ['9' '56.90095420356713' 'present']
 ['11' '67.29291093349784' 'present']
 ['14' '68.85953421148609' 'marauded']
 ['9' '84.35789706724476' 'present']
 ['14' '93.9446144569314' 'present']
 ['9' '107.39583915999688' 'present']
 ['14' '110.13878006704384' 'present']
 ['11' '113.5448403947105' 'present']
 ['11' '114.42406323112954' 'present']
 ['11' '115.3312163111803' 'present']
 ['14' '130.57493251658053' 'present']
 ['9' '132.10272206878443' 'present']
 ['11' '140.9331956057033' 'present']
 ['14' '141.3349263839762' 'present']
 ['11' '141.888997575271' 'present']
 ['11' '146.03212304208535' 'present']
 ['9' '146.08006278970853' 'present']
 ['11' '149.5745579910645' 'present']
 ['14' '162.65348258566556' 'marauded']
 ['11' '168.245814814422' 'presentdestroyed']
 ['11' '175.69507404040118' 'present']
 ['11' '176.9910380343921' 'present']
 ['14' '189.4259748857504' 'marauded']
 ['11' '189.79779042165663' 'presentdestroyed']
 ['14' '192.6209567997796' 'presentdestroyed']
 ['14' '192.6672530960759' 'presentdestroyed']
 ['11' '194.04443175170985' 'presentdestroyed']
 ['9' '194.4465572404806' 'presentdestroyed']
 ['14' '202.26665532535728' 'present']
 ['14' '212.30164789577702' 'marauded']
 ['11' '220.6408917502492' 'present']
 ['11' '236.02679829260094' 'present']
 ['11' '236.74455149778095' 'present']
 ['14' '255.05904272081622' 'present']
 ['5' '263.5083106696407' 'present']
 ['14' '266.50437573980304' 'present']
 ['9' '270.73205376422976' 'marauded']
 ['11' '275.4408356969168' 'destroyed']
 ['9' '277.7973845922001' 'destroyed']
 ['14' '286.1340546544634' 'present']
 ['14' '290.25244974836744' 'present']
 ['14' '308.77224935578' 'present']
 ['14' '316.6917428146561' 'present']
 ['14' '320.35450272528595' 'present']
 ['9' '325.33612824910534' 'present']
 ['9' '327.07755953881696' 'present']
 ['11' '330.43512268281063' 'present']
 ['14' '336.2457091855803' 'marauded']
 ['9' '347.0273426370568' 'present']
 ['9' '348.1566093887991' 'present']]","[['F1' '93.09896869113443' 'mated']
 ['F11' '101.0369547409223' 'mated']
 ['F46' '134.47382406577674' 'mated']
 ['F48' '147.08046407027086' 'mated']
 ['F54' '188.0692976062464' 'mated']
 ['F79' '188.77247137661172' 'mated']
 ['F134' '191.60027723144668' 'destroyed']
 ['F209' '245.87880621209058' 'mated']
 ['F191' '261.67677149043703' 'mated']
 ['F139' '282.7850432883957' 'mated']
 ['F2' '283.5685723069306' 'mated']]",2000.0,2000.0,562.0,67.76173728027494,13.287041148372763,1433.0,237.70076283521183,50.55075006664749,298.0,48.50869368236718,10.079192957897016,14.0,1.4000000000000001,0.14000000000000007,100.0,4.687159291070342,0.22076474622770872
11,0.054,10,360.731139305102,"[['8' '10.39671812432039' 'present']
 ['8' '33.9626884034942' 'marauded']
 ['10' '36.327658625460565' 'presentdestroyed']
 ['10' '42.49473338518895' 'present']
 ['10' '42.94320613065775' 'present']
 ['10' '45.777176360189365' 'present']
 ['8' '46.52482281174768' 'marauded']
 ['15' '50.66243368331766' 'destroyed']
 ['10' '51.127416857655845' 'destroyed']
 ['8' '53.92715859234812' 'presentdestroyed']
 ['10' '56.554748360683355' 'present']
 ['10' '56.601044656979646' 'present']
 ['15' '57.090295065248746' 'present']
 ['15' '83.72901731198091' 'present']
 ['15' '84.30993577643147' 'marauded']
 ['10' '87.12684670958544' 'presentdestroyed']
 ['10' '92.30857399052587' 'present']
 ['8' '95.72558581805843' 'marauded']
 ['15' '95.86343142090053' 'presentdestroyed']
 ['4' '106.96287316724633' 'present']
 ['15' '108.3965668168045' 'present']
 ['10' '114.78041565508664' 'present']
 ['10' '122.94333420496619' 'present']
 ['8' '124.98350123010361' 'present']
 ['8' '129.81960351863276' 'marauded']
 ['10' '133.62635218218162' 'presentdestroyed']
 ['15' '147.40753328681492' 'present']
 ['15' '156.40297902151218' 'present']
 ['10' '162.56147439602796' 'present']
 ['15' '176.94975870765097' 'present']
 ['8' '182.11949880503516' 'marauded']
 ['10' '182.55857948949517' 'presentdestroyed']
 ['10' '184.58074854753042' 'presentdestroyed']
 ['10' '187.66067717787936' 'presentdestroyed']
 ['15' '192.5781689695492' 'present']
 ['10' '210.62724214099987' 'present']
 ['8' '219.8101101523036' 'present']
 ['10' '223.39113653972854' 'present']
 ['10' '233.96448098034156' 'present']
 ['10' '239.14142312450755' 'marauded']
 ['15' '244.9645446978751' 'destroyed']
 ['15' '245.46698747965138' 'presentdestroyed']
 ['10' '250.6231618469452' 'present']
 ['8' '253.16693046753386' 'present']
 ['8' '255.5977945509103' 'present']
 ['8' '267.0065036352401' 'marauded']
 ['8' '269.1850072200109' 'presentdestroyed']
 ['8' '271.50694178302126' 'destroyed']
 ['15' '279.15151766236886' 'present']
 ['15' '296.0478292507701' 'present']
 ['10' '298.4263364317722' 'present']
 ['10' '311.24937583548063' 'marauded']
 ['15' '312.90346457357737' 'presentdestroyed']
 ['10' '320.5974058074241' 'present']
 ['10' '333.59389174504724' 'present']
 ['15' '334.2134496520248' 'present']
 ['15' '335.5749588696768' 'marauded']
 ['8' '336.91088817195794' 'presentdestroyed']
 ['10' '345.7471155273353' 'present']
 ['10' '347.9626251959872' 'present']]","[['F14' '38.33249032586226' 'destroyed']
 ['F15' '55.576952904177325' 'mated']
 ['F39' '63.565335669775656' 'mated']
 ['F107' '70.92292990065584' 'mated']
 ['F200' '98.63601863948416' 'destroyed']
 ['F126' '120.07285407560934' 'mated']
 ['F35' '128.8019875929213' 'mated']
 ['F46' '134.4506759176286' 'destroyed']
 ['F118' '151.74704936368056' 'mated']
 ['F78' '200.5076530590896' 'absent']
 ['F23' '206.4569461548383' 'mated']
 ['F56' '271.1556193990589' 'destroyed']
 ['F129' '272.1653495235673' 'absentdestroyed']
 ['F133' '289.0755800018406' 'mated']
 ['F180' '319.3263397342714' 'mated']
 ['F161' '343.2012237118312' 'mated']]",2000.0,3000.0,563.0,70.95073320196003,15.155584243651978,1337.0,224.01309065034664,47.426976592771524,363.0,60.71815676335042,12.834592249121734,10.0,0.9999999999999999,0.10000000000000003,77.0,3.603167922441952,0.16932441700960202
12,0.0,9,360.34950805618473,"[['15' '0.023148148148148147' 'present']
 ['15' '3.298055301805284' 'present']
 ['15' '5.66984946621634' 'present']
 ['15' '5.716145762512636' 'present']
 ['8' '18.179585415411637' 'present']
 ['8' '18.31938825097824' 'present']
 ['16' '22.523077108630112' 'present']
 ['13' '24.970866583985966' 'present']
 ['13' '28.618246495876967' 'present']
 ['13' '30.874977401213215' 'present']
 ['16' '39.13263368566891' 'present']
 ['16' '51.12789578254069' 'present']
 ['15' '54.11764775153291' 'present']
 ['15' '63.17021513505345' 'marauded']
 ['13' '68.0949230151346' 'destroyed']
 ['17' '68.87608336347138' 'destroyed']
 ['17' '72.26624649112874' 'present']
 ['13' '73.01967378233817' 'present']
 ['16' '74.28780678967325' 'present']
 ['13' '81.65927322358857' 'present']
 ['8' '82.14736584681941' 'present']
 ['13' '84.58643343594585' 'present']
 ['15' '95.81713512460422' 'present']
 ['15' '100.11443447527984' 'marauded']
 ['8' '100.35520180385761' 'presentdestroyed']
 ['16' '101.87190406063078' 'presentdestroyed']
 ['15' '102.98241836293815' 'presentdestroyed']
 ['15' '104.29943016938755' 'presentdestroyed']
 ['15' '105.35534380645709' 'destroyed']
 ['8' '118.94479808507732' 'present']
 ['13' '122.79686599122056' 'present']
 ['15' '130.74987435200273' 'present']
 ['16' '141.25330331229938' 'present']
 ['13' '148.40217404031074' 'present']
 ['16' '161.16293286022437' 'marauded']
 ['13' '164.47980307837904' 'destroyed']
 ['13' '168.3892650647216' 'presentdestroyed']
 ['16' '169.83240900451057' 'present']
 ['15' '170.21537167548036' 'marauded']
 ['8' '173.88911246105422' 'presentdestroyed']
 ['11' '174.01586961189687' 'presentdestroyed']
 ['13' '175.19590414348917' 'destroyed']
 ['13' '178.59356775483306' 'present']
 ['15' '179.13938512192627' 'present']
 ['13' '182.13411049095905' 'present']
 ['8' '187.73927759300008' 'marauded']
 ['15' '188.45477303775414' 'destroyed']
 ['15' '194.08222837019852' 'destroyed']
 ['13' '195.19767004318572' 'present']
 ['16' '198.98049459476283' 'marauded']
 ['16' '203.6690387337127' 'destroyed']
 ['16' '205.22894205246754' 'presentdestroyed']
 ['15' '211.93450450465997' 'marauded']
 ['13' '212.09452813563044' 'presentdestroyed']
 ['8' '213.21052535024253' 'presentdestroyed']
 ['17' '213.6290347485766' 'presentdestroyed']
 ['8' '218.01159684852556' 'destroyed']
 ['16' '223.1580223175344' 'marauded']
 ['8' '223.88909732331655' 'presentdestroyed']
 ['8' '226.49182566850897' 'presentdestroyed']
 ['8' '228.80734893446078' 'presentdestroyed']
 ['13' '238.72622357726223' 'present']
 ['8' '256.44326693720893' 'present']
 ['16' '260.1034190108385' 'present']
 ['8' '261.47777757191477' 'marauded']
 ['16' '272.14550417914234' 'present']
 ['13' '276.80213345630614' 'present']
 ['16' '282.11331167492045' 'present']
 ['13' '282.9239225615354' 'present']
 ['8' '285.4054325426489' 'marauded']
 ['13' '286.78446841995117' 'destroyed']
 ['13' '289.59608604339627' 'presentdestroyed']
 ['15' '298.2770049703311' 'present']
 ['8' '301.1380139155463' 'present']
 ['13' '304.80369075115834' 'present']
 ['13' '321.06650822650806' 'marauded']
 ['8' '322.5042934364798' 'presentdestroyed']
 ['16' '328.85182150151354' 'present']
 ['13' '330.5201759388253' 'present']
 ['8' '346.67823818435244' 'marauded']
 ['8' '347.6557727367338' 'presentdestroyed']
 ['8' '349.11250914322443' 'presentdestroyed']
 ['16' '352.2143311040625' 'destroyed']]","[['F190' '31.032354395582868' 'mated']
 ['F5' '73.52739748725809' 'mated']
 ['F25' '116.98347744139573' 'absent']
 ['F184' '130.42510605392403' 'absent']
 ['F17' '146.09493948796867' 'mated']
 ['F80' '174.68924609000894' 'destroyed']
 ['F30' '199.9101986043585' 'destroyed']
 ['F8' '214.2937854222904' 'absentdestroyed']
 ['F163' '225.01719549705638' 'destroyed']
 ['F215' '227.53189548434688' 'destroyed']
 ['F148' '242.66419121538894' 'mated']
 ['F16' '247.99355596548628' 'mated']
 ['F58' '258.4889131070314' 'mated']
 ['F116' '258.9792757558755' 'mated']
 ['F56' '271.2019156953552' 'absent']
 ['F27' '281.2188109588741' 'mated']
 ['F86' '300.3699433547019' 'mated']]",3000.0,0.0,565.0,68.8074557062112,14.399540323338295,1308.0,217.77284330345378,46.23098073094707,434.0,73.47056013828815,15.647176251143687,0.0,0.0,0.0,0.0,0.0,0.0
13,0.054,10,360.0185698143547,"[['14' '2.605876841675964' 'present']
 ['16' '6.320031813186064' 'present']
 ['17' '12.368354997507168' 'present']
 ['14' '13.576248715941535' 'present']
 ['9' '13.782187085669053' 'marauded']
 ['17' '23.82326155185193' 'present']
 ['17' '25.118971504414457' 'present']
 ['14' '34.86042722844946' 'present']
 ['17' '36.48204296957653' 'present']
 ['14' '41.995209348007336' 'present']
 ['9' '87.6866340627228' 'present']
 ['9' '108.1676173321986' 'present']
 ['9' '124.26112943247257' 'present']
 ['14' '131.63050738201545' 'present']
 ['14' '132.46974836858118' 'present']
 ['10' '135.6273844327521' 'present']
 ['10' '141.20055719192948' 'present']
 ['10' '142.51550077921962' 'present']
 ['9' '151.07871363956852' 'marauded']
 ['17' '156.140218880672' 'presentdestroyed']
 ['9' '158.7844453436482' 'present']
 ['9' '164.95503668125497' 'present']
 ['14' '167.78611099503146' 'present']
 ['17' '170.6052946283666' 'present']
 ['9' '191.89542295041687' 'present']
 ['9' '203.25078577223294' 'present']
 ['9' '206.932700820386' 'present']
 ['9' '208.72720371331303' 'present']
 ['17' '226.7946486338538' 'marauded']
 ['9' '239.71284705519395' 'present']
 ['17' '240.62120589027924' 'present']
 ['9' '248.71132502926838' 'marauded']
 ['17' '252.27820056946987' 'presentdestroyed']
 ['17' '258.1264495495659' 'present']
 ['14' '265.08730555183496' 'marauded']
 ['9' '266.3519054744851' 'presentdestroyed']
 ['17' '267.1588706369221' 'destroyed']
 ['9' '275.8474027058746' 'present']
 ['9' '277.9734000535114' 'present']
 ['14' '279.14123423713147' 'present']
 ['14' '282.64540286016734' 'present']
 ['9' '299.99164016145596' 'present']
 ['9' '306.171148801605' 'present']
 ['9' '340.7001612878131' 'marauded']
 ['17' '343.2980519789116' 'destroyed']
 ['9' '344.05966409590354' 'presentdestroyed']
 ['14' '350.13863143692953' 'present']
 ['8' '352.3975014627048' 'present']
 ['14' '353.9851016275466' 'present']
 ['9' '359.5843940443818' 'present']
 ['14' '359.8516740534949' 'present']]","[['F95' '0.055605063588610955' 'mated']
 ['F172' '71.28913978185211' 'mated']
 ['F210' '88.25495709610988' 'mated']
 ['F205' '104.94691881146876' 'mated']
 ['F184' '130.44825420207218' 'absent']
 ['F109' '143.18520608676786' 'absent']
 ['F41' '150.14021978630876' 'mated']
 ['F57' '181.27915090947542' 'mated']
 ['F175' '223.17119540258113' 'mated']
 ['F163' '225.04034364520453' 'mated']
 ['F215' '227.55504363249503' 'destroyed']
 ['F166' '246.15894486240614' 'mated']
 ['F73' '292.0740363938002' 'mated']
 ['F90' '294.5592026538608' 'absent']
 ['F90' '294.6054989501571' 'absent']]",3000.0,1000.0,576.0,73.57088457267012,15.58368108675377,1441.0,244.68522303744265,52.55938349073204,217.0,36.86104620513706,7.842697397513213,8.0,0.7999999999999999,0.08000000000000002,87.0,4.085307439218485,0.19290123456790098
14,0.054,5,360.27376423088475,"[['10' '0.17621626536502322' 'present']
 ['15' '5.174645532567323' 'present']
 ['13' '11.603234698595664' 'present']
 ['13' '12.945785627825412' 'present']
 ['10' '22.187535904953084' 'marauded']
 ['15' '24.541395305111347' 'presentdestroyed']
 ['13' '37.928028908615616' 'present']
 ['10' '38.273358528488295' 'present']
 ['10' '40.49321113091805' 'present']
 ['9' '43.93908985946705' 'marauded']
 ['10' '49.26174401630972' 'presentdestroyed']
 ['10' '53.309189889399995' 'present']
 ['15' '58.96119933927012' 'present']
 ['13' '73.71583101154775' 'marauded']
 ['13' '76.15911366998334' 'presentdestroyed']
 ['15' '77.28209827401085' 'presentdestroyed']
 ['13' '90.1079101488923' 'present']
 ['13' '91.01701345153822' 'present']
 ['10' '93.00276348248427' 'present']
 ['15' '95.4880811980527' 'present']
 ['15' '103.76192193960063' 'present']
 ['13' '115.86135363766404' 'present']
 ['15' '118.58808923767077' 'marauded']
 ['13' '125.38147205340776' 'presentdestroyed']
 ['13' '132.75477164260295' 'present']
 ['10' '134.097930930437' 'present']
 ['10' '139.33792798089615' 'present']
 ['10' '142.9087841006995' 'marauded']
 ['10' '146.54652998292084' 'presentdestroyed']
 ['10' '147.80845585217938' 'destroyed']
 ['13' '151.01278383692713' 'destroyed']
 ['10' '178.49490715159456' 'marauded']
 ['13' '179.77146037358597' 'destroyed']
 ['13' '181.14103165451294' 'presentdestroyed']
 ['13' '183.32229534620177' 'presentdestroyed']
 ['10' '183.73788393073605' 'presentdestroyed']
 ['15' '196.97752006403215' 'present']
 ['10' '201.35264316256885' 'present']
 ['13' '204.54601806617902' 'marauded']
 ['10' '208.0820607966551' 'presentdestroyed']
 ['9' '208.1249582760578' 'presentdestroyed']
 ['15' '210.24478424397574' 'presentdestroyed']
 ['15' '210.78692734699715' 'presentdestroyed']
 ['13' '212.9305096225104' 'present']
 ['10' '219.72738059675905' 'marauded']
 ['13' '224.51714215748504' 'destroyed']
 ['13' '224.82752672186254' 'presentdestroyed']
 ['15' '229.04309209623102' 'marauded']
 ['15' '230.86256607176574' 'presentdestroyed']
 ['15' '234.77806306970044' 'presentdestroyed']
 ['10' '241.65016960670954' 'present']
 ['15' '244.75459662413607' 'present']
 ['10' '245.46562028533626' 'present']
 ['15' '248.81357140616757' 'present']
 ['10' '249.53286957376525' 'present']
 ['10' '249.57916587006156' 'present']
 ['10' '254.99862514768364' 'present']
 ['10' '256.65442922620537' 'marauded']
 ['10' '262.0597039080709' 'presentdestroyed']
 ['13' '264.2689998611762' 'presentdestroyed']
 ['10' '265.80201221792396' 'present']
 ['13' '297.39633714997206' 'marauded']
 ['15' '308.430498954911' 'present']
 ['10' '317.42162726612327' 'present']
 ['15' '325.46039461785494' 'present']
 ['10' '326.8920978530376' 'marauded']
 ['10' '332.1205795079097' 'presentdestroyed']
 ['15' '344.4448859782237' 'present']
 ['10' '354.0990262142461' 'present']
 ['15' '358.78604241326514' 'present']
 ['15' '359.0487232038433' 'present']]","[['F138' '89.08433326323829' 'mated']
 ['F179' '96.44111332104052' 'mated']
 ['F88' '108.27259195875091' 'mated']
 ['F208' '158.58921981695963' 'mated']
 ['F57' '181.25600276132727' 'destroyed']
 ['F153' '265.6609243165665' 'mated']]",3000.0,2000.0,559.0,70.79337496269329,14.729517830953622,1222.0,211.2709164326362,46.30518399248158,440.0,73.00002999819264,15.474897414253414,14.0,1.4000000000000001,0.14000000000000007,77.0,3.6223444762555213,0.1714677640603565
15,0.054,4,360.51128535488294,"[['11' '7.870469405615431' 'present']
 ['8' '9.168307071475242' 'present']
 ['14' '35.96236663758796' 'present']
 ['14' '39.71020620842766' 'marauded']
 ['11' '44.98159455174445' 'destroyed']
 ['14' '68.67324748988699' 'marauded']
 ['14' '84.39368940944121' 'marauded']
 ['14' '90.7258682741909' 'presentdestroyed']
 ['11' '123.24359551751031' 'marauded']
 ['14' '136.42866283522568' 'present']
 ['14' '139.4564687335871' 'present']
 ['11' '150.89579299558406' 'present']
 ['14' '164.80727009434437' 'present']
 ['11' '179.15844770292213' 'marauded']
 ['14' '189.25200026935354' 'present']
 ['11' '193.79998496401257' 'present']
 ['14' '194.60227517685433' 'present']
 ['14' '213.97969509142132' 'marauded']
 ['14' '215.86217548070684' 'presentdestroyed']
 ['11' '217.463300190856' 'destroyed']
 ['11' '234.26807538200146' 'present']
 ['11' '249.9652636551444' 'present']
 ['11' '250.88537533727467' 'marauded']
 ['11' '264.395743037989' 'present']
 ['14' '267.35979320354505' 'present']
 ['14' '270.0627244359405' 'marauded']
 ['11' '279.6960736873227' 'present']
 ['11' '285.1157820964059' 'present']
 ['14' '286.0877583581671' 'present']
 ['11' '334.773619485626' 'present']]","[['F69' '14.44657600455562' 'mated']
 ['F200' '98.65916678763232' 'mated']
 ['F94' '118.31424654204494' 'mated']
 ['F87' '129.29722543202405' 'destroyed']
 ['F57' '181.23285461317911' 'destroyed']
 ['F128' '184.28705538611086' 'destroyed']
 ['F30' '199.88705045621035' 'absent']
 ['F163' '224.99404734890823' 'absent']
 ['F121' '242.02402596888717' 'mated']
 ['F56' '271.17876754720703' 'absentdestroyed']
 ['F86' '300.34679520655374' 'absent']]",3000.0,3000.0,555.0,71.62389081101527,16.22263909624618,1373.0,234.79498194864695,50.83427335486634,286.0,48.766788078219776,10.3662373474009,13.0,1.3,0.13000000000000006,77.0,3.6415210300690903,0.17361111111111097
16,0.054,6,360.1368000414254,"[['17' '3.989971284719989' 'present']
 ['17' '27.031450188410616' 'present']
 ['20' '39.64540791359143' 'present']
 ['17' '50.51538692611653' 'present']
 ['20' '66.24735784818306' 'present']
 ['17' '72.21036191792565' 'present']
 ['20' '81.03128611333808' 'present']
 ['20' '95.08921809161554' 'present']
 ['17' '110.64889337978848' 'present']
 ['20' '117.70172075059321' 'present']
 ['20' '120.99638587074391' 'marauded']
 ['17' '137.317818879126' 'present']
 ['17' '157.24849257846768' 'present']
 ['17' '166.64278977876046' 'present']
 ['20' '173.10240310696048' 'present']
 ['20' '211.64920550715834' 'present']
 ['17' '216.3764226744309' 'present']
 ['20' '222.4972984799838' 'present']
 ['20' '223.16325492583408' 'marauded']
 ['17' '227.86477861181285' 'destroyed']
 ['20' '229.22315134284486' 'destroyed']
 ['17' '237.98553396089204' 'marauded']
 ['15' '238.65932878148323' 'presentdestroyed']
 ['17' '240.66750218657555' 'presentdestroyed']
 ['20' '242.83470857338412' 'destroyed']
 ['13' '244.56421170320854' 'presentdestroyed']
 ['20' '249.69471632853006' 'present']
 ['20' '251.27936166380385' 'marauded']
 ['23' '255.14666648195154' 'presentdestroyed']
 ['20' '268.88112339836147' 'present']
 ['20' '294.1517129468803' 'present']
 ['17' '296.24187307193944' 'present']
 ['13' '302.6004105905905' 'present']
 ['17' '318.4417110473717' 'present']
 ['17' '333.3970324378057' 'present']
 ['17' '344.31797895621685' 'present']
 ['17' '348.0383269626515' 'present']
 ['20' '357.30496081485876' 'marauded']]","[['F25' '117.03936201459882' 'mated']
 ['F102' '126.84196030634008' 'destroyed']
 ['F26' '140.21054933415252' 'mated']
 ['F109' '143.23150238306417' 'mated']
 ['F80' '174.7123942381571' 'mated']
 ['F50' '195.92470022088028' 'absent']
 ['F33' '216.24000025186524' 'mated']
 ['F148' '242.6410430672408' 'destroyed']
 ['F159' '347.3651629606429' 'mated']]",4000.0,0.0,554.0,70.65779983213183,14.969853985101782,1513.0,256.973653528169,55.93630518804704,149.0,26.3530656263135,5.901122778574734,17.0,1.7000000000000004,0.1700000000000001,92.0,4.316788920699969,0.20361796982167316
17,0.054,12,360.54423764578513,"[['21' '0.08524408929946792' 'present']
 ['21' '16.2330496141295' 'present']
 ['16' '29.081232257240256' 'present']
 ['16' '33.25028293364773' 'present']
 ['13' '37.84244342493835' 'present']
 ['16' '39.44117311599926' 'present']
 ['13' '44.398991934409985' 'present']
 ['16' '53.47919434999732' 'present']
 ['13' '60.13361758616454' 'present']
 ['21' '69.34239931752381' 'present']
 ['14' '70.53814807797485' 'present']
 ['21' '78.38668312265438' 'present']
 ['13' '82.04554109220817' 'present']
 ['13' '88.38435853317559' 'marauded']
 ['16' '100.30521590020237' 'present']
 ['16' '101.82560776433448' 'present']
 ['21' '110.07418470024821' 'present']
 ['13' '120.76254579237492' 'present']
 ['21' '136.6160660687922' 'present']
 ['21' '151.9385803770663' 'present']
 ['16' '152.88501191874545' 'present']
 ['16' '154.19580114048054' 'present']
 ['13' '175.9112812910792' 'present']
 ['21' '178.06621172610062' 'present']
 ['16' '194.62808366103508' 'present']
 ['16' '200.15632991957148' 'marauded']
 ['21' '200.16495735936186' 'destroyed']
 ['16' '209.47176311039712' 'present']
 ['13' '210.9089370973028' 'present']
 ['16' '216.27498652216875' 'present']
 ['21' '217.8244321273102' 'present']
 ['21' '241.0883467646551' 'marauded']
 ['13' '241.47134537345562' 'destroyed']
 ['13' '246.08926465515472' 'presentdestroyed']
 ['13' '261.78621872620596' 'present']
 ['16' '267.73499955131575' 'present']
 ['13' '274.42974224908517' 'present']
 ['13' '275.61483619329965' 'present']
 ['16' '277.4671064819416' 'marauded']
 ['21' '301.1791269110047' 'present']
 ['13' '305.58248182247956' 'present']
 ['16' '306.96973208205685' 'marauded']
 ['21' '314.65369825437324' 'present']
 ['13' '318.2325883704155' 'present']
 ['16' '321.0251466264248' 'present']
 ['20' '325.06654862833506' 'present']
 ['16' '325.88369779802207' 'present']
 ['16' '333.0165383342807' 'present']
 ['21' '340.313611918884' 'present']
 ['16' '345.44797297259584' 'present']
 ['16' '348.3932977234951' 'present']
 ['16' '348.55098829121647' 'present']
 ['13' '348.78223284801487' 'present']
 ['16' '354.3095697149426' 'present']
 ['14' '355.32472680306455' 'present']
 ['16' '357.27175050163' 'marauded']
 ['21' '357.97045212742495' 'destroyed']]","[['F45' '40.58196743726895' 'mated']
 ['F97' '115.14040429963264' 'mated']
 ['F52' '116.72575075931637' 'mated']
 ['F184' '130.47140235022033' 'mated']
 ['F109' '143.20835423491602' 'absent']
 ['F202' '144.08505689125218' 'mated']
 ['F168' '172.26083638557955' 'mated']
 ['F215' '227.57819178064318' 'mated']
 ['F206' '228.2252110892072' 'mated']
 ['F148' '242.61789491909263' 'destroyed']
 ['F193' '246.60399867795206' 'destroyed']
 ['F56' '271.2346521204101' 'mated']
 ['F155' '285.69557938516573' 'mated']
 ['F90' '294.58235080200893' 'absent']
 ['F31' '325.9920133870681' 'mated']
 ['F211' '341.8644223277421' 'mated']]",4000.0,1000.0,556.0,68.84768728881775,13.890965449843838,1528.0,254.61378205472548,54.426819632739864,194.0,32.54949992287282,7.038186574682286,8.0,0.7999999999999999,0.08000000000000002,71.0,3.382919806104882,0.1628943758573387
18,0.0,6,360.0845740479373,"[['23' '3.5169177313374376' 'present']
 ['14' '9.49631347242756' 'marauded']
 ['17' '9.741076690400437' 'presentdestroyed']
 ['14' '12.530948200884371' 'presentdestroyed']
 ['14' '16.755271019773332' 'presentdestroyed']
 ['17' '33.60785204026725' 'present']
 ['17' '37.14678829334803' 'present']
 ['14' '39.15293232498818' 'present']
 ['17' '48.34631737153657' 'present']
 ['17' '53.196229763369104' 'present']
 ['14' '68.27216316727548' 'present']
 ['14' '93.8983181606351' 'present']
 ['17' '113.86571880231669' 'present']
 ['17' '132.05449058413362' 'marauded']
 ['14' '153.91945231066885' 'present']
 ['17' '179.83942218807312' 'present']
 ['14' '188.4031419908185' 'present']
 ['17' '193.79118851278884' 'present']
 ['14' '195.4765132264857' 'present']
 ['14' '196.48497018199345' 'present']
 ['17' '199.1100395995994' 'present']
 ['14' '199.8577482879677' 'present']
 ['14' '236.86692962219152' 'present']
 ['14' '236.91322591848783' 'present']
 ['14' '237.1322216356988' 'present']
 ['14' '239.73544451284485' 'present']
 ['17' '240.57490959398294' 'present']
 ['14' '253.71605787190964' 'present']
 ['17' '263.04866737494046' 'present']
 ['17' '264.46051806764933' 'present']
 ['17' '267.2051669332184' 'present']
 ['17' '273.47667727507996' 'present']
 ['17' '274.63876973119994' 'marauded']
 ['14' '287.48872826733196' 'marauded']
 ['17' '291.68308050753035' 'presentdestroyed']
 ['17' '293.07736767378344' 'presentdestroyed']
 ['14' '294.52214122849136' 'present']
 ['17' '296.19557677564313' 'present']
 ['14' '323.9709948978356' 'present']
 ['14' '325.79439290800644' 'present']
 ['14' '338.3708574851684' 'present']
 ['17' '341.25344856926984' 'marauded']
 ['15' '342.49825414380484' 'presentdestroyed']
 ['17' '343.3443482752079' 'presentdestroyed']
 ['14' '346.20696449150245' 'presentdestroyed']
 ['14' '349.70559139656484' 'present']
 ['15' '352.20380747011035' 'present']]","[['F37' '123.70668332199682' 'mated']
 ['F197' '169.16918394730664' 'mated']
 ['F173' '182.5942232500057' 'mated']
 ['F91' '186.6846546918863' 'mated']
 ['F193' '246.5808505298039' 'absent']
 ['F119' '256.13759360543173' 'mated']
 ['F195' '299.8684693873343' 'mated']]",4000.0,2000.0,571.0,69.15491599622122,14.129156032468106,1583.0,260.30332123085464,54.32703297443063,176.0,30.57130578221824,6.480051909671457,0.0,0.0,0.0,0.0,0.0,0.0
19,0.0,7,360.018434774677,"[['16' '18.508398608037545' 'present']
 ['23' '20.87212108355002' 'present']
 ['15' '35.31737094999954' 'present']
 ['16' '49.00173386499369' 'marauded']
 ['23' '51.01253734817474' 'presentdestroyed']
 ['15' '57.77469228190228' 'present']
 ['15' '62.718181762864404' 'present']
 ['16' '63.94393084068456' 'present']
 ['16' '68.76028945073362' 'marauded']
 ['23' '80.14458523046993' 'present']
 ['16' '80.86119936131256' 'present']
 ['23' '86.82477089964736' 'present']
 ['23' '89.6573788138574' 'marauded']
 ['16' '94.28993961225348' 'presentdestroyed']
 ['16' '98.67294382224097' 'marauded']
 ['16' '101.32080254668685' 'presentdestroyed']
 ['16' '116.30621617378281' 'marauded']
 ['23' '118.41150794345414' 'presentdestroyed']
 ['15' '138.85008881847583' 'marauded']
 ['16' '151.1742118090924' 'present']
 ['15' '151.20933351859543' 'present']
 ['16' '152.51639173807322' 'marauded']
 ['23' '152.66424481853105' 'presentdestroyed']
 ['16' '160.26478490836607' 'present']
 ['23' '162.16493093806653' 'present']
 ['16' '168.12529142576824' 'present']
 ['15' '170.97999875280604' 'present']
 ['16' '171.90784536436482' 'present']
 ['16' '172.48598978927552' 'present']
 ['16' '176.7181752690735' 'present']
 ['23' '185.56100983088487' 'present']
 ['15' '187.81284751529344' 'marauded']
 ['16' '190.22873706528634' 'presentdestroyed']
 ['15' '194.12852466649483' 'presentdestroyed']
 ['23' '194.3018117573194' 'presentdestroyed']
 ['15' '197.02381636032845' 'marauded']
 ['23' '217.40376337604366' 'present']
 ['15' '226.39042969170836' 'marauded']
 ['16' '248.93087826652368' 'marauded']
 ['23' '250.6790752197628' 'presentdestroyed']
 ['15' '267.5341207423326' 'present']
 ['16' '281.29828559149934' 'present']
 ['15' '282.2980766105303' 'marauded']
 ['23' '285.8850468702184' 'presentdestroyed']
 ['23' '292.12841286265905' 'present']
 ['16' '296.5511525109048' 'marauded']
 ['15' '297.50116718845123' 'presentdestroyed']
 ['23' '300.15632722405576' 'presentdestroyed']
 ['23' '307.8619197836046' 'present']
 ['16' '323.7729616224697' 'present']
 ['15' '328.6345241639687' 'present']
 ['15' '331.8067565149356' 'present']
 ['15' '332.27980141280784' 'present']
 ['23' '337.0684742276528' 'present']
 ['16' '337.6287423081497' 'present']
 ['23' '347.5699437487755' 'present']
 ['23' '347.6162400450718' 'present']
 ['23' '351.2890662053801' 'present']
 ['16' '351.70493213545063' 'present']
 ['15' '352.8804204334416' 'present']
 ['15' '355.2782043974202' 'present']
 ['23' '355.68753762099817' 'present']]","[['F101' '31.38287162111018' 'mated']
 ['F20' '35.282655937718964' 'mated']
 ['F25' '117.01621386645067' 'destroyed']
 ['F102' '126.86510845448824' 'mated']
 ['F87' '129.3203735801722' 'mated']
 ['F26' '140.18740118600437' 'absentdestroyed']
 ['F128' '184.31020353425902' 'mated']
 ['F50' '195.94784836902843' '']
 ['F174' '206.33578902282454' 'mated']
 ['F112' '250.13453407044454' 'absentdestroyed']
 ['F156' '267.1481323612291' 'mated']]",4000.0,3000.0,571.0,71.74108523429946,14.721629857201705,1223.0,208.68261167719288,44.67099459493395,481.0,79.61790942149484,17.028577539820297,0.0,0.0,0.0,0.0,0.0,0.0
20,0.054,7,360.1530350975271,"[['0' '5.5206280736537545' 'present']
 ['16' '11.091226208455353' 'present']
 ['21' '13.187870921840188' 'present']
 ['23' '13.435755228073369' 'present']
 ['21' '14.120995444064945' 'marauded']
 ['0' '14.754551088630107' 'presentdestroyed']
 ['23' '14.998081979088846' 'presentdestroyed']
 ['16' '18.74724343873917' 'presentdestroyed']
 ['21' '23.21694813381987' 'present']
 ['21' '23.263244430116167' 'present']
 ['16' '26.81554061912432' 'present']
 ['16' '28.729179302940718' 'present']
 ['16' '36.046199212982444' 'present']
 ['21' '44.45882215875687' 'present']
 ['21' '46.57956065420986' 'present']
 ['16' '50.443904050577544' 'present']
 ['3' '50.69240309762061' 'marauded']
 ['16' '58.99754364646821' 'present']
 ['3' '62.598214366343086' 'present']
 ['0' '67.16967115960851' 'marauded']
 ['0' '69.96564724881155' 'presentdestroyed']
 ['0' '76.09658215675668' 'present']
 ['17' '76.53393146531077' 'present']
 ['0' '82.53368649449163' 'marauded']
 ['23' '85.37529749242782' 'destroyed']
 ['23' '99.40139821551334' 'present']
 ['23' '103.80045240107371' 'present']
 ['23' '108.79335018548528' 'present']
 ['16' '108.99514447349931' 'marauded']
 ['16' '111.3746762742104' 'presentdestroyed']
 ['16' '113.86751385424576' 'presentdestroyed']
 ['16' '114.50659818067814' 'presentdestroyed']
 ['23' '115.10864586818457' 'destroyed']
 ['21' '115.31906066541319' 'presentdestroyed']
 ['21' '115.64469251070568' 'destroyed']
 ['0' '129.89542921298354' 'marauded']
 ['16' '130.22662378855966' 'presentdestroyed']
 ['21' '132.57450566708334' 'presentdestroyed']
 ['23' '136.443662295114' 'present']
 ['16' '140.01290168869545' 'present']
 ['0' '155.61988213811028' 'marauded']
 ['16' '159.96829849405637' 'presentdestroyed']
 ['0' '161.35766086813067' 'presentdestroyed']
 ['21' '164.4602431285898' 'present']
 ['21' '167.30099007101134' 'present']
 ['0' '167.8279726379514' 'present']
 ['16' '168.07899512947193' 'present']
 ['16' '179.4828779537638' 'present']
 ['23' '180.5715501788012' 'present']
 ['23' '181.6279645710369' 'present']
 ['16' '190.18244076899003' 'present']
 ['23' '192.33430836117935' 'present']
 ['16' '195.10855309614115' 'marauded']
 ['0' '226.11925408980795' 'present']
 ['21' '253.78140521093982' 'marauded']
 ['16' '262.4623485451398' 'present']
 ['0' '265.58877416875447' 'present']
 ['16' '270.54641926701794' 'present']
 ['16' '270.91912986781136' 'present']
 ['16' '273.19361118490724' 'present']
 ['21' '274.61306738691343' 'present']
 ['16' '276.0314526875301' 'marauded']
 ['21' '286.04082897129405' 'present']
 ['23' '286.6534120189196' 'present']
 ['23' '288.3448617524806' 'present']
 ['0' '297.150519250015' 'present']
 ['0' '297.5998842422191' 'present']
 ['0' '298.1462618449255' 'present']
 ['21' '301.78343626258055' 'marauded']
 ['0' '313.5332226647841' 'present']
 ['21' '320.3395243340715' 'present']
 ['21' '321.5095498426197' 'present']
 ['16' '328.95986950805053' 'present']
 ['0' '331.9392822285964' 'marauded']
 ['0' '336.3897758372754' 'presentdestroyed']
 ['16' '340.1433477590178' 'present']
 ['16' '341.65392182373074' 'present']
 ['23' '346.5641700774996' 'marauded']
 ['17' '351.24993859092547' 'presentdestroyed']
 ['21' '355.2825052860167' 'present']
 ['0' '357.12266670667793' 'present']]","[['F125' '5.4265329846116925' 'mated']
 ['F117' '47.947931251483844' 'mated']
 ['F120' '154.0943082746557' 'mated']
 ['F123' '173.64017194730025' 'mated']
 ['F50' '195.90155207273213' 'destroyed']
 ['F111' '202.77523376640391' 'destroyed']
 ['F100' '215.76245563583063' 'mated']
 ['F110' '226.1977385475863' 'mated']
 ['F154' '316.3072677634897' 'mated']
 ['F159' '347.34201481249477' 'absentdestroyed']]",5000.0,0.0,568.0,72.06761602414616,15.043085107031114,1211.0,204.2286584030817,43.09560158884357,472.0,79.72359321917403,16.696792969136734,9.0,0.8999999999999999,0.09000000000000002,65.0,3.0859654745135354,0.14789094650205759
21,0.054,13,360.41880673680595,"[['17' '27.738833528237528' 'present']
 ['2' '28.371917191815257' 'marauded']
 ['20' '29.1136719739482' 'destroyed']
 ['1' '32.81874909315591' 'presentdestroyed']
 ['20' '42.84537752844778' 'present']
 ['1' '43.02059797812576' 'present']
 ['20' '44.99184880485378' 'present']
 ['2' '52.36505410212051' 'present']
 ['20' '62.49926715522276' 'present']
 ['17' '79.89683519259724' 'marauded']
 ['1' '91.8530841208428' 'present']
 ['2' '94.63820951699388' 'present']
 ['1' '95.39342301438883' 'present']
 ['17' '100.67607459385627' 'present']
 ['17' '114.83949153497218' 'present']
 ['1' '129.91407033334391' 'present']
 ['17' '137.3641151754223' 'marauded']
 ['1' '142.03163016869237' 'presentdestroyed']
 ['20' '148.30035509846866' 'present']
 ['17' '149.81432860316409' 'present']
 ['1' '165.70811725871104' 'present']
 ['17' '181.58199144026003' 'marauded']
 ['1' '185.36468476720032' 'presentdestroyed']
 ['17' '209.1393921202444' 'present']
 ['20' '228.74885611572543' 'present']
 ['20' '230.41660456213037' 'present']
 ['20' '230.99464050962132' 'present']
 ['17' '232.72197439230135' 'present']
 ['20' '233.5478752616827' 'present']
 ['17' '239.34658649352292' 'present']
 ['17' '260.71518461676294' 'present']
 ['20' '263.55666869044745' 'present']
 ['1' '278.0250224092653' 'present']
 ['1' '296.39030240626164' 'present']
 ['17' '297.27156494445586' 'present']
 ['17' '302.93795198095205' 'present']
 ['1' '309.0669193365983' 'present']
 ['20' '316.22163808773104' 'present']
 ['17' '322.4779773453729' 'present']
 ['17' '337.2987016960898' 'present']
 ['17' '340.62661744768656' 'present']
 ['1' '343.6241807998588' 'marauded']
 ['20' '345.02248596183335' 'presentdestroyed']]","[['F22' '112.26792918780338' 'mated']
 ['F75' '123.04746100586945' 'mated']
 ['F188' '132.9476874918572' 'mated']
 ['F214' '171.3456995312876' 'mated']
 ['F130' '179.34986189145403' 'mated']
 ['F167' '188.5379864841972' 'destroyed']
 ['F50' '195.87840392458398' 'absent']
 ['F62' '196.95296520296006' 'mated']
 ['F181' '200.8213078998707' 'mated']
 ['F111' '202.79838191455207' 'mated']
 ['F162' '226.75896130046866' 'mated']
 ['F186' '238.28112310441537' 'mated']
 ['F193' '246.62714682610022' 'mated']
 ['F28' '288.62890967146166' 'mated']
 ['F65' '291.6871498153112' 'mated']]",5000.0,1000.0,573.0,67.64953579073594,13.445931835018355,1567.0,257.2204209091748,53.4425632700306,181.0,30.624812508119344,6.7902571436030605,9.0,0.8999999999999999,0.09000000000000002,77.0,3.6415210300690903,0.17361111111111094
22,0.0,7,360.00447837837197,"[['23' '9.81560219122264' 'present']
 ['21' '14.074699147768648' 'present']
 ['23' '15.932575514119549' 'present']
 ['2' '20.546282608634332' 'present']
 ['1' '26.34432834970509' 'present']
 ['23' '40.479896193387184' 'present']
 ['23' '50.199494706957594' 'present']
 ['2' '55.2620081057163' 'present']
 ['23' '58.783661393284774' 'marauded']
 ['23' '59.83409786040171' 'presentdestroyed']
 ['21' '69.29610302122751' 'present']
 ['23' '72.57762951217843' 'present']
 ['21' '72.96211541120073' 'present']
 ['21' '75.0242470231757' 'present']
 ['23' '78.78457482346067' 'marauded']
 ['21' '90.22642474525477' 'present']
 ['21' '96.59368834060442' 'present']
 ['23' '100.25631385818113' 'marauded']
 ['21' '100.9001833081927' 'presentdestroyed']
 ['2' '101.9686800419688' 'presentdestroyed']
 ['23' '107.79486201710237' 'present']
 ['21' '109.85453430089453' 'present']
 ['21' '114.61032266362419' 'present']
 ['2' '115.77896456527264' 'marauded']
 ['2' '129.93604985370214' 'present']
 ['21' '132.76727428923175' 'present']
 ['2' '138.00389811365326' 'present']
 ['23' '138.45542211966628' 'marauded']
 ['21' '146.19904385409544' 'present']
 ['2' '147.12815474773222' 'present']
 ['21' '154.33784482296738' 'present']
 ['2' '157.46115726368538' 'present']
 ['21' '160.45518993354904' 'present']
 ['21' '160.67943245322036' 'marauded']
 ['23' '163.54573036885316' 'presentdestroyed']
 ['2' '168.4205958718619' 'present']
 ['23' '169.7216769025063' 'present']
 ['2' '172.60503264896994' 'marauded']
 ['23' '174.26476884477069' 'presentdestroyed']
 ['2' '174.84356255131823' 'destroyed']
 ['2' '176.82626190390374' 'presentdestroyed']
 ['2' '182.59288688764903' 'present']
 ['23' '182.89634514960133' 'present']
 ['2' '183.92139878329144' 'present']
 ['21' '194.41082085421746' 'present']
 ['21' '194.45711715051377' 'present']
 ['3' '205.25290254268222' 'present']
 ['2' '210.52566445133905' 'present']
 ['23' '211.6904035841015' 'marauded']
 ['23' '213.02707092026588' 'presentdestroyed']
 ['2' '225.56255318916953' 'present']
 ['23' '234.50660091318264' 'present']
 ['23' '250.7253715160591' 'marauded']
 ['2' '255.84735699096575' 'presentdestroyed']
 ['21' '267.03794547440185' 'present']
 ['23' '272.7560910028593' 'present']
 ['23' '283.2855298553623' 'present']
 ['21' '291.41335616596064' 'marauded']
 ['2' '291.7307542684824' 'presentdestroyed']
 ['23' '294.9389724097874' 'presentdestroyed']
 ['2' '295.48721850937983' 'destroyed']
 ['21' '301.1328306147084' 'present']
 ['21' '305.630115188869' 'present']
 ['21' '312.6747011761297' 'present']
 ['23' '319.8680869380351' 'present']
 ['21' '329.47342658410184' 'present']
 ['23' '336.72831554983173' 'present']
 ['21' '340.69973691116627' 'present']
 ['23' '340.8101324370224' 'present']
 ['23' '347.2407458489942' 'present']
 ['21' '351.0872545039868' 'present']]","[['F40' '105.5872372650433' 'destroyed']
 ['F144' '123.88950906024624' 'mated']
 ['F103' '153.2530418809184' 'mated']
 ['F74' '154.8054765132678' 'mated']
 ['F197' '169.14603579915848' 'absent']
 ['F3' '183.7839617231735' 'mated']
 ['F167' '188.56113463234536' 'mated']
 ['F137' '192.84853582694296' 'mated']
 ['F32' '205.90042844135195' 'mated']
 ['F119' '256.1144454572836' 'absentdestroyed']]",5000.0,2000.0,565.0,69.2022722763345,14.087996287744152,1364.0,229.69259733292438,49.112983663949066,348.0,61.12238402923212,13.537229161320687,0.0,0.0,0.0,0.0,0.0,0.0
23,0.054,10,360.00441342923864,"[['16' '7.809184785433408' 'present']
 ['3' '20.11875009945288' 'present']
 ['20' '26.380296734524915' 'marauded']
 ['3' '45.78931184684221' 'present']
 ['3' '48.37888520722733' 'present']
 ['2' '50.53916968133008' 'present']
 ['3' '63.62101472248924' 'present']
 ['3' '73.35659548427898' 'present']
 ['20' '93.98839404169863' 'present']
 ['20' '95.70359662759644' 'present']
 ['20' '96.99907627669477' 'present']
 ['20' '97.14753467607129' 'present']
 ['20' '103.99875561196014' 'present']
 ['3' '125.95386682544373' 'present']
 ['2' '137.71604598810393' 'present']
 ['3' '144.79952456039166' 'marauded']
 ['20' '151.4081059743467' 'presentdestroyed']
 ['20' '187.78516685121204' 'present']
 ['20' '193.09416008386614' 'present']
 ['16' '198.92461002155974' 'present']
 ['3' '201.6120781288813' 'present']
 ['0' '266.0454468353836' 'present']
 ['3' '274.82080264795655' 'present']
 ['3' '275.54103086823073' 'present']
 ['3' '276.26624846452904' 'present']
 ['3' '276.8627336146738' 'present']
 ['3' '309.3404250739187' 'present']
 ['20' '319.07325401599377' 'present']
 ['20' '320.2313805489454' 'present']
 ['3' '341.6942711961895' 'present']
 ['20' '358.8629556520021' 'present']]","[['F0' '23.327074508490508' 'mated']
 ['F60' '87.05005118986821' 'mated']
 ['F24' '98.82445316351351' 'mated']
 ['F203' '111.97389729978437' 'mated']
 ['F113' '158.47179011204003' 'mated']
 ['F50' '195.9709965171766' 'mated']
 ['F164' '209.72149873795456' 'absent']
 ['F105' '217.30021018497018' 'mated']
 ['F170' '218.9122910467571' 'mated']
 ['F112' '250.1576822185927' 'mated']
 ['F213' '340.90682982713105' 'mated']]",5000.0,3000.0,572.0,69.08774878977255,13.414837015866029,1589.0,273.19035238221466,58.38665485363449,70.0,12.17575903316104,2.6233518147503747,14.0,1.4000000000000001,0.14000000000000007,91.0,4.32802228584438,0.2079046639231821
