id,probability_maraud,successful_mating,next_foraging_time,mar_attempts,mate_attempts,x_pos,y_pos,foraging_events,foraging_hrs,foraging_sqhrs,staying_events,staying_hrs,staying_sqhrs,repairing_events,repairing_hrs,repairing_sqhrs,marauding_events,marauding_hrs,marauding_sqhrs,traveling_events,traveling_hrs,traveling_sqhrs
0,0.0,11,360.63196249584456,"[['3' '7.193025703344181' 'present']
 ['3' '13.835381346270369' 'marauded']
 ['9' '18.226557880981556' 'presentdestroyed']
 ['2' '23.44830768032588' 'present']
 ['2' '34.92132891673759' 'present']
 ['3' '40.52193883565368' 'present']
 ['9' '51.34006511098946' 'present']
 ['2' '53.95680636472732' 'present']
 ['2' '55.18725166152535' 'marauded']
 ['9' '72.62943519707451' 'present']
 ['2' '98.56143433022729' 'present']
 ['3' '102.31338142904455' 'present']
 ['9' '122.52794270155952' 'present']
 ['3' '123.40711694898751' 'marauded']
 ['3' '127.81761675096425' 'destroyed']
 ['9' '136.8281730708002' 'present']
 ['2' '139.32094166544488' 'present']
 ['2' '139.72923857519785' 'present']
 ['2' '161.1080316552779' 'present']
 ['3' '166.5288080400983' 'present']
 ['3' '173.78786649981686' 'present']
 ['2' '174.8502363517528' 'marauded']
 ['2' '176.04099061508347' 'destroyed']
 ['2' '177.02419925320555' 'destroyed']
 ['2' '177.98393785596434' 'presentdestroyed']
 ['2' '188.25438380711154' 'present']
 ['9' '192.11648965141435' 'present']
 ['3' '204.28052492968965' 'marauded']
 ['9' '207.32112506572955' 'presentdestroyed']
 ['2' '208.9934574404561' 'destroyed']
 ['2' '221.42833281636135' 'present']
 ['9' '224.72967758726682' 'present']
 ['9' '228.5429963542571' 'present']
 ['9' '248.88063023963065' 'present']
 ['2' '261.30169732407046' 'present']
 ['2' '261.5431169292987' 'marauded']
 ['2' '263.2037232572347' 'presentdestroyed']
 ['9' '263.5752126898314' 'presentdestroyed']
 ['2' '277.54676394791744' 'present']
 ['9' '278.93440383263385' 'present']
 ['9' '279.0578314998813' 'present']
 ['9' '283.86538237720083' 'marauded']
 ['2' '283.98082985487997' 'presentdestroyed']
 ['2' '287.3290014164681' 'presentdestroyed']
 ['2' '301.3316949800214' 'present']
 ['9' '302.18289574277736' 'marauded']
 ['3' '311.213186163126' 'present']
 ['2' '311.3933164024135' 'present']
 ['3' '311.99677731816354' 'present']
 ['3' '315.6488231039336' 'marauded']
 ['9' '316.95617886606175' 'presentdestroyed']
 ['2' '318.0400329408736' 'presentdestroyed']
 ['2' '328.41211376443994' 'present']
 ['3' '331.0827804018885' 'present']
 ['9' '343.5114075121841' 'present']
 ['9' '347.90596409980776' 'present']
 ['2' '351.0864878711295' 'present']
 ['2' '356.3428096859917' 'present']
 ['3' '357.5801438192338' 'present']]","[['F49' '14.220857477325662' 'destroyed']
 ['F32' '25.521755269055628' 'mated']
 ['F46' '83.81983281955786' 'mated']
 ['F6' '96.94487733141021' 'mated']
 ['F82' '105.18561318804345' 'mated']
 ['F20' '126.52011399030953' 'destroyed']
 ['F79' '145.78742995558997' 'mated']
 ['F83' '154.15483274654682' 'mated']
 ['F66' '157.5728780168862' 'mated']
 ['F13' '166.11424225206335' 'absent']
 ['F92' '179.83186246104543' 'destroyed']
 ['F1' '221.80724820306574' 'absent']
 ['F55' '222.2207567016455' 'mated']
 ['F68' '265.1721990954202' 'destroyed']
 ['F0' '268.87413062862595' 'destroyed']
 ['F8' '272.1192543939084' 'mated']
 ['F37' '334.52776648052964' 'mated']
 ['F70' '340.51506655554306' 'mated']]",0.0,0.0,560.0,70.53684849849525,14.719946505959523,1368.0,234.0830912329688,50.39288583992882,308.0,55.42562711405404,12.543581831826753,0.0,0.0,0.0,0.0,0.0,0.0
1,0.0,10,360.2239009813866,"[['2' '11.330450983970271' 'present']
 ['3' '34.755823778090736' 'present']
 ['2' '41.121474753366776' 'present']
 ['2' '80.2356695345163' 'present']
 ['2' '80.29324098358585' 'present']
 ['2' '82.89874898499416' 'present']
 ['2' '92.66214217590863' 'present']
 ['2' '101.29379273124223' 'present']
 ['2' '108.28530942644748' 'present']
 ['2' '125.24468936799016' 'present']
 ['2' '126.80654578776713' 'present']
 ['2' '159.5811969412956' 'marauded']
 ['2' '167.56929545401644' 'present']
 ['2' '175.89469431878717' 'marauded']
 ['2' '183.19419677861063' 'presentdestroyed']
 ['2' '204.96811980271542' 'present']
 ['2' '209.0397537367524' 'marauded']
 ['2' '260.584267474036' 'marauded']
 ['2' '261.34799362036676' 'presentdestroyed']
 ['2' '269.019235999268' 'present']
 ['2' '273.8956892877712' 'marauded']
 ['2' '296.675661572162' 'present']
 ['2' '301.5518758990107' 'marauded']
 ['2' '327.2523116253338' 'present']
 ['2' '330.54473682372935' 'present']
 ['2' '336.2971169275715' 'present']]","[['F23' '49.83759362545585' 'mated']
 ['F80' '78.68916505134638' 'absent']
 ['F84' '83.72787179692646' 'mated']
 ['F85' '117.3114937820578' 'mated']
 ['F102' '120.65220900796336' 'mated']
 ['F62' '125.51228837280684' 'mated']
 ['F20' '126.58955843475398' 'mated']
 ['F26' '153.88417276209634' 'mated']
 ['F83' '154.13168459839866' 'absent']
 ['F92' '179.80871431289728' 'destroyed']
 ['F33' '181.28741882120377' 'absentdestroyed']
 ['F33' '181.33371511750008' 'destroyed']
 ['F77' '190.593710764162' 'mated']
 ['F43' '219.6633321460008' 'mated']
 ['F58' '263.8547960655864' 'destroyed']
 ['F58' '263.9010923618827' 'destroyed']
 ['F34' '330.8742898075965' 'mated']
 ['F37' '334.5046183323815' 'absent']]",0.0,1000.0,555.0,72.25232396333952,16.41303022967853,1461.0,251.59084021799902,54.20734687614281,212.0,36.20900907733328,7.9351168677567365,0.0,0.0,0.0,0.0,0.0,0.0
2,0.054,17,360.14721705669785,"[['5' '59.86999948526937' 'present']
 ['5' '70.03652778212438' 'present']
 ['5' '108.29923837379533' 'marauded']
 ['5' '150.18633378817384' 'marauded']
 ['5' '180.36439596725475' 'present']
 ['5' '205.59281993552364' 'present']
 ['3' '218.7194179522572' 'present']
 ['5' '233.7206618897615' 'marauded']
 ['5' '262.82879542573625' 'present']
 ['5' '278.84369432842635' 'present']
 ['5' '295.10139575845733' 'present']
 ['5' '295.14769205475363' 'present']
 ['5' '300.98314260971347' 'present']
 ['5' '336.45698262371303' 'present']
 ['5' '343.2790041127158' 'present']
 ['5' '358.09419641673077' 'present']]","[['F100' '2.8834064644971096' 'mated']
 ['F14' '44.76989116906682' 'mated']
 ['F23' '49.81444547730771' 'absent']
 ['F84' '83.70472364877831' 'absent']
 ['F59' '87.87566473333382' 'mated']
 ['F78' '88.06500387459558' 'mated']
 ['F87' '103.38316830925132' 'mated']
 ['F48' '132.6848952273518' 'mated']
 ['F26' '153.8610246139482' 'destroyed']
 ['F74' '167.50733334395113' 'mated']
 ['F29' '174.43879670370524' 'mated']
 ['F91' '184.06126987353423' 'mated']
 ['F22' '195.958764660464' 'mated']
 ['F96' '202.64397512996683' 'mated']
 ['F86' '203.3538599002822' 'mated']
 ['F17' '206.05761277314724' 'mated']
 ['F68' '265.19534724356834' 'mated']
 ['F53' '268.5184476476498' 'mated']
 ['F38' '318.54209022602186' 'mated']
 ['F57' '350.70549029526455' 'mated']]",0.0,2000.0,571.0,68.30601022263555,13.32739174255069,1593.0,267.4234423610121,56.87286635206679,106.0,18.1820045354112,3.9624030168418103,14.0,1.4000000000000001,0.14000000000000007,106.0,5.022466730288831,0.2400548696844988
3,0.054,9,359.85110163363487,"[['5' '6.045832146461663' 'present']
 ['6' '6.316359131131651' 'present']
 ['5' '15.323872714482032' 'present']
 ['6' '34.488561253866635' 'present']
 ['6' '64.38949582647281' 'marauded']
 ['6' '84.1932870344867' 'marauded']
 ['6' '93.8037532100437' 'marauded']
 ['2' '94.6890715221834' 'presentdestroyed']
 ['6' '123.03494363376265' 'present']
 ['5' '134.17607533422435' 'present']
 ['5' '135.11981000045833' 'marauded']
 ['6' '138.337085693952' 'destroyed']
 ['5' '149.66681606934642' 'present']
 ['5' '159.19182427638725' 'present']
 ['5' '167.12973784461357' 'present']
 ['8' '172.9137459536229' 'present']
 ['5' '174.12465404490487' 'present']
 ['6' '175.54424249261075' 'present']
 ['2' '192.5924064697063' 'present']
 ['5' '218.01741124726522' 'present']
 ['5' '218.84541014297238' 'present']
 ['5' '231.66249650355704' 'marauded']
 ['5' '235.86295151730013' 'presentdestroyed']
 ['5' '238.45243865911797' 'presentdestroyed']
 ['5' '239.76491043118173' 'present']
 ['5' '244.80578988824496' 'present']
 ['5' '263.8769083245429' 'present']
 ['6' '265.0254861635912' 'present']
 ['5' '266.05434083926826' 'present']
 ['5' '279.07921681184934' 'marauded']
 ['5' '286.7293869094747' 'present']
 ['5' '289.9870508742664' 'marauded']
 ['6' '295.7334854620842' 'presentdestroyed']
 ['8' '314.72463876391953' 'present']
 ['5' '324.62748951455285' 'present']
 ['5' '325.7100017274471' 'present']
 ['5' '343.0046564234215' 'present']
 ['5' '356.9061427376897' 'present']]","[['F49' '14.244005625473811' 'absent']
 ['F3' '79.52926426873502' 'mated']
 ['F9' '129.66372078051393' 'mated']
 ['F54' '155.11440047894988' 'mated']
 ['F66' '157.54972986873804' 'absent']
 ['F27' '163.2504189063455' 'mated']
 ['F18' '181.92502036186312' 'mated']
 ['F104' '191.9961052038173' 'mated']
 ['F12' '200.66829186011' 'mated']
 ['F1' '221.8303963512139' 'mated']
 ['F0' '268.8972787767741' 'mated']]",1000.0,0.0,560.0,70.6163863610564,13.822290299812567,1418.0,241.0951073841533,51.81728104786642,253.0,43.16037070782562,9.361346949678,17.0,1.7000000000000004,0.1700000000000001,73.0,3.4755123986974743,0.1671810699588476
4,0.0,9,360.50242577837156,"[['5' '9.08525982317143' 'marauded']
 ['5' '10.960009982340711' 'presentdestroyed']
 ['3' '12.390847507724308' 'destroyed']
 ['2' '19.804848459577872' 'present']
 ['5' '36.01478288037922' 'marauded']
 ['3' '46.093736199772856' 'present']
 ['3' '53.84933959883379' 'present']
 ['3' '57.880091185632885' 'present']
 ['5' '61.96444302881256' 'marauded']
 ['3' '63.4292052434244' 'presentdestroyed']
 ['5' '68.02472568443984' 'presentdestroyed']
 ['3' '73.62140807161438' 'present']
 ['3' '77.26857428663158' 'present']
 ['3' '77.63714170724325' 'marauded']
 ['5' '112.86816094650119' 'present']
 ['3' '115.47298072050086' 'marauded']
 ['5' '119.1286565684027' 'presentdestroyed']
 ['3' '124.12416204237672' 'present']
 ['2' '126.01252757021089' 'present']
 ['3' '157.47707539775274' 'present']
 ['5' '165.29154760576154' 'present']
 ['5' '168.80038716477767' 'present']
 ['5' '172.02552308192813' 'present']
 ['3' '174.04067093364466' 'present']
 ['3' '179.71894782500834' 'present']
 ['3' '181.53483452964224' 'present']
 ['5' '208.54772277706945' 'present']
 ['3' '210.8462204879213' 'marauded']
 ['2' '211.8299047422874' 'presentdestroyed']
 ['3' '222.85911647962612' 'present']
 ['5' '235.81665522100383' 'present']
 ['5' '251.9840911096796' 'present']
 ['3' '258.6558002598588' 'present']
 ['5' '263.9232046208392' 'present']
 ['5' '266.10063713556457' 'marauded']
 ['5' '268.83932018639734' 'presentdestroyed']
 ['5' '270.48854399530205' 'presentdestroyed']
 ['3' '300.09855347157094' 'present']
 ['3' '304.191114100226' 'present']
 ['5' '310.1292734018337' 'present']
 ['5' '316.7164190299136' 'present']
 ['5' '331.2130601635162' 'present']
 ['3' '342.7452397833138' 'present']
 ['3' '342.7915360796101' 'present']]","[['F30' '33.39891342506268' 'mated']
 ['F89' '49.09673366092683' 'mated']
 ['F80' '78.71231319949453' 'destroyed']
 ['F102' '120.62906085981521' 'absentdestroyed']
 ['F9' '129.61742448421762' 'absent']
 ['F94' '140.86264842505076' 'mated']
 ['F73' '149.70172960533614' 'absent']
 ['F54' '155.09125233080172' 'absent']
 ['F75' '157.82856756783818' 'mated']
 ['F92' '179.86459888610037' 'absent']
 ['F33' '181.26427067305562' 'absent']
 ['F35' '205.74714953486378' 'mated']
 ['F24' '237.22518879479858' 'absent']
 ['F97' '238.66753373827075' 'mated']
 ['F28' '239.0176621525718' 'mated']
 ['F31' '240.03607188462817' 'mated']
 ['F50' '252.9555686726711' 'mated']]",1000.0,1000.0,577.0,70.18362477781979,14.073051088216953,1468.0,247.4897738070498,52.37363731147281,268.0,42.40403674428228,8.70795166947785,0.0,0.0,0.0,0.0,0.0,0.0
5,0.054,5,360.04532699411163,"[['2' '0.023148148148148147' 'present']
 ['3' '6.576853857505892' 'present']
 ['2' '7.866161778633712' 'present']
 ['2' '9.240678996566993' 'present']
 ['3' '16.40529238929625' 'marauded']
 ['3' '19.944195545292455' 'presentdestroyed']
 ['2' '20.88537466929665' 'presentdestroyed']
 ['3' '26.51837521208246' 'marauded']
 ['3' '30.29044603620094' 'destroyed']
 ['2' '37.62940452258304' 'present']
 ['8' '40.64046372499953' 'marauded']
 ['8' '41.69310863938229' 'destroyed']
 ['3' '47.14248327226077' 'presentdestroyed']
 ['2' '48.54992288999216' 'present']
 ['8' '72.99947235664074' 'present']
 ['3' '83.56773883269862' 'marauded']
 ['8' '100.13485643358248' 'present']
 ['2' '105.00049865709249' 'present']
 ['3' '116.65998327800271' 'present']
 ['8' '118.85019653064643' 'present']
 ['3' '119.01466800221715' 'present']
 ['2' '120.09260685211567' 'present']
 ['3' '122.84633257905234' 'marauded']
 ['2' '126.14079763802002' 'destroyed']
 ['8' '128.05137343398565' 'presentdestroyed']
 ['3' '131.71791508413202' 'present']
 ['8' '142.31692314892715' 'marauded']
 ['2' '150.19771382873205' 'marauded']
 ['8' '153.6958452356991' 'presentdestroyed']
 ['2' '163.4450286237222' 'present']
 ['2' '169.56122640017924' 'present']
 ['2' '182.59034579340235' 'present']
 ['3' '189.95353366779744' 'marauded']
 ['2' '191.08211105222725' 'presentdestroyed']
 ['2' '194.9109624539438' 'presentdestroyed']
 ['3' '204.42682122598595' 'present']
 ['8' '204.89011551735194' 'present']
 ['3' '213.73076868913392' 'present']
 ['3' '219.9445951946891' 'marauded']
 ['3' '222.98350662716874' 'presentdestroyed']
 ['8' '234.89736156079698' 'present']
 ['2' '243.86930516642178' 'present']
 ['8' '245.45135193636293' 'present']
 ['8' '249.54168655186052' 'present']
 ['8' '253.83485269191846' 'present']
 ['8' '257.42993848811193' 'present']
 ['2' '275.92733540179006' 'present']
 ['2' '277.18897203271564' 'present']
 ['2' '283.52564566587034' 'present']
 ['8' '307.47654020797427' 'present']
 ['2' '308.3688298438133' 'present']
 ['2' '308.4151261401096' 'present']
 ['3' '309.2248366826988' 'present']
 ['8' '312.58009669707974' 'present']
 ['3' '317.02970709563965' 'marauded']
 ['8' '323.3176330980802' 'presentdestroyed']
 ['2' '327.75425703274624' 'present']
 ['2' '328.6706752195824' 'present']
 ['8' '339.15547938689537' 'present']
 ['2' '347.3340663182582' 'marauded']
 ['2' '353.99394980860814' 'presentdestroyed']]","[['F49' '14.26715377362196' 'mated']
 ['F89' '49.073585512778685' 'absent']
 ['F47' '73.01244459914626' 'mated']
 ['F84' '83.68157550063016' 'absentdestroyed']
 ['F9' '129.64057263236577' 'destroyed']
 ['F94' '140.8395002769026' 'absent']
 ['F73' '149.7248777534843' 'mated']
 ['F54' '155.06810418265357' 'absentdestroyed']
 ['F90' '177.87515627994625' 'mated']
 ['F104' '191.97295705566916' 'destroyed']
 ['F24' '237.20204064665043' 'absent']
 ['F24' '237.24833694294674' 'mated']]",1000.0,2000.0,561.0,71.20670383507907,15.016470925820085,1288.0,216.9846021712934,46.97862361136712,388.0,66.9347134665375,14.574746392779314,13.0,1.3,0.13000000000000006,80.0,3.722880257517272,0.1736111111111109
6,0.054,6,359.9972828696169,"[['3' '2.063946798520625' 'present']
 ['8' '13.064663735329702' 'present']
 ['9' '14.37738069417031' 'marauded']
 ['3' '14.824517739604492' 'presentdestroyed']
 ['8' '21.8205345425189' 'present']
 ['3' '25.444442094515782' 'present']
 ['3' '34.87258896382222' 'present']
 ['8' '35.1128779128156' 'present']
 ['9' '40.25032804140053' 'marauded']
 ['9' '40.39662433769682' 'destroyed']
 ['8' '45.22097169567742' 'destroyed']
 ['3' '53.354196218262274' 'marauded']
 ['8' '95.60565299202501' 'marauded']
 ['3' '103.6087213163206' 'present']
 ['9' '122.48164640526322' 'present']
 ['3' '124.3104786480586' 'present']
 ['8' '143.86637328806887' 'present']
 ['3' '150.33395870727784' 'present']
 ['3' '150.38025500357415' 'present']
 ['3' '151.419294278778' 'present']
 ['8' '153.78586041427974' 'marauded']
 ['8' '180.55259897850888' 'present']
 ['9' '184.7255641604606' 'present']
 ['9' '208.00207516788277' 'marauded']
 ['3' '209.7467656619612' 'presentdestroyed']
 ['9' '214.1469349739282' 'destroyed']
 ['9' '216.00336635242473' 'present']
 ['9' '218.29524768919447' 'present']
 ['8' '222.22094140659436' 'marauded']
 ['8' '224.0462222276274' 'destroyed']
 ['3' '229.8519954738281' 'present']
 ['8' '231.67627026573228' 'present']
 ['9' '235.91982546820725' 'present']
 ['9' '247.62162525922048' 'present']
 ['8' '249.27820510805907' 'present']
 ['3' '255.4634555827767' 'marauded']
 ['9' '255.95957373322383' 'presentdestroyed']
 ['9' '265.5290311301789' 'present']
 ['3' '272.44489111200085' 'present']
 ['9' '274.057250690427' 'present']
 ['9' '274.1035469867233' 'present']
 ['9' '276.224881506698' 'present']
 ['8' '276.6794526649213' 'present']
 ['8' '279.76743479338984' 'present']
 ['9' '285.38530603976693' 'marauded']
 ['9' '287.0799317768963' 'presentdestroyed']
 ['9' '290.4327068837134' 'presentdestroyed']
 ['8' '291.77449017983724' 'presentdestroyed']
 ['9' '300.61245144420985' 'present']
 ['9' '303.9804734945162' 'present']
 ['8' '304.669834016101' 'present']
 ['8' '318.39279562168406' 'present']
 ['8' '321.5681636738231' 'present']
 ['8' '325.66585006366984' 'marauded']
 ['8' '335.35675450520773' 'present']
 ['9' '340.1916440460793' 'present']
 ['8' '340.7401599382945' 'present']
 ['9' '342.0607467952523' 'marauded']
 ['9' '350.5161398517734' 'present']
 ['8' '352.1841254894633' 'present']
 ['8' '355.2776988394165' 'present']
 ['8' '355.3702914320091' 'present']
 ['3' '359.62140952641505' 'marauded']]","[['F99' '109.88598039249504' 'mated']
 ['F93' '119.5428579000967' 'mated']
 ['F7' '133.94371100616334' 'mated']
 ['F19' '194.89853294394769' 'mated']
 ['F69' '239.85876531400027' 'mated']
 ['F2' '255.1406539869028' 'mated']]",2000.0,0.0,558.0,72.03619162878714,15.422702214985748,1275.0,216.68451305168705,46.68235483881356,396.0,67.24375609926481,14.254476523509295,16.0,1.6000000000000003,0.1600000000000001,55.0,2.546296296296296,0.11788408779149526
7,0.0,8,360.3520038089725,"[['6' '5.256521738739643' 'present']
 ['8' '11.278943388757604' 'present']
 ['8' '20.24527669703768' 'present']
 ['6' '24.588014780580373' 'present']
 ['6' '35.68823072798369' 'marauded']
 ['8' '39.07824174299606' 'destroyed']
 ['8' '40.59416742870324' 'destroyed']
 ['8' '44.80051883108399' 'present']
 ['6' '74.35361972589041' 'present']
 ['6' '78.43115777234928' 'present']
 ['9' '99.8546137222013' 'present']
 ['8' '119.29072547698945' 'marauded']
 ['8' '139.090260474994' 'marauded']
 ['8' '170.76018782901843' 'marauded']
 ['3' '183.6878375052327' 'present']
 ['6' '189.48432269897788' 'present']
 ['8' '190.71529746229956' 'present']
 ['6' '199.16987059949545' 'marauded']
 ['8' '200.3922239759815' 'presentdestroyed']
 ['8' '201.1120180061839' 'presentdestroyed']
 ['8' '210.2405874115753' 'present']
 ['5' '216.847557092808' 'present']
 ['6' '218.9105394232739' 'marauded']
 ['6' '220.53136998677002' 'presentdestroyed']
 ['6' '236.53742425754103' 'present']
 ['6' '238.7945012942876' 'marauded']
 ['6' '241.11682482661968' 'destroyed']
 ['6' '241.94818414068666' 'presentdestroyed']
 ['8' '258.4031087991653' 'present']
 ['3' '274.7877311772114' 'present']
 ['8' '277.88859321672584' 'marauded']
 ['8' '279.29855123254987' 'presentdestroyed']
 ['6' '281.1359576490283' 'presentdestroyed']
 ['8' '294.8027732090271' 'present']
 ['6' '299.6846830897439' 'present']
 ['6' '302.78835039348536' 'marauded']
 ['8' '309.93423590906013' 'presentdestroyed']
 ['8' '314.59030223587604' 'present']
 ['6' '338.6342400708098' 'present']]","[['F80' '78.73546134764268' 'mated']
 ['F102' '120.60591271166706' 'absentdestroyed']
 ['F71' '134.20512722686595' 'mated']
 ['F56' '152.53389545924355' 'mated']
 ['F92' '179.88774703424852' 'mated']
 ['F65' '189.71173906932887' 'mated']
 ['F39' '198.2356314903496' 'mated']
 ['F107' '198.31143748333352' 'mated']
 ['F15' '201.0102451300923' 'destroyed']
 ['F67' '246.0704988842184' 'destroyed']
 ['F21' '306.5014566370392' 'destroyed']
 ['F95' '357.642013506832' 'mated']]",2000.0,1000.0,560.0,69.48872228125089,13.92607154781269,1364.0,235.53120170954105,52.004173388685686,330.0,54.98581259853321,11.535067809528485,0.0,0.0,0.0,0.0,0.0,0.0
8,0.054,5,360.61107342202376,"[['5' '8.134863339660605' 'present']
 ['5' '11.035384102181983' 'present']
 ['5' '12.804970551068765' 'present']
 ['5' '13.047552532437548' 'marauded']
 ['6' '25.845197328436296' 'present']
 ['5' '53.01302223039109' 'present']
 ['5' '53.83598829066742' 'present']
 ['5' '58.09068214447399' 'present']
 ['5' '59.94998975665013' 'present']
 ['5' '71.73433552246746' 'present']
 ['5' '81.5867413183038' 'present']
 ['5' '95.57797501879476' 'present']
 ['5' '100.01731342617016' 'present']
 ['6' '112.77350659339518' 'present']
 ['6' '114.57354938058059' 'present']
 ['6' '119.77742989107394' 'marauded']
 ['6' '122.60039802277417' 'presentdestroyed']
 ['6' '127.21121070444597' 'present']
 ['5' '135.28501803200948' 'present']
 ['6' '151.0444831457342' 'present']
 ['5' '159.04552798009095' 'marauded']
 ['6' '171.0382269209797' 'present']
 ['5' '171.97922678563182' 'present']
 ['9' '181.7718843048904' 'marauded']
 ['6' '190.7445571689923' 'marauded']
 ['3' '196.44519964750566' 'destroyed']
 ['6' '207.5002341518297' 'present']
 ['5' '217.6053874158143' 'present']
 ['6' '232.40764312789108' 'present']
 ['6' '233.4475510741537' 'present']
 ['6' '237.22253979171865' 'marauded']
 ['5' '267.98278461590235' 'present']
 ['5' '272.79601718674434' 'present']
 ['6' '301.0941839227583' 'present']
 ['6' '316.15067801236177' 'present']
 ['5' '327.33764927843623' 'present']
 ['5' '331.9045354106785' 'present']
 ['6' '358.75607592417975' 'marauded']]","[['F60' '11.14809725559234' 'mated']
 ['F51' '118.89434795964065' 'mated']
 ['F81' '119.63751167471167' 'mated']
 ['F45' '157.2555239037433' 'mated']
 ['F107' '198.28828933518537' 'absentdestroyed']
 ['F67' '246.09364703236656' 'absent']
 ['F4' '257.53157136577084' 'mated']
 ['F21' '306.52460478518736' 'absent']]",2000.0,2000.0,553.0,71.3964031078525,14.96200608709632,1434.0,245.30935656312084,52.18871394611447,237.0,37.73476059769827,7.703070204795565,14.0,1.4000000000000001,0.14000000000000007,89.0,4.177900031811078,0.19718792866940985
9,0.054,12,360.1025901199707,"[['6' '4.730066462016295' 'marauded']
 ['2' '21.370229362543462' 'present']
 ['6' '63.54271966207954' 'present']
 ['6' '70.40028192301995' 'present']
 ['6' '114.88616213154714' 'present']
 ['6' '124.55846135878237' 'marauded']
 ['6' '132.236013116603' 'present']
 ['6' '138.71332630832129' 'marauded']
 ['6' '143.19962830101534' 'presentdestroyed']
 ['6' '196.74029848371822' 'present']
 ['6' '237.67679298665144' 'marauded']
 ['8' '274.71170485700975' 'present']
 ['6' '353.2427917236769' 'present']
 ['6' '354.7801080701894' 'present']]","[['F25' '54.1737875299283' 'absent']
 ['F41' '67.39293548985296' 'mated']
 ['F72' '81.17832050085433' 'mated']
 ['F88' '87.72426910120974' 'mated']
 ['F20' '126.54326213845768' 'absentdestroyed']
 ['F103' '154.38300219133902' 'mated']
 ['F13' '166.1373904002115' 'mated']
 ['F106' '225.9565974957802' 'mated']
 ['F44' '250.50925736704752' 'mated']
 ['F36' '254.68920614664344' 'mated']
 ['F10' '261.3183083542172' 'mated']
 ['F16' '275.1310267469829' 'mated']
 ['F105' '288.222800109676' 'mated']
 ['F42' '306.92983169415345' 'mated']]",3000.0,0.0,556.0,68.80556694581526,15.005994260140413,1543.0,262.4068376255666,56.44714374742875,143.0,24.30219814330994,4.980772307769154,13.0,1.3,0.13000000000000006,71.0,3.3253901446641745,0.15646433470507534
10,0.0,7,359.8237724969214,"[['9' '3.908054396195886' 'marauded']
 ['9' '12.378544582775667' 'present']
 ['9' '52.00349060734492' 'present']
 ['9' '54.16766046667932' 'present']
 ['9' '77.87188418389484' 'present']
 ['9' '163.96558073698398' 'present']
 ['9' '198.2426326202854' 'present']
 ['9' '214.34759223867903' 'present']
 ['9' '224.68338129097052' 'present']
 ['9' '247.39565822407914' 'present']
 ['9' '257.63662909251263' 'present']
 ['9' '259.9865749159783' 'marauded']
 ['9' '261.11104453072164' 'destroyed']
 ['9' '311.8775860012624' 'present']
 ['9' '354.02468034980984' 'marauded']
 ['9' '356.97799709171466' 'presentdestroyed']]","[['F25' '54.22008382622459' 'mated']
 ['F20' '126.56641028660583' 'absent']
 ['F98' '163.75563375379997' 'mated']
 ['F33' '181.31056696935192' 'absent']
 ['F33' '181.35686326564823' 'absent']
 ['F15' '201.03339327824045' 'mated']
 ['F52' '211.2845922687337' 'mated']
 ['F64' '220.17175573075446' 'mated']
 ['F11' '238.8222644918401' 'mated']
 ['F58' '263.83164791743826' 'destroyed']
 ['F58' '263.87794421373457' 'destroyed']
 ['F58' '263.92424051003087' 'destroyed']
 ['F21' '306.57090108148367' 'mated']]",3000.0,1000.0,577.0,73.80971373861561,16.722372554856015,1634.0,269.2600711624502,56.76611547122915,99.0,16.953154957694863,3.5190236758535978,0.0,0.0,0.0,0.0,0.0,0.0
11,0.0,9,360.55981274524333,"[['8' '4.788383469280144' 'present']
 ['8' '20.29157299333398' 'present']
 ['9' '20.588496715624515' 'present']
 ['9' '22.555585584648675' 'present']
 ['8' '44.66162994219512' 'present']
 ['8' '44.70792623849141' 'present']
 ['8' '44.7542225347877' 'present']
 ['2' '49.6651802434739' 'marauded']
 ['2' '51.054064306225705' 'presentdestroyed']
 ['2' '55.14095536522906' 'presentdestroyed']
 ['8' '66.63315716116365' 'present']
 ['2' '68.77821608432497' 'present']
 ['8' '74.75219001988332' 'present']
 ['9' '79.15566507063207' 'present']
 ['8' '93.56658170651787' 'present']
 ['9' '97.42867953820152' 'present']
 ['8' '105.59171505743767' 'present']
 ['8' '108.58544879956845' 'present']
 ['2' '119.29586625751078' 'present']
 ['2' '126.48194375315738' 'present']
 ['8' '128.8485322626179' 'present']
 ['2' '131.7320587725625' 'present']
 ['2' '134.0935540100613' 'present']
 ['2' '136.87498521706465' 'present']
 ['9' '138.6966769880651' 'present']
 ['2' '141.95276711851105' 'present']
 ['8' '144.14204036166532' 'marauded']
 ['8' '144.38001312716818' 'presentdestroyed']
 ['8' '151.60192709864268' 'present']
 ['9' '175.2745697056245' 'present']
 ['2' '199.38441025840498' 'present']
 ['8' '202.68138215798518' 'present']
 ['9' '205.292646600114' 'marauded']
 ['2' '211.7740201690843' 'presentdestroyed']
 ['9' '213.26490010936013' 'present']
 ['8' '232.51594756796032' 'present']
 ['2' '233.7116073155527' 'present']
 ['9' '234.9169567143708' 'present']
 ['9' '237.56555695580755' 'marauded']
 ['2' '242.28733090266968' 'presentdestroyed']
 ['2' '252.86937350900777' 'present']
 ['9' '257.4940275829881' 'present']
 ['8' '262.37328610428636' 'present']
 ['2' '267.22402561932216' 'marauded']
 ['8' '277.26357254974454' 'marauded']
 ['2' '280.0484086451384' 'presentdestroyed']
 ['2' '285.4000363870372' 'present']
 ['2' '291.34625741789847' 'present']
 ['8' '301.85331364846445' 'marauded']
 ['8' '314.66875419071647' 'present']
 ['8' '317.90129519108916' 'present']
 ['8' '323.8730393065862' 'marauded']
 ['8' '329.50153818504486' 'destroyed']
 ['8' '335.7075392765721' 'present']
 ['2' '339.5559615723028' 'present']
 ['2' '344.2272620611455' 'present']
 ['8' '348.49725061779486' 'present']
 ['2' '349.630375150896' 'marauded']
 ['2' '353.94765351231183' 'presentdestroyed']
 ['8' '355.3239951357128' 'presentdestroyed']]","[['F60' '11.124949107444191' 'absent']
 ['F25' '54.19693567807644' 'destroyed']
 ['F40' '87.1509442981535' 'mated']
 ['F61' '163.4135585277802' 'mated']
 ['F33' '193.38001141379638' 'mated']
 ['F63' '199.91830359898813' 'mated']
 ['F86' '203.33071175213405' 'absent']
 ['F17' '206.0344646249991' 'destroyed']
 ['F106' '225.93344934763203' 'absent']
 ['F5' '245.29914695474423' 'mated']
 ['F67' '246.1167951805147' 'mated']
 ['F76' '255.46819577334236' 'mated']
 ['F101' '257.6211070747036' 'mated']
 ['F58' '275.947388658179' 'mated']
 ['F21' '306.5477529333355' 'destroyed']
 ['F38' '318.5189420778737' 'absent']]",3000.0,2000.0,577.0,72.31838605405483,15.888572636585335,1374.0,232.93029258832007,49.79892278418627,333.0,54.9398080882043,11.225064785003646,0.0,0.0,0.0,0.0,0.0,0.0
