id,probability_maraud,successful_mating,next_foraging_time,mar_attempts,mate_attempts,x_pos,y_pos,foraging_events,foraging_hrs,foraging_sqhrs,staying_events,staying_hrs,staying_sqhrs,repairing_events,repairing_hrs,repairing_sqhrs,marauding_events,marauding_hrs,marauding_sqhrs,traveling_events,traveling_hrs,traveling_sqhrs
0,0.0,10,360.3348555356544,"[['9' '0.28864902198532527' 'present']
 ['20' '5.271327916604462' 'present']
 ['11' '6.32992001958254' 'present']
 ['19' '11.399547277447143' 'present']
 ['23' '14.323311846140594' 'present']
 ['19' '15.486765734898237' 'present']
 ['1' '16.146463162485265' 'present']
 ['2' '31.48937665025871' 'present']
 ['7' '31.54177795634866' 'present']
 ['15' '33.59124453327241' 'present']
 ['20' '36.98209993215852' 'marauded']
 ['22' '37.71104674845636' 'presentdestroyed']
 ['9' '45.60521491815536' 'present']
 ['13' '54.326456344262866' 'marauded']
 ['21' '57.824090439863625' 'presentdestroyed']
 ['8' '65.7215006818189' 'present']
 ['19' '65.97343673304157' 'present']
 ['9' '68.4494780799028' 'present']
 ['6' '82.79564897248522' 'present']
 ['9' '89.59775555632739' 'present']
 ['20' '92.20154180121398' 'present']
 ['16' '95.33823676487356' 'present']
 ['15' '101.94116942320213' 'present']
 ['12' '105.09884295287817' 'present']
 ['12' '107.44244709185415' 'present']
 ['17' '111.47931630789398' 'present']
 ['22' '120.90713878746993' 'present']
 ['4' '123.60453237778053' 'marauded']
 ['8' '125.10850218324542' 'presentdestroyed']
 ['1' '127.90233382733724' 'presentdestroyed']
 ['19' '128.12377339404568' 'presentdestroyed']
 ['6' '132.51147775906728' 'present']
 ['20' '135.44018000140355' 'marauded']
 ['13' '135.67334409881175' 'destroyed']
 ['2' '139.62633509218998' 'presentdestroyed']
 ['22' '140.619408018591' 'presentdestroyed']
 ['9' '143.75192510062666' 'present']
 ['4' '145.03814695413112' 'present']
 ['19' '155.7053196846833' 'present']
 ['7' '163.48059828228872' 'present']
 ['6' '164.07317912289625' 'present']
 ['1' '178.92218598569372' 'marauded']
 ['18' '184.005353833503' 'presentdestroyed']
 ['23' '185.29590634802148' 'presentdestroyed']
 ['13' '201.1719401160824' 'present']
 ['19' '207.0510342899692' 'present']
 ['7' '207.61786299796202' 'present']
 ['16' '207.67922689521637' 'present']
 ['11' '214.4803148203349' 'present']
 ['19' '219.3219204966572' 'present']
 ['23' '222.76022904572326' 'present']
 ['17' '234.2295618867331' 'marauded']
 ['14' '235.1007327579429' 'presentdestroyed']
 ['5' '239.87670726198817' 'presentdestroyed']
 ['5' '240.48580912512338' 'presentdestroyed']
 ['8' '241.0339471450069' 'presentdestroyed']
 ['9' '249.92029748872784' 'present']
 ['10' '250.22660293651168' 'present']
 ['19' '251.96432953033147' 'present']
 ['19' '252.10539198229324' 'marauded']
 ['1' '255.6920715419915' 'presentdestroyed']
 ['15' '259.1237669159752' 'presentdestroyed']
 ['13' '259.4245362044655' 'present']
 ['13' '262.6865727239797' 'present']
 ['14' '262.7519316663958' 'present']
 ['16' '271.4459942067167' 'present']
 ['23' '272.81165287514875' 'present']
 ['15' '284.3102553570935' 'present']
 ['14' '290.1278743079995' 'present']
 ['15' '293.4445412839985' 'present']
 ['13' '297.02523470207126' 'present']
 ['21' '297.23888494565745' 'present']
 ['3' '304.4575516183601' 'present']
 ['22' '305.0961179441675' 'present']
 ['9' '306.48849029484035' 'present']
 ['5' '307.7188631050871' 'present']
 ['22' '310.5465161725225' 'present']
 ['1' '325.76500356497695' 'present']
 ['7' '328.28728529280585' 'present']
 ['20' '329.24922108160047' 'present']
 ['22' '332.13386068053654' 'present']
 ['2' '335.75066897541865' 'present']
 ['4' '338.01566440932856' 'present']
 ['9' '340.9600152187556' 'present']
 ['23' '341.8277667074497' 'marauded']
 ['19' '349.9896173746304' 'present']
 ['21' '350.1070921257148' 'present']
 ['4' '352.0402386900489' 'present']
 ['2' '353.8399395889997' 'present']
 ['18' '356.753045790674' 'present']]","[['F48' '21.23774068016491' 'mated']
 ['F155' '95.5085639509795' 'mated']
 ['F203' '144.22449111899823' 'mated']
 ['F153' '178.40148370531656' 'mated']
 ['F104' '178.98921430341903' 'destroyed']
 ['F100' '181.77449575714905' 'destroyed']
 ['F207' '193.5663194553802' 'mated']
 ['F212' '209.49098139890836' 'mated']
 ['F6' '218.55249553230348' 'mated']
 ['F56' '223.9545945660503' 'mated']
 ['F117' '225.21732960800665' 'mated']
 ['F73' '256.0705624961839' 'destroyed']
 ['F201' '257.46420961141297' 'destroyed']
 ['F83' '267.48991792638816' 'absent']
 ['F130' '320.8228565917218' 'mated']]",0.0,0.0,584.0,72.20165472555905,14.754147081104415,1434.0,239.00738173261098,50.566355891958096,309.0,48.92559333394198,10.028603382833136,0.0,0.0,0.0,0.0,0.0,0.0
1,0.054,6,360.21982059437124,"[['12' '1.8572786733753963' 'marauded']
 ['6' '4.825194153080825' 'destroyed']
 ['12' '8.334145743113764' 'destroyed']
 ['4' '15.234526298022962' 'present']
 ['22' '19.074400507131493' 'marauded']
 ['19' '22.555834031822677' 'presentdestroyed']
 ['12' '26.31483587874153' 'present']
 ['12' '28.206342624199063' 'present']
 ['21' '38.67292863164057' 'present']
 ['12' '41.139222410840965' 'present']
 ['19' '44.94107978472721' 'present']
 ['15' '48.006917334876654' 'present']
 ['9' '50.68940014249784' 'present']
 ['3' '58.34097037087425' 'marauded']
 ['5' '59.13951524895804' 'presentdestroyed']
 ['11' '70.08043401127932' 'present']
 ['4' '79.7807524673966' 'marauded']
 ['16' '79.91428035546534' 'presentdestroyed']
 ['3' '81.66868922705524' 'destroyed']
 ['7' '87.60509172827331' 'presentdestroyed']
 ['11' '91.64952246319542' 'marauded']
 ['18' '91.83937968028232' 'presentdestroyed']
 ['6' '111.7431951484748' 'present']
 ['22' '111.88988165119908' 'present']
 ['5' '118.81257263532606' 'marauded']
 ['18' '121.25552927621631' 'presentdestroyed']
 ['10' '121.77695401368156' 'presentdestroyed']
 ['9' '121.83442035213959' 'presentdestroyed']
 ['3' '125.38122745892889' 'presentdestroyed']
 ['13' '125.79239057391653' 'destroyed']
 ['19' '125.9245992207225' 'destroyed']
 ['10' '138.28192818161912' 'present']
 ['18' '160.16202933015646' 'marauded']
 ['5' '169.42063369234953' 'marauded']
 ['12' '175.2667431110507' 'presentdestroyed']
 ['9' '176.63311159661592' 'presentdestroyed']
 ['10' '181.11057007086788' 'present']
 ['21' '187.61271707407275' 'present']
 ['8' '190.38828118148822' 'marauded']
 ['22' '193.30464038887132' 'presentdestroyed']
 ['9' '201.4100024486334' 'present']
 ['20' '205.73944375620422' 'present']
 ['5' '208.4851866985364' 'present']
 ['9' '209.160399055223' 'marauded']
 ['15' '209.29628459589412' 'presentdestroyed']
 ['2' '209.9729525881004' 'presentdestroyed']
 ['5' '211.11761069272822' 'presentdestroyed']
 ['4' '212.63279613304874' 'presentdestroyed']
 ['13' '216.84351385803478' 'present']
 ['9' '230.79979512741957' 'present']
 ['21' '231.79734853352113' 'present']
 ['16' '239.36858759737603' 'present']
 ['17' '246.27613885092282' 'marauded']
 ['8' '250.969271003231' 'destroyed']
 ['20' '253.93015737627093' 'present']
 ['18' '254.0385976563487' 'present']
 ['10' '258.88029454900965' 'present']
 ['13' '260.9789820454737' 'present']
 ['22' '270.86732182652014' 'present']
 ['13' '271.1729480780312' 'present']
 ['11' '277.82446213848317' 'present']
 ['6' '280.6005276441533' 'present']
 ['2' '288.52578962413986' 'present']
 ['5' '290.7178322323206' 'present']
 ['3' '291.2650477584504' 'present']
 ['6' '293.03430317708234' 'present']
 ['7' '301.9997790560128' 'present']
 ['19' '302.86435858216436' 'marauded']
 ['9' '308.6008730483561' 'presentdestroyed']
 ['4' '311.73015127677866' 'marauded']
 ['23' '323.13958414344575' 'present']
 ['18' '325.465053842751' 'present']
 ['11' '330.86098471919644' 'present']
 ['13' '341.06381301564886' 'present']
 ['13' '356.84659118004043' 'present']
 ['15' '358.01290992013975' 'present']]","[['F126' '48.289004902456156' 'mated']
 ['F175' '50.09257516313815' 'mated']
 ['F200' '93.30668651701642' 'destroyed']
 ['F199' '134.0142371566311' 'absent']
 ['F41' '138.51064895116917' 'mated']
 ['F148' '197.3252906146552' 'destroyed']
 ['F208' '197.93186594931183' 'destroyed']
 ['F44' '217.75185154637188' 'mated']
 ['F13' '240.99214610365857' 'mated']
 ['F136' '251.6743172123935' 'destroyed']
 ['F149' '252.8960984485914' 'destroyed']
 ['F147' '273.4576299630474' 'mated']]",0.0,100.0,558.0,70.99955381584073,15.146058379566451,1229.0,208.69032655089777,44.775169343163434,478.0,79.40432009825835,16.586449962117268,6.0,0.6,0.06000000000000001,55.0,0.5115801736961787,0.005615569272976683
2,0.054,6,360.60508973044045,"[['10' '6.523601249526652' 'present']
 ['7' '9.355160971857659' 'present']
 ['6' '10.506858005742782' 'present']
 ['22' '12.004810631233346' 'marauded']
 ['6' '21.963246942601266' 'present']
 ['21' '36.46952606914244' 'present']
 ['4' '41.846039087071524' 'present']
 ['4' '42.61176350102696' 'present']
 ['20' '45.58877424507233' 'present']
 ['10' '50.33512142805647' 'marauded']
 ['13' '56.75118461730729' 'presentdestroyed']
 ['15' '60.68315596474258' 'present']
 ['7' '64.29475039322254' 'present']
 ['16' '74.89649191851926' 'present']
 ['23' '76.18236816396784' 'present']
 ['22' '77.49830846113024' 'present']
 ['12' '79.07196327042162' 'present']
 ['15' '84.0287884313012' 'present']
 ['16' '91.45888626079444' 'present']
 ['22' '102.55566982431422' 'present']
 ['15' '102.84707133766403' 'present']
 ['23' '102.85112717571056' 'present']
 ['10' '108.67822048214906' 'present']
 ['6' '109.62065868251028' 'marauded']
 ['11' '110.23882417731396' 'presentdestroyed']
 ['23' '111.52057935169401' 'presentdestroyed']
 ['3' '115.32444918142596' 'presentdestroyed']
 ['10' '121.54453935900342' 'present']
 ['15' '123.71532596492449' 'present']
 ['11' '125.094168912333' 'present']
 ['10' '136.0729070664783' 'present']
 ['3' '137.5702509915166' 'present']
 ['9' '146.0053435856815' 'present']
 ['14' '151.84829109172546' 'present']
 ['19' '161.4938349601116' 'present']
 ['7' '162.53405174001162' 'present']
 ['16' '166.00049326352018' 'present']
 ['1' '184.2203393847393' 'present']
 ['3' '189.45270177726297' 'present']
 ['17' '190.88889593263457' 'present']
 ['22' '196.17063152778428' 'marauded']
 ['23' '196.88722170052665' 'presentdestroyed']
 ['21' '198.248099527321' 'presentdestroyed']
 ['19' '205.90364957031693' 'present']
 ['7' '213.34967689953467' 'marauded']
 ['11' '221.35914392801863' 'present']
 ['8' '226.14638301138788' 'present']
 ['6' '227.4757121691671' 'present']
 ['12' '227.81206510523342' 'present']
 ['19' '246.43526341806384' 'present']
 ['13' '250.06100069719292' 'present']
 ['6' '250.19181683405662' 'present']
 ['11' '252.02216123976382' 'present']
 ['13' '265.76612777500316' 'present']
 ['11' '266.12599670803877' 'present']
 ['19' '302.1357522730964' 'present']
 ['9' '306.49884246140283' 'marauded']
 ['13' '310.5886729198449' 'presentdestroyed']
 ['12' '312.6087951643369' 'presentdestroyed']
 ['22' '316.4533634958387' 'present']
 ['19' '328.6809894544615' 'present']
 ['13' '329.4948409796379' 'present']
 ['17' '338.328473919183' 'present']
 ['16' '342.546236867544' 'present']
 ['19' '342.9416791900974' 'present']
 ['20' '353.6853986746893' 'present']
 ['14' '354.72987756568654' 'present']
 ['21' '355.22048178327407' 'marauded']]","[['F139' '2.136097881523519' 'mated']
 ['F52' '36.628747157520536' 'mated']
 ['F157' '140.2349554215134' 'absent']
 ['F144' '141.83216727385673' 'mated']
 ['F151' '143.05791667995348' 'mated']
 ['F17' '167.43542949636947' 'mated']
 ['F86' '289.87315343629786' 'mated']
 ['F191' '324.60839957397224' 'absent']]",0.0,200.0,573.0,68.92280454780003,13.543702915614706,1458.0,248.77164890991725,53.42310766714251,240.0,40.38781370489835,8.598270451979348,12.0,1.2,0.12000000000000005,79.0,0.7747784665126117,0.008444787379972571
3,0.054,7,360.05063071175874,"[['22' '0.5553432053463033' 'present']
 ['17' '7.168695682845269' 'present']
 ['5' '14.781949959428857' 'present']
 ['20' '36.09559166104655' 'present']
 ['4' '42.411280096255176' 'present']
 ['8' '46.16630759200844' 'present']
 ['14' '55.5065398336592' 'present']
 ['14' '76.4640396929509' 'present']
 ['23' '104.21629121931367' 'present']
 ['17' '112.85057169409315' 'present']
 ['6' '113.60081099459309' 'present']
 ['2' '121.39317174295796' 'present']
 ['6' '121.4371912310794' 'present']
 ['13' '124.15804675651643' 'present']
 ['23' '131.38760098256316' 'present']
 ['19' '136.08174732432687' 'present']
 ['15' '144.61949060584143' 'present']
 ['21' '151.79050382887192' 'marauded']
 ['23' '154.87289291048742' 'presentdestroyed']
 ['13' '156.05372884873708' 'destroyed']
 ['13' '159.66560034547138' 'marauded']
 ['10' '161.85376070002079' 'presentdestroyed']
 ['20' '167.55206748795376' 'presentdestroyed']
 ['2' '169.56428835669792' 'present']
 ['11' '175.63619631106607' 'present']
 ['18' '180.91765180200275' 'present']
 ['2' '186.6355919187894' 'present']
 ['10' '195.7815411268476' 'present']
 ['10' '204.31315923292814' 'present']
 ['22' '213.11993273837697' 'present']
 ['10' '215.76847906954345' 'marauded']
 ['8' '226.67440540508872' 'present']
 ['4' '236.82431062330468' 'present']
 ['5' '237.28137628156261' 'present']
 ['16' '239.08294596503532' 'present']
 ['19' '246.12951013250782' 'present']
 ['8' '249.03146864759105' 'present']
 ['20' '250.3864120256867' 'present']
 ['8' '252.99270439235494' 'present']
 ['7' '262.5262869832963' 'present']
 ['9' '271.28027065411925' 'marauded']
 ['6' '279.22732029414124' 'marauded']
 ['21' '295.4551667668499' 'present']
 ['11' '309.7587435787946' 'present']
 ['11' '313.22609624496914' 'marauded']
 ['2' '316.91057526276626' 'presentdestroyed']
 ['16' '317.5747515766305' 'presentdestroyed']
 ['13' '325.4698997388672' 'present']
 ['1' '325.7719480094214' 'present']
 ['14' '340.9218378510698' 'marauded']]","[['F81' '15.669998945846375' 'mated']
 ['F215' '95.78183387740229' 'mated']
 ['F46' '133.8629310906687' 'absent']
 ['F0' '135.43157851043938' 'mated']
 ['F157' '140.23727023632821' 'mated']
 ['F146' '168.9088067416726' 'mated']
 ['F104' '178.99152911823384' 'absent']
 ['F44' '217.74722191674226' 'absentdestroyed']
 ['F159' '220.0520747650255' 'absentdestroyed']
 ['F214' '227.81518793570342' 'mated']
 ['F39' '235.59896688706397' 'absent']
 ['F122' '239.70699927973553' 'absent']
 ['F201' '257.4665244262278' 'mated']
 ['F86' '289.8600740808815' 'absent']]",0.0,300.0,562.0,72.74409430163114,15.344713245316166,1396.0,243.63426522692262,53.47726055673888,250.0,42.759852725861826,9.052898977216868,6.0,0.6,0.06000000000000001,69.0,0.6280060019777751,0.006387174211248289
4,0.054,7,360.2933003919839,"[['20' '5.278272361048907' 'present']
 ['14' '14.42387345789547' 'present']
 ['6' '21.97019138704571' 'present']
 ['19' '23.28901782543059' 'present']
 ['6' '23.747525148171256' 'present']
 ['22' '26.44887083495081' 'present']
 ['11' '44.995282641236905' 'marauded']
 ['20' '49.0219492755881' 'destroyed']
 ['13' '49.1211421005336' 'presentdestroyed']
 ['8' '53.31714132084145' 'marauded']
 ['18' '55.33360779789028' 'presentdestroyed']
 ['15' '56.89515112880936' 'destroyed']
 ['3' '59.78755762629217' 'presentdestroyed']
 ['9' '63.19866246254141' 'marauded']
 ['13' '64.7002773172505' 'presentdestroyed']
 ['19' '67.43771938341168' 'presentdestroyed']
 ['7' '69.24207550122685' 'presentdestroyed']
 ['23' '73.54967548289335' 'present']
 ['17' '80.36138564749373' 'present']
 ['9' '85.06387365167556' 'present']
 ['6' '89.69094375485827' 'present']
 ['3' '98.54289120081295' 'present']
 ['1' '108.83439019814038' 'present']
 ['13' '113.13146857227181' 'present']
 ['23' '113.24560226143777' 'marauded']
 ['9' '126.16364004077916' 'marauded']
 ['19' '130.78949060122167' 'presentdestroyed']
 ['10' '157.53411320230313' 'present']
 ['21' '158.66839508558846' 'present']
 ['8' '170.59393943242466' 'present']
 ['8' '171.26108483761897' 'marauded']
 ['15' '172.43641234509622' 'presentdestroyed']
 ['5' '172.66858997136865' 'presentdestroyed']
 ['3' '182.8307172471785' 'present']
 ['15' '185.65496796317058' 'present']
 ['17' '187.29394866138588' 'marauded']
 ['11' '188.67977137031176' 'presentdestroyed']
 ['21' '190.1261774958296' 'destroyed']
 ['12' '193.1740499319256' 'presentdestroyed']
 ['16' '201.64107809544325' 'present']
 ['16' '203.56597307035003' 'present']
 ['15' '218.15414324037715' 'present']
 ['23' '219.6140805734662' 'present']
 ['16' '221.16693653829856' 'marauded']
 ['7' '226.46303222031582' 'presentdestroyed']
 ['7' '232.80034185189487' 'present']
 ['15' '238.56070028148991' 'present']
 ['23' '239.62707637609034' 'marauded']
 ['12' '245.54329286581918' 'presentdestroyed']
 ['1' '245.9225182810093' 'presentdestroyed']
 ['11' '245.99010283895475' 'presentdestroyed']
 ['18' '247.83701695885546' 'present']
 ['14' '248.50266895894245' 'present']
 ['13' '251.42383228152693' 'present']
 ['2' '252.70931834573827' 'present']
 ['10' '261.713451222976' 'present']
 ['22' '266.3482024017784' 'present']
 ['2' '269.54165656114725' 'present']
 ['6' '271.5678921147711' 'present']
 ['10' '274.30814407655015' 'present']
 ['7' '280.5442579613602' 'present']
 ['2' '290.04679762285656' 'marauded']
 ['13' '290.73417742538305' 'presentdestroyed']
 ['23' '293.89339388017845' 'presentdestroyed']
 ['5' '295.8006238528545' 'destroyed']
 ['7' '299.1935318128303' 'marauded']
 ['2' '300.6269443526154' 'presentdestroyed']
 ['23' '313.75950554878466' 'present']
 ['13' '317.35886389827834' 'present']
 ['16' '319.40444060457247' 'present']
 ['6' '319.5142728094555' 'present']
 ['18' '323.79186194357186' 'present']
 ['21' '346.5707915854863' 'present']
 ['3' '350.3984169787143' 'present']]","[['F31' '91.11505087539308' 'absent']
 ['F58' '115.71841399092328' 'destroyed']
 ['F165' '129.61111495428767' 'destroyed']
 ['F46' '133.8779128868608' 'absent']
 ['F71' '139.29405909796762' 'mated']
 ['F181' '140.66717142190186' 'absent']
 ['F62' '185.37631825296097' 'mated']
 ['F35' '197.98237749029997' 'mated']
 ['F94' '212.1336582362019' 'mated']
 ['F152' '248.4694124183855' 'mated']
 ['F23' '260.41134868261247' 'absent']
 ['F23' '260.41597831224215' 'mated']
 ['F99' '270.3523830150267' 'mated']]",100.0,0.0,560.0,72.09709166020507,14.92069215463981,1300.0,218.97940855466825,46.35602940854074,398.0,67.27354887546187,14.641747642742711,10.0,0.9999999999999999,0.10000000000000003,79.0,0.6923996805606191,0.007073045267489717
5,0.054,10,359.8619050593221,"[['16' '5.820442511482331' 'present']
 ['13' '6.294739990071945' 'marauded']
 ['6' '7.516581983561531' 'destroyed']
 ['13' '16.64675439517945' 'present']
 ['4' '24.80369317623178' 'present']
 ['6' '27.960192669251448' 'present']
 ['10' '28.48347839706053' 'present']
 ['13' '34.07505843732853' 'present']
 ['22' '35.00203038257571' 'marauded']
 ['13' '40.68130480870412' 'destroyed']
 ['8' '46.338193234689044' 'marauded']
 ['10' '53.26323886063069' 'presentdestroyed']
 ['1' '54.497643024589415' 'present']
 ['17' '64.57807161579089' 'marauded']
 ['1' '67.38249625216864' 'presentdestroyed']
 ['3' '72.16565356337132' 'presentdestroyed']
 ['9' '77.24856783769313' 'marauded']
 ['1' '77.7334305924123' 'presentdestroyed']
 ['21' '78.69438637619086' 'presentdestroyed']
 ['4' '80.37990893661922' 'destroyed']
 ['4' '80.59350164603589' 'presentdestroyed']
 ['10' '81.19726267565684' 'presentdestroyed']
 ['22' '100.98105598395595' 'present']
 ['20' '106.20976959988882' 'marauded']
 ['2' '106.93678955579992' 'destroyed']
 ['15' '119.9554057144043' 'marauded']
 ['9' '128.64646132916005' 'marauded']
 ['9' '129.12817625490771' 'presentdestroyed']
 ['8' '129.9118506814062' 'destroyed']
 ['19' '145.12139332793123' 'present']
 ['19' '149.2140782185425' 'present']
 ['18' '161.65532844241443' 'marauded']
 ['11' '163.4603268318666' 'presentdestroyed']
 ['23' '165.1548944314365' 'presentdestroyed']
 ['4' '179.75268513575423' 'present']
 ['1' '189.26548181330418' 'present']
 ['22' '190.23021380995363' 'present']
 ['13' '191.66948152253758' 'present']
 ['23' '193.8489277879364' 'present']
 ['14' '194.51820922739464' 'present']
 ['14' '199.50884504633572' 'present']
 ['10' '200.11348203134983' 'marauded']
 ['4' '211.88135341183735' 'present']
 ['11' '213.87712436580034' 'marauded']
 ['6' '213.9931496751641' 'presentdestroyed']
 ['7' '220.87056542593044' 'destroyed']
 ['2' '221.9735023033531' 'present']
 ['23' '224.55693044778982' 'marauded']
 ['18' '228.77616068585223' 'destroyed']
 ['4' '229.2814479506998' 'presentdestroyed']
 ['7' '235.69571780528582' 'present']
 ['16' '240.15111449079959' 'present']
 ['8' '252.9842546665682' 'present']
 ['3' '259.7394164092091' 'marauded']
 ['14' '268.7438768193051' 'present']
 ['6' '270.22741067651395' 'present']
 ['10' '272.17207894854255' 'present']
 ['8' '272.38891553411037' 'present']
 ['19' '272.5220045982122' 'present']
 ['1' '275.3107102749059' 'present']
 ['20' '278.4020195236092' 'marauded']
 ['2' '280.496193214985' 'presentdestroyed']
 ['21' '283.4480495473985' 'presentdestroyed']
 ['20' '287.0752074888743' 'present']
 ['15' '294.8274911997981' 'present']
 ['16' '314.95829676527393' 'present']
 ['11' '334.91221480479237' 'marauded']
 ['7' '339.859966042938' 'presentdestroyed']
 ['1' '340.6427961146544' 'presentdestroyed']
 ['19' '345.3697637985898' 'present']
 ['9' '346.09654658498516' 'marauded']
 ['21' '347.81037841288867' 'presentdestroyed']
 ['7' '353.613751452349' 'present']
 ['10' '357.0305147552561' 'present']
 ['13' '358.26266629501566' 'present']
 ['22' '359.2049747781464' 'present']]","[['F37' '26.264165997852622' 'mated']
 ['F91' '33.36283357836076' 'mated']
 ['F169' '86.87403870371128' 'mated']
 ['F34' '124.13854509538574' 'destroyed']
 ['F0' '135.42640242715814' 'destroyed']
 ['F183' '171.54607396709406' 'mated']
 ['F177' '171.640909336565' 'mated']
 ['F100' '181.7819866552451' 'mated']
 ['F69' '207.07842501027864' 'destroyed']
 ['F6' '218.549221889798' 'destroyed']
 ['F121' '234.46984335348208' 'mated']
 ['F49' '251.62186263540138' 'mated']
 ['F149' '252.8984132634062' 'mated']
 ['F23' '260.4136634974273' 'destroyed']
 ['F86' '289.8652501641627' 'absent']
 ['F142' '323.85699548417745' 'mated']]",100.0,100.0,574.0,68.29341386499357,13.182131781158448,1146.0,192.57889123054943,40.82814207748392,571.0,97.37347448232418,21.003125170129312,12.0,1.2,0.12000000000000005,77.0,0.7040792927489009,0.007415980795610429
6,0.054,3,360.54135178532675,"[['10' '3.452857362941076' 'present']
 ['14' '4.626732014719537' 'present']
 ['23' '5.808355193315431' 'present']
 ['11' '10.607079448377707' 'present']
 ['13' '11.205398120634767' 'present']
 ['12' '27.648247910736632' 'present']
 ['23' '30.92545720416123' 'present']
 ['22' '30.985617723388835' 'present']
 ['15' '31.370907074553063' 'marauded']
 ['3' '45.37773792124321' 'present']
 ['21' '53.05867213291105' 'present']
 ['3' '54.416219877708066' 'present']
 ['11' '71.79586875963813' 'present']
 ['10' '80.17397516020225' 'present']
 ['4' '84.22885978095616' 'present']
 ['9' '91.84075440869424' 'marauded']
 ['21' '96.43315059814717' 'presentdestroyed']
 ['1' '100.09175162014982' 'present']
 ['13' '102.46889449467729' 'present']
 ['3' '104.02555975564506' 'present']
 ['20' '106.32149296818105' 'present']
 ['20' '109.06849191967322' 'present']
 ['15' '113.5382227088719' 'present']
 ['17' '116.53223594362925' 'present']
 ['19' '119.36200311534559' 'present']
 ['11' '124.57653379698152' 'present']
 ['3' '130.291396159304' 'present']
 ['1' '133.05316626926907' 'marauded']
 ['19' '134.29948763463597' 'presentdestroyed']
 ['20' '136.4634635989241' 'presentdestroyed']
 ['1' '139.42449054631783' 'destroyed']
 ['14' '139.6178029656918' 'presentdestroyed']
 ['23' '141.9669085415272' 'present']
 ['2' '142.59288759004582' 'marauded']
 ['23' '142.93536184695714' 'presentdestroyed']
 ['10' '145.20063273065816' 'presentdestroyed']
 ['5' '145.68379905388468' 'presentdestroyed']
 ['12' '146.50068354768217' 'presentdestroyed']
 ['9' '146.7120582415594' 'destroyed']
 ['3' '148.65424449271381' 'presentdestroyed']
 ['2' '152.9907383947747' 'present']
 ['5' '160.30189017019404' 'present']
 ['5' '160.93677250011973' 'present']
 ['3' '175.93730977947553' 'present']
 ['11' '180.02172190803248' 'marauded']
 ['14' '180.5914174263958' 'presentdestroyed']
 ['10' '181.10307917277183' 'presentdestroyed']
 ['18' '202.61643728744514' 'present']
 ['11' '203.13380690786505' 'marauded']
 ['3' '206.36149654265526' 'presentdestroyed']
 ['16' '207.69220270835402' 'destroyed']
 ['7' '213.50983209884217' 'present']
 ['9' '218.49649388713203' 'marauded']
 ['17' '218.92695190373254' 'presentdestroyed']
 ['21' '219.73144488519807' 'destroyed']
 ['7' '221.3448169929844' 'presentdestroyed']
 ['11' '226.22388559364973' 'destroyed']
 ['4' '234.26804452075794' 'present']
 ['13' '242.19106523214379' 'present']
 ['22' '242.7728960863994' 'marauded']
 ['7' '243.53831067352127' 'presentdestroyed']
 ['11' '247.14283161052268' 'presentdestroyed']
 ['5' '250.81543497142664' 'marauded']
 ['12' '251.33295312632865' 'destroyed']
 ['14' '253.38557042513858' 'presentdestroyed']
 ['1' '254.60652582511383' 'presentdestroyed']
 ['22' '256.99763903915925' 'destroyed']
 ['1' '265.96103498059233' 'present']
 ['12' '267.9255912409486' 'present']
 ['9' '269.3507964557591' 'present']
 ['16' '274.5891807072126' 'present']
 ['4' '276.36752040407976' 'present']
 ['5' '276.86429718023686' 'present']
 ['20' '277.71388068812263' 'present']
 ['9' '280.397863177945' 'present']
 ['15' '283.5616241359773' 'present']
 ['13' '284.6426824909579' 'present']
 ['12' '301.35777001872174' 'present']
 ['11' '303.15762689885236' 'present']
 ['12' '304.8668831643325' 'marauded']
 ['11' '309.276347534561' 'destroyed']
 ['19' '310.59967502420636' 'presentdestroyed']
 ['10' '313.8871702891306' 'present']
 ['10' '329.7133691203186' 'present']
 ['12' '335.97475772151216' 'marauded']
 ['22' '339.521388786224' 'presentdestroyed']
 ['22' '340.33977833288816' 'presentdestroyed']
 ['11' '345.9250947002826' 'present']
 ['4' '348.24475683612627' 'present']
 ['18' '353.0486395672255' 'marauded']
 ['4' '356.9696071723423' 'presentdestroyed']
 ['10' '359.66386611003486' 'presentdestroyed']]","[['F163' '135.86233717638498' 'destroyed']
 ['F3' '140.2600058775227' 'destroyed']
 ['F28' '148.84538331351692' 'destroyed']
 ['F60' '182.67885349689107' 'absentdestroyed']
 ['F6' '218.54690707498318' 'destroyed']
 ['F40' '219.284404348185' 'destroyed']
 ['F108' '241.74583061168553' 'mated']
 ['F96' '243.83929060807228' 'destroyed']
 ['F128' '288.0490793196782' 'mated']
 ['F111' '296.7274210325811' 'mated']]",100.0,200.0,568.0,73.0169792612053,16.087077604396864,1261.0,212.01180538644337,45.473895544517866,426.0,72.53396321970979,15.660737609863691,18.0,1.8000000000000005,0.1800000000000001,72.0,0.6737959261865956,0.007073045267489714
7,0.054,16,360.250781525763,"[['11' '11.67517464871263' 'present']
 ['3' '12.474788954307279' 'present']
 ['6' '13.488735375764325' 'marauded']
 ['9' '14.800585322759815' 'destroyed']
 ['11' '18.56559614871611' 'presentdestroyed']
 ['18' '28.400436626795976' 'present']
 ['23' '31.458324441957355' 'present']
 ['11' '32.820078827300755' 'present']
 ['1' '38.05740569536321' 'present']
 ['2' '42.155678891223914' 'marauded']
 ['21' '57.2816435421013' 'marauded']
 ['2' '72.52292697496394' 'marauded']
 ['18' '77.25266044563406' 'presentdestroyed']
 ['3' '78.99968161425336' 'presentdestroyed']
 ['17' '80.37705191817807' 'presentdestroyed']
 ['3' '86.58049714665047' 'present']
 ['5' '89.55740875610408' 'marauded']
 ['23' '104.42801661792525' 'present']
 ['8' '104.76130745804257' 'present']
 ['1' '108.14601451421314' 'present']
 ['9' '110.46013887806801' 'present']
 ['10' '112.04662021394796' 'present']
 ['5' '114.47957824720979' 'present']
 ['19' '114.48420017970876' 'present']
 ['6' '115.50290055027978' 'marauded']
 ['12' '116.84010712225958' 'destroyed']
 ['21' '117.077474861504' 'presentdestroyed']
 ['15' '117.14794040586519' 'destroyed']
 ['22' '123.89673673024467' 'present']
 ['16' '130.38927694380612' 'marauded']
 ['8' '135.55505848829742' 'presentdestroyed']
 ['10' '135.95190922432124' 'presentdestroyed']
 ['4' '143.35372391821653' 'marauded']
 ['11' '143.8766517599095' 'presentdestroyed']
 ['5' '145.6907434983291' 'presentdestroyed']
 ['13' '146.20530152485824' 'presentdestroyed']
 ['16' '150.64059925945787' 'presentdestroyed']
 ['1' '155.7098620970316' 'present']
 ['9' '166.0326555453591' 'present']
 ['12' '168.7213694314937' 'present']
 ['13' '169.309189336789' 'present']
 ['11' '172.96111996356498' 'marauded']
 ['10' '191.35422675500166' 'present']
 ['23' '195.34537986143684' 'present']
 ['22' '196.16314062968823' 'present']
 ['5' '211.56439594833532' 'present']
 ['2' '212.37603115423016' 'present']
 ['20' '216.50427531619175' 'present']
 ['11' '227.87972707937536' 'present']
 ['9' '230.39640207572953' 'present']
 ['22' '230.72119918495096' 'present']
 ['11' '232.3389638337124' 'present']
 ['9' '235.6453354461917' 'present']
 ['4' '237.59504379426699' 'present']
 ['2' '240.30070673064088' 'present']
 ['20' '241.22857593243737' 'present']
 ['12' '242.06276312315148' 'present']
 ['9' '250.76836313654988' 'present']
 ['14' '250.8245471326437' 'marauded']
 ['10' '255.7170636140574' 'destroyed']
 ['15' '256.6374050387403' 'presentdestroyed']
 ['22' '265.73632767102293' 'present']
 ['8' '270.49171180577326' 'present']
 ['4' '276.3744648485242' 'present']
 ['4' '281.3484651515596' 'present']
 ['4' '282.28116086629467' 'present']
 ['8' '300.71549718214413' 'present']
 ['20' '311.44079026176564' 'marauded']
 ['9' '312.134363213876' 'presentdestroyed']
 ['17' '321.96898867079835' 'present']
 ['22' '330.5897370761317' 'present']
 ['21' '352.1061270617519' 'present']
 ['8' '354.4879784838678' 'marauded']
 ['4' '356.21934326186044' 'destroyed']]","[['F170' '57.19611134866863' 'mated']
 ['F58' '115.71609917610847' 'destroyed']
 ['F63' '127.17779647296764' 'mated']
 ['F103' '164.28584283567366' 'mated']
 ['F154' '183.6634740734812' 'mated']
 ['F174' '189.78208383255267' 'mated']
 ['F60' '194.68116831170587' 'mated']
 ['F25' '199.96683647301555' 'mated']
 ['F204' '225.78253378455798' 'mated']
 ['F20' '231.69416582265222' 'mated']
 ['F141' '236.3922662711694' 'mated']
 ['F27' '238.37638716477363' 'mated']
 ['F123' '246.8153965335883' 'mated']
 ['F136' '251.66914112911226' 'absentdestroyed']
 ['F149' '252.89092236531016' 'destroyed']
 ['F33' '283.72094975339934' 'mated']
 ['F134' '288.3936595629052' 'mated']
 ['F11' '320.286839183337' 'mated']
 ['F77' '339.19884082256584' 'mated']]",100.0,300.0,565.0,71.2188498149935,15.148897822344887,1274.0,216.40283083885816,46.57085483379871,413.0,71.33609298536778,15.688434363357574,6.0,0.6,0.06000000000000001,75.0,0.7059257618682866,0.007351680384087796
8,0.054,8,360.20988351176726,"[['23' '2.2433515410626668' 'marauded']
 ['21' '14.009152158355938' 'present']
 ['5' '16.944090365701545' 'present']
 ['12' '17.747989270992377' 'marauded']
 ['14' '18.604395244783493' 'presentdestroyed']
 ['11' '22.23516133509458' 'presentdestroyed']
 ['21' '24.86135779893787' 'present']
 ['6' '30.13277958839594' 'present']
 ['17' '37.31649088012021' 'present']
 ['20' '40.489403883483604' 'present']
 ['22' '41.53010065969377' 'present']
 ['21' '47.259961754970384' 'present']
 ['10' '57.12314652616828' 'present']
 ['19' '59.401023585588234' 'present']
 ['3' '61.773227776497855' 'present']
 ['17' '66.48182798650323' 'present']
 ['1' '70.82451772869751' 'present']
 ['14' '71.29786375417989' 'present']
 ['6' '73.07274892793451' 'present']
 ['15' '77.140381190953' 'present']
 ['13' '77.33171288925243' 'present']
 ['4' '83.3950061979342' 'marauded']
 ['9' '85.05828519435526' 'presentdestroyed']
 ['15' '101.58527742848781' 'present']
 ['4' '103.49807944240774' 'present']
 ['4' '108.51313987745073' 'marauded']
 ['20' '117.34876521462836' 'marauded']
 ['19' '118.12556432004426' 'presentdestroyed']
 ['2' '119.52219315556961' 'presentdestroyed']
 ['14' '121.29285231097536' 'destroyed']
 ['14' '124.47925150253539' 'present']
 ['12' '129.52185948718196' 'present']
 ['12' '143.97995406078724' 'present']
 ['14' '144.96151082719848' 'marauded']
 ['3' '147.47980805782973' 'presentdestroyed']
 ['21' '147.88498179655508' 'presentdestroyed']
 ['14' '155.28899812256714' 'present']
 ['4' '158.8520332544266' 'present']
 ['4' '164.37977274337055' 'present']
 ['12' '173.13037728842656' 'present']
 ['14' '181.35645406954964' 'marauded']
 ['19' '190.6035324850871' 'marauded']
 ['18' '191.21007099268004' 'presentdestroyed']
 ['5' '193.65487333009267' 'presentdestroyed']
 ['2' '195.76536512522884' 'presentdestroyed']
 ['3' '202.056357439153' 'present']
 ['12' '204.50613550274684' 'present']
 ['23' '204.83596497331484' 'present']
 ['20' '205.39372472370863' 'present']
 ['13' '206.96377482356345' 'present']
 ['3' '208.75334994713893' 'present']
 ['10' '209.51460774280486' 'present']
 ['20' '213.54881729286282' 'marauded']
 ['12' '219.70899325173224' 'presentdestroyed']
 ['10' '231.03802320738683' 'marauded']
 ['11' '235.11381869436474' 'presentdestroyed']
 ['17' '238.15607524689426' 'presentdestroyed']
 ['7' '245.4905585806919' 'present']
 ['7' '248.16512595450925' 'present']
 ['19' '249.75909119199986' 'present']
 ['21' '250.6233852292262' 'present']
 ['9' '255.69169058605115' 'marauded']
 ['20' '264.56235376321683' 'present']
 ['9' '268.0398608517038' 'present']
 ['4' '284.1613981886906' 'present']
 ['15' '285.3674653697846' 'marauded']
 ['11' '305.56182248898597' 'marauded']
 ['18' '310.3323865116318' 'presentdestroyed']
 ['21' '310.98945088017757' 'presentdestroyed']
 ['19' '311.35923525957253' 'presentdestroyed']
 ['23' '313.5851754179743' 'present']
 ['18' '325.23714781314663' 'present']
 ['11' '326.65897264029417' 'marauded']
 ['6' '327.28044656734926' 'presentdestroyed']
 ['10' '327.3582206195787' 'presentdestroyed']
 ['12' '337.4104962275338' 'marauded']
 ['10' '337.43224635847713' 'destroyed']
 ['13' '343.5083063742195' 'presentdestroyed']
 ['10' '352.3533116707036' 'present']
 ['11' '352.40036393957837' 'present']
 ['2' '352.5868820416255' 'present']
 ['1' '358.6766214081328' 'present']]","[['F47' '60.22691578432351' 'mated']
 ['F192' '61.694978446153776' 'mated']
 ['F15' '91.49907430019074' 'mated']
 ['F110' '137.640253593456' 'mated']
 ['F71' '139.2917442831528' 'absent']
 ['F3' '140.26518196080394' 'mated']
 ['F161' '176.0198612905637' 'mated']
 ['F39' '235.59379080378272' 'absentdestroyed']
 ['F61' '242.19029661580424' 'mated']
 ['F201' '257.45957998178335' 'destroyed']
 ['F176' '293.8890471111414' 'mated']
 ['F182' '303.2300441410889' 'absent']
 ['F85' '312.0633294413239' 'absentdestroyed']]",200.0,0.0,570.0,68.46863981092208,14.529263523888574,1185.0,198.31907706498114,42.8200615084379,551.0,91.73683052698753,19.66632079276838,9.0,0.8999999999999999,0.09000000000000002,66.0,0.5907870887672334,0.006001371742112485
9,0.054,17,360.0757139431082,"[['13' '5.595112199502471' 'present']
 ['2' '8.726367838986901' 'present']
 ['14' '9.694359132093998' 'present']
 ['22' '11.764885855864343' 'present']
 ['11' '13.186005722005156' 'present']
 ['20' '54.88310444787619' 'present']
 ['5' '58.87504580603438' 'present']
 ['5' '61.916851332863715' 'present']
 ['7' '64.27320609741383' 'present']
 ['2' '67.77740611809509' 'present']
 ['20' '70.87381817988468' 'present']
 ['3' '72.82569667962676' 'present']
 ['4' '79.88729975240757' 'present']
 ['16' '91.18775940277199' 'present']
 ['5' '94.88706807006791' 'present']
 ['7' '96.77237730164867' 'marauded']
 ['15' '99.53712217721089' 'presentdestroyed']
 ['6' '101.92259072441844' 'presentdestroyed']
 ['17' '108.15242137662909' 'present']
 ['5' '114.47263380276534' 'present']
 ['12' '129.6080821497176' 'present']
 ['10' '135.94632076700094' 'present']
 ['7' '139.0268854916129' 'present']
 ['15' '141.78267894951506' 'present']
 ['17' '145.0961818249428' 'present']
 ['13' '152.62213676988284' 'marauded']
 ['5' '156.95062261993434' 'presentdestroyed']
 ['17' '160.0845059292266' 'present']
 ['12' '163.6088999059242' 'present']
 ['10' '167.41595134665508' 'present']
 ['17' '170.79042294210814' 'present']
 ['18' '172.68569352397867' 'present']
 ['23' '191.95375568134006' 'marauded']
 ['21' '193.63555588090006' 'presentdestroyed']
 ['14' '199.51729477212245' 'present']
 ['11' '207.65605565941556' 'present']
 ['20' '211.8155048442019' 'present']
 ['19' '211.99991722596508' 'present']
 ['10' '214.13979762681237' 'present']
 ['22' '216.38977769913703' 'present']
 ['11' '218.97711381549948' 'present']
 ['23' '225.31453901916322' 'present']
 ['1' '234.431189997113' 'present']
 ['3' '238.45126100751452' 'present']
 ['11' '239.34054081844513' 'marauded']
 ['20' '240.5494029448708' 'presentdestroyed']
 ['19' '245.02279797183823' 'presentdestroyed']
 ['2' '258.73152623481224' 'present']
 ['2' '262.91386022730705' 'present']
 ['23' '267.6551374367102' 'present']
 ['14' '271.31087544167207' 'marauded']
 ['5' '276.3115103398697' 'presentdestroyed']
 ['18' '276.93203794774996' 'presentdestroyed']
 ['8' '277.89869331279004' 'presentdestroyed']
 ['13' '278.968732767214' 'present']
 ['2' '283.0787881193048' 'present']
 ['15' '284.284664616614' 'present']
 ['7' '291.8291429301926' 'present']
 ['22' '293.861377941644' 'present']
 ['10' '297.99599342619507' 'present']
 ['20' '298.2199636663939' 'present']
 ['8' '299.7240242949909' 'present']
 ['22' '301.3001213981636' 'present']
 ['22' '306.25485195461476' 'present']
 ['4' '317.45464951707487' 'present']
 ['3' '322.64520848764863' 'present']
 ['21' '327.39388666225955' 'present']
 ['5' '327.91947547991384' 'present']
 ['19' '328.7511276730108' 'present']
 ['10' '338.6540669458916' 'present']
 ['7' '352.0356428770372' 'present']
 ['22' '353.516701494937' 'marauded']
 ['14' '356.4581902707122' 'destroyed']
 ['21' '357.42720979951866' 'presentdestroyed']
 ['11' '359.4485453021774' 'destroyed']]","[['F68' '56.10757837171784' 'mated']
 ['F194' '60.75468938305343' 'mated']
 ['F22' '125.11479828306409' 'mated']
 ['F166' '127.27598548814277' 'mated']
 ['F26' '127.42279514156706' 'mated']
 ['F163' '135.86561081889047' 'mated']
 ['F80' '148.66223003118026' 'mated']
 ['F210' '159.51745360536117' 'destroyed']
 ['F150' '170.14332221538632' 'mated']
 ['F140' '172.8029787776955' 'mated']
 ['F119' '174.442743819642' 'mated']
 ['F104' '178.99807640324482' 'mated']
 ['F60' '182.6624852843636' 'absent']
 ['F113' '209.1366488821084' 'mated']
 ['F12' '210.48622587261676' 'mated']
 ['F96' '243.85182350983703' 'destroyed']
 ['F128' '288.04580567717267' 'absent']
 ['F168' '295.7175850399868' 'mated']
 ['F182' '303.23235895590375' 'mated']
 ['F29' '303.4614490737298' 'mated']
 ['F107' '304.57284515053834' 'mated']]",200.0,100.0,568.0,67.71675666740033,13.11998792371243,1464.0,254.45968688090002,54.773187181909506,210.0,35.242501578342605,7.449848205848052,20.0,2.0000000000000004,0.20000000000000012,84.0,0.7430666907308997,0.007308813443072708
10,0.054,4,359.98162000246623,"[['2' '0.27814070596045315' 'present']
 ['20' '1.1467927776654354' 'present']
 ['20' '4.127118866905243' 'present']
 ['18' '11.428114547362236' 'present']
 ['7' '12.988698205348465' 'present']
 ['11' '14.26462995826474' 'present']
 ['8' '15.015098263513378' 'marauded']
 ['12' '17.50341648973374' 'presentdestroyed']
 ['5' '21.86151220785392' 'destroyed']
 ['22' '26.462362564406238' 'present']
 ['4' '35.82335083531405' 'marauded']
 ['13' '36.24662680281554' 'presentdestroyed']
 ['2' '45.21983707773702' 'present']
 ['9' '72.30135706556304' 'present']
 ['8' '74.60958661140052' 'present']
 ['19' '79.57520351296007' 'present']
 ['6' '90.3829423670433' 'marauded']
 ['3' '93.40841308952696' 'presentdestroyed']
 ['13' '96.69424514382735' 'destroyed']
 ['13' '100.66488593239752' 'present']
 ['2' '102.56118086457089' 'present']
 ['6' '114.447740366132' 'present']
 ['14' '126.45670712284544' 'present']
 ['16' '131.06968381452916' 'present']
 ['18' '131.93772719363488' 'present']
 ['20' '133.7979893186068' 'present']
 ['4' '134.5281501792116' 'present']
 ['13' '134.95752319662327' 'present']
 ['2' '137.51730099188705' 'present']
 ['17' '143.54392351438548' 'present']
 ['9' '146.7176466988797' 'marauded']
 ['17' '157.41254331415547' 'present']
 ['13' '160.39302760031407' 'present']
 ['13' '171.74247315812997' 'marauded']
 ['20' '176.01628340731725' 'presentdestroyed']
 ['3' '176.90369605388102' 'presentdestroyed']
 ['7' '181.33705795276765' 'present']
 ['5' '182.40976445308132' 'present']
 ['2' '185.36766373096216' 'present']
 ['16' '188.77098748214704' 'present']
 ['18' '190.61209044242884' 'present']
 ['22' '193.40798737357414' 'present']
 ['7' '193.59748419104727' 'present']
 ['17' '199.47287213053895' 'present']
 ['14' '201.086965655741' 'present']
 ['15' '234.10853655500023' 'present']
 ['14' '250.57928481557144' 'present']
 ['20' '264.54706313526435' 'present']
 ['13' '265.7555340453213' 'present']
 ['23' '273.48963638870543' 'present']
 ['15' '276.13928445392264' 'present']
 ['6' '283.1431908345016' 'present']
 ['11' '289.4591883000718' 'marauded']
 ['20' '290.68542689407246' 'presentdestroyed']
 ['12' '297.87082965391073' 'present']
 ['5' '298.3507926069653' 'present']
 ['18' '302.85573556095954' 'present']
 ['15' '307.7745975870125' 'present']
 ['7' '310.8599918164128' 'present']
 ['4' '316.01850516352874' 'present']
 ['4' '317.46309924286163' 'marauded']
 ['6' '321.22321111562155' 'presentdestroyed']
 ['5' '322.4095031149415' 'presentdestroyed']
 ['4' '322.78613767054685' 'presentdestroyed']
 ['9' '327.05838199457554' 'present']
 ['14' '327.7570604596792' 'present']
 ['3' '330.03991252761784' 'marauded']
 ['7' '338.917387555832' 'present']
 ['20' '340.96774638463376' 'marauded']
 ['23' '341.1446576208423' 'presentdestroyed']
 ['20' '342.8382309713128' 'presentdestroyed']]","[['F137' '128.16434261104598' 'mated']
 ['F32' '134.25774702339453' 'absent']
 ['F160' '166.00485109139342' 'mated']
 ['F178' '197.9293319194481' 'mated']
 ['F167' '218.75663396263195' 'absent']
 ['F193' '260.97625659616904' 'mated']
 ['F11' '320.2729718111497' 'destroyed']]",200.0,200.0,564.0,71.49362987324128,15.176902268168524,1382.0,231.45113740626078,48.91374029427638,335.0,55.179940266490526,11.452783471257986,11.0,1.0999999999999999,0.11000000000000004,87.0,0.8143641257373497,0.008659122085048017
11,0.054,7,359.9013737589281,"[['16' '4.980134981181334' 'present']
 ['16' '4.990487147743832' 'present']
 ['10' '5.822052796993167' 'present']
 ['8' '13.1014889810578' 'present']
 ['4' '16.602922904589857' 'present']
 ['8' '25.717123296918906' 'present']
 ['9' '35.07370336330783' 'present']
 ['21' '35.979636410728716' 'marauded']
 ['2' '47.82930007248269' 'present']
 ['17' '48.23797790445501' 'present']
 ['1' '51.180207504579975' 'marauded']
 ['4' '53.31558069275656' 'presentdestroyed']
 ['9' '64.12697344791455' 'present']
 ['18' '66.54779154894803' 'present']
 ['9' '73.37912012380242' 'marauded']
 ['12' '74.51583852793259' 'presentdestroyed']
 ['15' '77.1459696482733' 'presentdestroyed']
 ['18' '78.7141611390213' 'presentdestroyed']
 ['17' '86.31226203753123' 'present']
 ['14' '91.67164266822057' 'marauded']
 ['17' '99.96614949399522' 'marauded']
 ['4' '103.33287187170346' 'presentdestroyed']
 ['16' '108.01523197993848' 'present']
 ['20' '111.48219579668753' 'marauded']
 ['13' '111.86648720910652' 'presentdestroyed']
 ['12' '113.31746680928387' 'presentdestroyed']
 ['2' '119.68590176779495' 'present']
 ['14' '149.80584471109412' 'present']
 ['4' '151.5538620690961' 'present']
 ['19' '153.14784861029014' 'present']
 ['8' '153.44866432337915' 'present']
 ['8' '154.76293396965966' 'present']
 ['5' '160.24051233324326' 'present']
 ['4' '165.13433003068613' 'marauded']
 ['4' '180.58197050586745' 'present']
 ['22' '185.00805758490205' 'present']
 ['17' '196.0509732530072' 'present']
 ['23' '200.8258723587037' 'present']
 ['3' '212.06544487035745' 'present']
 ['5' '212.18309931460325' 'present']
 ['18' '214.09995912461213' 'present']
 ['16' '214.5478488234508' 'present']
 ['7' '224.91023536789814' 'present']
 ['10' '230.1966171537084' 'present']
 ['14' '245.61963461028427' 'present']
 ['19' '246.9160483913417' 'present']
 ['13' '260.63230218301806' 'present']
 ['8' '270.4973002630936' 'present']
 ['5' '289.25076888609107' 'present']
 ['16' '295.75160771485173' 'present']
 ['1' '295.8415236141689' 'present']
 ['21' '297.250504771671' 'present']
 ['13' '299.68711924138097' 'present']
 ['3' '301.974633313608' 'present']
 ['21' '303.8721083590973' 'present']
 ['22' '306.8869014271538' 'present']
 ['15' '322.27827168930867' 'present']
 ['17' '336.3246471683945' 'present']
 ['16' '338.46664921216154' 'marauded']
 ['8' '348.47208776197925' 'present']]","[['F93' '90.29239341582272' 'mated']
 ['F172' '123.36289134561439' 'mated']
 ['F64' '177.4082359147506' 'mated']
 ['F92' '202.7581277696637' 'mated']
 ['F16' '205.55863980286287' 'mated']
 ['F167' '218.75894877744676' 'mated']
 ['F159' '220.0474451353959' 'absent']
 ['F74' '226.11374020937856' 'absent']
 ['F8' '252.72983012652054' 'absent']
 ['F191' '324.6135756572535' 'mated']]",200.0,300.0,569.0,71.37650525289399,14.833655469447374,1400.0,237.49123463779367,51.26739974600143,298.0,48.62263106099377,10.342203288167687,19.0,1.9000000000000006,0.1900000000000001,94.0,0.8160413894759945,0.008123285322359404
12,0.054,9,360.07826152116036,"[['14' '8.606820562583238' 'present']
 ['14' '15.083525515726594' 'present']
 ['23' '23.19903384232128' 'present']
 ['7' '25.362683785645913' 'present']
 ['16' '31.515728939584488' 'present']
 ['6' '42.383997883175574' 'present']
 ['11' '44.40967445773653' 'marauded']
 ['11' '62.86308066391816' 'marauded']
 ['9' '64.9199148239369' 'presentdestroyed']
 ['7' '65.53605491387194' 'destroyed']
 ['11' '72.97249893855646' 'present']
 ['9' '84.23151041238673' 'present']
 ['5' '85.59902831065942' 'marauded']
 ['6' '90.18666564513269' 'presentdestroyed']
 ['17' '96.33707915485314' 'marauded']
 ['10' '103.93519702363974' 'present']
 ['3' '114.40181762235602' 'present']
 ['3' '117.73870919662751' 'present']
 ['3' '121.04893565894605' 'present']
 ['9' '122.61860258711494' 'present']
 ['9' '130.30370201359491' 'marauded']
 ['8' '131.07182809390216' 'presentdestroyed']
 ['1' '132.21150313546642' 'presentdestroyed']
 ['8' '136.71220833972595' 'presentdestroyed']
 ['18' '149.0755525930838' 'present']
 ['19' '150.19886887949923' 'present']
 ['20' '151.3281422773365' 'marauded']
 ['17' '158.97109421573163' 'present']
 ['11' '163.46877655765334' 'present']
 ['21' '163.5161790926609' 'present']
 ['6' '177.7270528928023' 'present']
 ['19' '178.09898592968997' 'present']
 ['9' '178.23698187026557' 'present']
 ['5' '184.10336615226234' 'present']
 ['4' '202.50866827045488' 'present']
 ['11' '204.66336031880212' 'present']
 ['11' '205.4483247690515' 'present']
 ['17' '205.71895720077748' 'present']
 ['5' '211.12510159082427' 'present']
 ['11' '211.2167869623983' 'marauded']
 ['9' '216.98029035956216' 'presentdestroyed']
 ['1' '217.648631270171' 'presentdestroyed']
 ['11' '228.88138286493134' 'marauded']
 ['2' '234.96849596288655' 'destroyed']
 ['17' '235.3460852915167' 'destroyed']
 ['19' '243.786779965467' 'present']
 ['19' '248.67896439619054' 'present']
 ['20' '254.39248068849201' 'present']
 ['21' '256.6833276995307' 'present']
 ['23' '257.6802701479405' 'present']
 ['9' '258.997614880287' 'marauded']
 ['13' '261.27972113920845' 'presentdestroyed']
 ['1' '262.4466629682917' 'presentdestroyed']
 ['3' '263.16787109021595' 'destroyed']
 ['14' '264.62888798317823' 'presentdestroyed']
 ['8' '264.7611148027921' 'presentdestroyed']
 ['13' '271.1636888187719' 'present']
 ['18' '271.4308492943672' 'present']
 ['1' '282.439788002582' 'marauded']
 ['2' '282.51680191636774' 'destroyed']
 ['21' '288.2950147654975' 'presentdestroyed']
 ['16' '295.7590986129478' 'present']
 ['19' '300.8282408107215' 'present']
 ['23' '308.14713930672275' 'present']
 ['6' '319.8502380383107' 'marauded']
 ['23' '320.2635481904319' 'presentdestroyed']
 ['16' '323.8757986277631' 'destroyed']
 ['22' '325.382498141032' 'presentdestroyed']
 ['11' '329.227925166548' 'present']
 ['20' '340.9547705714961' 'present']
 ['14' '348.5175842281908' 'present']
 ['6' '352.53700470578866' 'marauded']
 ['1' '353.1220413834685' 'presentdestroyed']
 ['10' '353.41634226227757' 'presentdestroyed']
 ['7' '353.60394573943813' 'presentdestroyed']]","[['F133' '36.34641421808314' 'mated']
 ['F89' '46.636672597278945' 'destroyed']
 ['F209' '60.35276873857675' 'mated']
 ['F135' '86.31517670571995' 'absentdestroyed']
 ['F169' '86.86886262043002' 'destroyed']
 ['F59' '125.07069723606482' 'mated']
 ['F118' '135.10546428286523' 'destroyed']
 ['F187' '192.05915813321423' 'mated']
 ['F208' '197.93918603648814' 'mated']
 ['F74' '226.1256899261845' 'mated']
 ['F214' '227.8078678485271' 'absent']
 ['F96' '243.85509715234252' 'mated']
 ['F72' '255.7803442686084' 'mated']
 ['F164' '280.96310319434644' 'mated']
 ['F33' '283.7157736701181' 'absentdestroyed']]",300.0,0.0,555.0,74.86774290428178,18.781264907791616,1251.0,210.71206127086563,44.43704265875529,429.0,72.64370073875472,15.285952743905963,12.0,1.2,0.12000000000000005,66.0,0.6194763967660805,0.006772976680384089
13,0.054,10,359.92691286555936,"[['4' '0.38478161983851566' 'present']
 ['16' '0.8793734657643097' 'present']
 ['5' '3.066901904773109' 'present']
 ['9' '9.8973977682752' 'present']
 ['1' '13.542873606690137' 'present']
 ['21' '14.382778288111014' 'present']
 ['21' '14.839448007099454' 'present']
 ['23' '14.952643498583274' 'present']
 ['14' '17.755582266468174' 'present']
 ['20' '18.404787613330654' 'present']
 ['20' '21.612608474283835' 'marauded']
 ['2' '36.46008321200101' 'present']
 ['20' '45.576535503520745' 'present']
 ['17' '53.73465629117888' 'present']
 ['6' '53.769788555332475' 'present']
 ['21' '56.21420635885833' 'present']
 ['22' '58.50085950358323' 'present']
 ['7' '64.28492946570607' 'present']
 ['19' '66.24161215435734' 'present']
 ['16' '67.97891184169826' 'present']
 ['18' '76.61466147316315' 'present']
 ['8' '77.84303863641193' 'present']
 ['23' '79.93223020146863' 'marauded']
 ['15' '80.18779851863114' 'presentdestroyed']
 ['22' '84.87640905140677' 'presentdestroyed']
 ['4' '90.87287063839456' 'present']
 ['18' '91.38680114895918' 'present']
 ['22' '92.4115158138612' 'present']
 ['6' '99.86925897931542' 'present']
 ['9' '108.68064903651101' 'present']
 ['9' '116.70478363642502' 'present']
 ['23' '126.44786921517463' 'marauded']
 ['16' '130.1190987361028' 'presentdestroyed']
 ['16' '132.89631614313188' 'destroyed']
 ['19' '134.16512283816826' 'present']
 ['12' '149.42083492435026' 'present']
 ['4' '165.5628636597488' 'present']
 ['14' '180.0283778653808' 'marauded']
 ['11' '182.15848680640437' 'presentdestroyed']
 ['9' '190.82828656358225' 'present']
 ['21' '193.03894491528393' 'marauded']
 ['23' '199.28267233301196' 'presentdestroyed']
 ['20' '200.8285009769889' 'present']
 ['12' '205.56620010529247' 'present']
 ['6' '211.2094347579345' 'present']
 ['8' '222.19305979442464' 'present']
 ['18' '224.0672472934848' 'present']
 ['15' '229.16738970953844' 'present']
 ['21' '232.5674456040091' 'marauded']
 ['5' '249.32194557724884' 'present']
 ['22' '259.24743163162447' 'present']
 ['4' '282.3967207359688' 'present']
 ['11' '296.06524230937043' 'present']
 ['5' '298.34288933483015' 'present']
 ['18' '299.92429425687874' 'present']
 ['16' '301.464016998748' 'present']
 ['11' '330.3508004544408' 'marauded']
 ['20' '353.6750465081268' 'present']
 ['4' '358.72775499601977' 'present']]","[['F9' '53.608691112331165' 'mated']
 ['F4' '68.24058647247728' 'mated']
 ['F135' '86.31749152053476' 'absentdestroyed']
 ['F106' '121.8608224457473' 'mated']
 ['F14' '124.77150810436181' 'mated']
 ['F98' '178.36110992841725' 'mated']
 ['F88' '181.8033447422348' 'absentdestroyed']
 ['F65' '189.1307104975723' 'mated']
 ['F148' '197.31684088886846' 'absentdestroyed']
 ['F202' '213.11077160927627' 'mated']
 ['F198' '221.94540387288598' 'mated']
 ['F122' '239.71534546324355' 'destroyed']
 ['F96' '243.84950869502222' 'absent']
 ['F38' '293.27500719254573' 'mated']
 ['F107' '304.55976579512196' 'absent']
 ['F171' '334.06777500876814' 'destroyed']
 ['F213' '357.1720338493881' 'mated']]",300.0,100.0,573.0,71.09225958621249,14.03320580002169,1447.0,244.32415937391477,51.95222465682711,255.0,42.82570736762957,9.329107962125208,9.0,0.8999999999999999,0.09000000000000002,95.0,0.9158664895365579,0.010095164609053506
14,0.054,4,360.1692414423975,"[['2' '3.0021093189604713' 'present']
 ['5' '5.523457461534875' 'present']
 ['22' '5.992118923183541' 'present']
 ['20' '6.212089284115174' 'present']
 ['12' '18.374076838077173' 'present']
 ['5' '20.21948427776662' 'marauded']
 ['23' '24.089016782115255' 'destroyed']
 ['13' '64.96132772456036' 'present']
 ['13' '67.09928545960042' 'present']
 ['17' '76.84708912979276' 'marauded']
 ['3' '80.00950164775799' 'presentdestroyed']
 ['7' '87.83913193612108' 'present']
 ['2' '91.66345537969536' 'present']
 ['21' '92.07983381149695' 'present']
 ['2' '103.78950460338025' 'present']
 ['9' '108.67506057919071' 'present']
 ['15' '114.72486907849294' 'present']
 ['16' '116.53129480888308' 'present']
 ['9' '117.0786371712983' 'present']
 ['21' '120.54892521676551' 'present']
 ['22' '123.88693101733378' 'present']
 ['8' '127.06195116653045' 'marauded']
 ['1' '133.04257253958727' 'presentdestroyed']
 ['22' '134.55628045993663' 'presentdestroyed']
 ['17' '141.46195480780395' 'present']
 ['13' '149.21270053075486' 'present']
 ['11' '153.70242259921216' 'present']
 ['10' '154.28126384803645' 'present']
 ['18' '156.4419270648596' 'present']
 ['13' '156.78821106851686' 'marauded']
 ['11' '159.1005410113539' 'presentdestroyed']
 ['16' '164.9080826850547' 'marauded']
 ['1' '169.06058893443753' 'presentdestroyed']
 ['5' '176.44468725147473' 'present']
 ['16' '177.2419035352589' 'present']
 ['15' '181.48394453510437' 'present']
 ['22' '181.840954829169' 'marauded']
 ['18' '183.54458864413263' 'presentdestroyed']
 ['4' '195.9531699101851' 'present']
 ['7' '201.40726227063308' 'present']
 ['12' '202.8881674491363' 'present']
 ['15' '205.4628809075738' 'marauded']
 ['16' '209.18760757395995' 'presentdestroyed']
 ['7' '210.30605389341827' 'destroyed']
 ['17' '211.70379595225978' 'destroyed']
 ['7' '217.70290941864118' 'present']
 ['13' '220.72216378300882' 'present']
 ['7' '222.04228846846914' 'marauded']
 ['11' '224.6726262543909' 'presentdestroyed']
 ['13' '225.5354305632939' 'presentdestroyed']
 ['23' '235.79141068826664' 'present']
 ['11' '238.33298960458913' 'present']
 ['17' '244.6761264012589' 'present']
 ['13' '248.52355464707654' 'present']
 ['19' '248.67241711117956' 'present']
 ['17' '249.43452384473255' 'present']
 ['1' '255.00379597863534' 'present']
 ['7' '261.9351792151188' 'present']
 ['6' '262.2100478870021' 'present']
 ['13' '266.7630404039349' 'present']
 ['20' '271.52441311033857' 'marauded']
 ['16' '271.5793235275702' 'destroyed']
 ['6' '280.82839713426165' 'marauded']
 ['18' '286.1822812868319' 'presentdestroyed']
 ['23' '287.5814613717578' 'presentdestroyed']
 ['20' '287.95784703492257' 'present']
 ['6' '289.92322792433873' 'present']
 ['13' '293.43016341035764' 'present']
 ['6' '297.3325979929924' 'present']
 ['7' '300.05193062657884' 'present']
 ['21' '300.55051936384797' 'marauded']
 ['8' '301.60289199875245' 'presentdestroyed']
 ['7' '305.48445749297184' 'destroyed']
 ['16' '307.1764149518966' 'presentdestroyed']
 ['11' '307.6942307083893' 'destroyed']
 ['18' '307.7072953333341' 'destroyed']
 ['10' '313.9302058710986' 'present']
 ['18' '323.781200945249' 'present']
 ['11' '327.8688047602357' 'present']
 ['19' '328.8314264210473' 'present']
 ['5' '330.4576622280274' 'marauded']
 ['3' '331.2131340868405' 'presentdestroyed']
 ['1' '336.28964708635726' 'destroyed']
 ['18' '340.47790221049246' 'present']
 ['17' '341.4727383731929' 'present']
 ['23' '342.4722237678629' 'present']
 ['6' '345.8564776724835' 'present']
 ['9' '346.95520866747836' 'present']
 ['2' '348.10343604608425' 'present']
 ['9' '352.00269160429457' 'present']
 ['19' '356.7458903030862' 'present']
 ['15' '357.949028366033' 'present']]","[['F34' '124.143721178667' 'mated']
 ['F118' '135.11009391249485' 'mated']
 ['F79' '178.73510610481082' 'mated']
 ['F60' '182.6657589268691' 'destroyed']
 ['F121' '234.46466727020083' 'absent']
 ['F162' '255.16049411547823' 'mated']
 ['F182' '303.22486805780767' 'destroyed']
 ['F107' '304.5695715080328' 'destroyed']]",300.0,200.0,566.0,71.54220651094577,14.66240735866198,1269.0,214.08741997779273,46.49753732772394,439.0,73.23460895807524,15.713338491447361,7.0,0.7,0.07,65.0,0.6136351184345122,0.006494341563786011
15,0.054,13,360.66407959629777,"[['16' '0.0032736425054932755' 'present']
 ['6' '7.015784107992345' 'present']
 ['22' '10.561409840894045' 'marauded']
 ['14' '11.602379823277987' 'destroyed']
 ['23' '13.24910423324561' 'destroyed']
 ['10' '14.459221950184663' 'presentdestroyed']
 ['23' '18.10572344286571' 'destroyed']
 ['7' '21.811617516532337' 'present']
 ['7' '23.4938307953696' 'present']
 ['4' '29.160642851785394' 'present']
 ['4' '35.812998668751554' 'present']
 ['22' '39.53294588090398' 'present']
 ['9' '52.4047035944877' 'present']
 ['14' '55.51617473565033' 'present']
 ['6' '64.47334421544869' 'marauded']
 ['5' '85.04735240414209' 'present']
 ['23' '85.51981874111584' 'present']
 ['4' '87.14322275573556' 'present']
 ['3' '88.66860213818475' 'present']
 ['18' '91.67086165924256' 'present']
 ['14' '95.51426841537977' 'present']
 ['2' '97.65961494511369' 'present']
 ['22' '108.71198167637232' 'present']
 ['21' '110.49074353309994' 'present']
 ['22' '111.88143192541233' 'present']
 ['22' '116.81679294831355' 'present']
 ['17' '116.9841122385045' 'present']
 ['21' '119.11192752695271' 'present']
 ['2' '123.02494508608919' 'present']
 ['6' '124.00372830636977' 'present']
 ['11' '130.76346077449483' 'present']
 ['9' '132.14198820407015' 'present']
 ['9' '139.6431323221636' 'present']
 ['2' '140.86051239800904' 'present']
 ['2' '140.94842710775842' 'present']
 ['11' '149.3372410311049' 'present']
 ['1' '154.49527072654712' 'marauded']
 ['10' '162.94546820896804' 'marauded']
 ['3' '171.62821068982356' 'present']
 ['8' '172.827207077903' 'marauded']
 ['5' '173.58347278907308' 'presentdestroyed']
 ['18' '174.57589914733538' 'presentdestroyed']
 ['16' '178.55339017598462' 'destroyed']
 ['18' '192.25626112853286' 'present']
 ['17' '194.6163027800101' 'marauded']
 ['12' '199.54103187616062' 'presentdestroyed']
 ['2' '211.169206935079' 'present']
 ['2' '227.43822493727842' 'present']
 ['10' '237.49115492818243' 'present']
 ['1' '239.09943101079804' 'present']
 ['19' '241.74481298445056' 'present']
 ['21' '242.90951997327832' 'present']
 ['2' '243.64345566469223' 'present']
 ['12' '248.5116109911278' 'present']
 ['23' '249.91274174114642' 'present']
 ['6' '259.49936953641054' 'marauded']
 ['9' '262.8122099707765' 'presentdestroyed']
 ['14' '265.54070759946353' 'presentdestroyed']
 ['10' '265.9483399373934' 'presentdestroyed']
 ['5' '267.7516989350485' 'marauded']
 ['23' '268.3767664934186' 'destroyed']
 ['5' '269.0833144017004' 'presentdestroyed']
 ['20' '272.98548592457615' 'presentdestroyed']
 ['17' '280.88630166350896' 'present']
 ['9' '310.1229855349018' 'marauded']
 ['16' '310.1281594527663' 'destroyed']
 ['22' '310.4206648782311' 'destroyed']
 ['7' '328.9643355276938' 'marauded']
 ['1' '329.0808937551146' 'destroyed']
 ['3' '333.60035363293497' 'destroyed']
 ['12' '341.7918851054401' 'marauded']
 ['19' '347.77826568625284' 'presentdestroyed']
 ['10' '349.2378941189247' 'marauded']
 ['8' '350.50021385580027' 'presentdestroyed']
 ['11' '350.7628935254544' 'presentdestroyed']
 ['19' '351.8000253137042' 'presentdestroyed']
 ['11' '357.7075841540814' 'present']]","[['F89' '46.63898741209376' 'mated']
 ['F54' '81.00406470714118' 'mated']
 ['F169' '86.86654780561521' 'absent']
 ['F200' '93.31503270052444' 'mated']
 ['F116' '101.19634339418732' 'mated']
 ['F53' '115.95453029328893' 'mated']
 ['F57' '140.02851735105384' 'mated']
 ['F51' '140.76337204497923' 'mated']
 ['F160' '166.00157744888793' 'destroyed']
 ['F179' '191.31399127041124' 'mated']
 ['F42' '196.01850089619273' 'destroyed']
 ['F36' '207.60251476015313' 'mated']
 ['F190' '229.77148895858795' 'mated']
 ['F39' '235.60591133150842' 'mated']
 ['F97' '258.1172917522113' 'mated']
 ['F124' '285.8849511861253' 'mated']]",300.0,300.0,565.0,71.42064641334157,15.399783883368666,1259.0,213.92411930793244,45.63883668782419,426.0,72.79635697771161,15.971656440338108,13.0,1.3,0.13000000000000006,76.0,0.7505554523257246,0.008294753086419757
16,0.054,16,360.03212598514716,"[['17' '7.17755778267107' 'marauded']
 ['10' '15.005209361574252' 'present']
 ['12' '19.66338524613105' 'present']
 ['15' '22.307960386894358' 'present']
 ['19' '23.303282357051344' 'marauded']
 ['7' '41.28789381937498' 'present']
 ['10' '43.88405361828783' 'marauded']
 ['3' '45.36928819545647' 'presentdestroyed']
 ['22' '45.79596292641414' 'presentdestroyed']
 ['7' '54.068469181960324' 'present']
 ['15' '55.102541491121976' 'present']
 ['2' '58.9129481290767' 'present']
 ['7' '66.33218831265395' 'present']
 ['20' '77.40940250749743' 'present']
 ['13' '79.68594408382882' 'present']
 ['22' '80.30042828148638' 'marauded']
 ['18' '83.74544905567984' 'presentdestroyed']
 ['10' '85.74833068887413' 'presentdestroyed']
 ['5' '87.44959517870797' 'presentdestroyed']
 ['18' '93.51319517623732' 'present']
 ['22' '100.10814129857465' 'present']
 ['7' '102.8163948277187' 'present']
 ['12' '104.47885490815065' 'present']
 ['20' '106.12987998686302' 'present']
 ['13' '122.99659672756812' 'present']
 ['22' '125.06241920710535' 'present']
 ['7' '129.2902727972768' 'present']
 ['10' '135.9617301518377' 'marauded']
 ['1' '139.51418318418843' 'presentdestroyed']
 ['12' '140.56218836498437' 'presentdestroyed']
 ['22' '141.19410642137825' 'presentdestroyed']
 ['12' '144.71133164576875' 'present']
 ['21' '167.2412892547986' 'marauded']
 ['18' '174.83995114437184' 'present']
 ['22' '180.7475065623742' 'marauded']
 ['14' '181.6650906407184' 'presentdestroyed']
 ['21' '182.11884894834037' 'presentdestroyed']
 ['2' '182.7324748164677' 'presentdestroyed']
 ['3' '183.34962934240934' 'presentdestroyed']
 ['1' '183.45848543911086' 'presentdestroyed']
 ['14' '191.89239899280193' 'present']
 ['12' '191.94199710511126' 'marauded']
 ['23' '194.49807648011694' 'presentdestroyed']
 ['2' '228.86043260373788' 'marauded']
 ['19' '229.3765459210532' 'presentdestroyed']
 ['10' '230.21583142009666' 'presentdestroyed']
 ['14' '231.44585355848702' 'destroyed']
 ['4' '236.7614569416396' 'present']
 ['22' '242.9279794004896' 'marauded']
 ['13' '249.47259605431847' 'destroyed']
 ['19' '252.5594175135668' 'present']
 ['4' '253.18476507352062' 'present']
 ['1' '260.6579861596682' 'present']
 ['14' '262.35961564066855' 'present']
 ['4' '263.98382746224337' 'present']
 ['22' '265.6019801224252' 'present']
 ['3' '267.7335131568547' 'present']
 ['5' '286.4558893943878' 'present']
 ['20' '297.7381011927738' 'present']
 ['21' '304.85048850256686' 'present']
 ['13' '305.54471934586843' 'present']
 ['8' '315.74996154610466' 'present']
 ['8' '318.9482025245138' 'present']
 ['21' '324.2110151820765' 'present']
 ['8' '325.8794230888478' 'present']
 ['20' '345.30097639676103' 'present']
 ['13' '348.77330815409465' 'present']
 ['4' '348.91118521270215' 'marauded']
 ['21' '352.7337986371178' 'presentdestroyed']
 ['3' '355.1790129499761' 'presentdestroyed']
 ['5' '355.77273191944005' 'presentdestroyed']]","[['F75' '37.11189496797177' 'mated']
 ['F89' '46.63435778246413' 'destroyed']
 ['F173' '96.08850066646333' 'mated']
 ['F120' '118.49177405697196' 'mated']
 ['F41' '138.50547286788793' 'destroyed']
 ['F181' '140.6741158663463' 'absentdestroyed']
 ['F131' '158.63033433091766' 'absent']
 ['F210' '159.5226296886424' 'mated']
 ['F30' '162.3716979803386' 'mated']
 ['F138' '167.33073750272402' 'destroyed']
 ['F70' '176.5199944017' 'mated']
 ['F148' '197.32011453137395' 'destroyed']
 ['F188' '201.000616858677' 'mated']
 ['F50' '202.64653355721907' 'mated']
 ['F1' '206.06914461020784' 'mated']
 ['F69' '207.08574509745495' 'mated']
 ['F66' '208.73371035548223' 'mated']
 ['F40' '219.29275053169303' 'mated']
 ['F121' '234.4594911869196' 'destroyed']
 ['F61' '242.17911970116364' 'absent']
 ['F24' '258.1277874230565' 'mated']
 ['F195' '259.6323930702997' 'mated']
 ['F114' '261.33944575552795' 'mated']
 ['F85' '312.0679590709535' 'mated']]",400.0,0.0,575.0,67.97047036076998,13.196965919173387,1296.0,223.34938110920828,48.174280485487834,394.0,67.1377225984802,14.265180270352833,9.0,0.8999999999999999,0.09000000000000002,68.0,0.657866617875431,0.00709447873799726
17,0.054,5,360.12511332264177,"[['13' '4.05561160759959' 'present']
 ['15' '8.420379733774237' 'present']
 ['3' '10.346318891235713' 'present']
 ['2' '11.889422880906782' 'marauded']
 ['21' '12.185276765786549' 'presentdestroyed']
 ['14' '12.440050950606157' 'presentdestroyed']
 ['12' '17.511866215520485' 'presentdestroyed']
 ['20' '25.650780039479066' 'present']
 ['18' '26.879206361599252' 'marauded']
 ['21' '29.88536380386635' 'destroyed']
 ['5' '30.93250130516519' 'destroyed']
 ['2' '45.47746386896734' 'present']
 ['9' '48.545113499917726' 'present']
 ['8' '55.35352340931161' 'present']
 ['10' '61.471220335946306' 'present']
 ['9' '68.33967236699192' 'marauded']
 ['6' '75.10358502670164' 'presentdestroyed']
 ['18' '75.93663100910896' 'present']
 ['3' '80.44283989974407' 'present']
 ['20' '88.14373806289039' 'marauded']
 ['5' '90.5246363563201' 'presentdestroyed']
 ['7' '100.36218900317532' 'present']
 ['8' '103.92304706911547' 'present']
 ['23' '104.41821090501436' 'present']
 ['8' '106.21769925944199' 'present']
 ['18' '119.24261306139861' 'present']
 ['10' '121.55434507191431' 'marauded']
 ['16' '123.83423908963117' 'presentdestroyed']
 ['16' '131.1241558505671' 'marauded']
 ['15' '132.4018360612035' 'presentdestroyed']
 ['8' '132.69474361641122' 'presentdestroyed']
 ['22' '133.97287393253424' 'destroyed']
 ['4' '135.56942771661548' 'presentdestroyed']
 ['11' '145.69324999399993' 'present']
 ['5' '146.95625862037343' 'marauded']
 ['18' '157.9810712392945' 'present']
 ['11' '159.11036193887037' 'present']
 ['20' '166.57793325949518' 'present']
 ['13' '175.83365586346088' 'present']
 ['19' '188.00709823405512' 'present']
 ['16' '191.61846214233503' 'present']
 ['22' '192.512529666652' 'present']
 ['19' '208.21414525282935' 'present']
 ['9' '212.3106570778355' 'present']
 ['13' '217.59608264305277' 'present']
 ['10' '224.02402531880912' 'marauded']
 ['9' '236.2163162911157' 'present']
 ['11' '242.23508991252294' 'present']
 ['21' '245.1209529085491' 'present']
 ['18' '248.83380084971498' 'present']
 ['8' '249.02111648102857' 'present']
 ['18' '251.14325477968296' 'present']
 ['2' '251.710130828856' 'present']
 ['2' '253.33465478762267' 'marauded']
 ['18' '255.88007083610182' 'destroyed']
 ['23' '258.72689262542366' 'presentdestroyed']
 ['10' '260.8703267645934' 'destroyed']
 ['10' '262.06990290760683' 'present']
 ['15' '267.2741842112581' 'marauded']
 ['8' '274.79691814686373' 'present']
 ['19' '282.2957755583123' 'present']
 ['9' '283.7991325821945' 'present']
 ['16' '286.378796574458' 'present']
 ['23' '290.3227350935445' 'present']
 ['15' '291.2764183524753' 'marauded']
 ['22' '296.71629040967963' 'presentdestroyed']
 ['14' '299.95937663119884' 'present']
 ['8' '300.34179971720755' 'marauded']
 ['15' '304.14607761567333' 'presentdestroyed']
 ['18' '308.5386381779213' 'marauded']
 ['19' '327.2460409681704' 'present']
 ['1' '327.51156743379414' 'marauded']
 ['1' '331.6285582028228' 'presentdestroyed']
 ['16' '338.9774409186651' 'present']
 ['12' '349.7793233069614' 'marauded']
 ['8' '352.4421273935582' 'presentdestroyed']
 ['11' '353.25604679859134' 'destroyed']]","[['F46' '133.8852329740371' 'absentdestroyed']
 ['F32' '134.2525709401133' 'destroyed']
 ['F28' '148.83503114695444' 'absentdestroyed']
 ['F105' '180.54487584272414' 'mated']
 ['F88' '181.8056595570496' 'mated']
 ['F5' '199.2310848415241' 'mated']
 ['F158' '228.90920911810295' 'destroyed']
 ['F122' '239.71766027805836' 'mated']
 ['F67' '247.61971032513418' 'mated']
 ['F73' '256.07573857946517' 'absentdestroyed']
 ['F112' '256.12761092195154' 'destroyed']]",400.0,100.0,562.0,71.20189817577818,14.772619123602084,1132.0,195.55503135883964,42.568577030919215,537.0,91.55457375692913,19.48610080398067,12.0,1.2,0.12000000000000005,68.0,0.6141484576390622,0.006280006858710567
18,0.054,11,360.0176232566523,"[['14' '5.390054648166166' 'present']
 ['10' '7.232837086418325' 'present']
 ['12' '20.944349446116853' 'present']
 ['12' '23.82765170677243' 'present']
 ['23' '29.409104157144192' 'present']
 ['16' '31.643557377877794' 'present']
 ['15' '38.59141013555032' 'marauded']
 ['19' '40.39719147509268' 'presentdestroyed']
 ['13' '41.788486134999786' 'presentdestroyed']
 ['13' '44.80722160651218' 'presentdestroyed']
 ['20' '49.012143562677224' 'present']
 ['17' '56.48511899268111' 'present']
 ['4' '72.7157249601709' 'present']
 ['5' '86.25888158361064' 'present']
 ['2' '87.21410028198194' 'present']
 ['22' '89.19376295800986' 'present']
 ['22' '89.19839258763947' 'present']
 ['16' '94.34982056704797' 'present']
 ['22' '101.7539259538336' 'present']
 ['16' '105.4076540359805' 'marauded']
 ['16' '110.58370669481859' 'presentdestroyed']
 ['22' '110.7363154390176' 'destroyed']
 ['11' '122.65491976085023' 'present']
 ['21' '125.85253294645726' 'present']
 ['10' '125.99884768770413' 'present']
 ['23' '133.22376195862157' 'present']
 ['3' '133.77322046379095' 'marauded']
 ['10' '143.19518720367196' 'present']
 ['11' '143.86916086181344' 'present']
 ['10' '145.54674629113262' 'present']
 ['11' '148.76824398457592' 'present']
 ['4' '148.83730292680906' 'present']
 ['2' '163.43895974833333' 'marauded']
 ['9' '168.77800664426158' 'presentdestroyed']
 ['19' '178.09339747236967' 'present']
 ['16' '179.86490481323307' 'present']
 ['4' '180.59359033188096' 'present']
 ['10' '181.31706925982857' 'present']
 ['13' '189.22072977547333' 'present']
 ['20' '194.61630995350998' 'marauded']
 ['10' '195.45681685647503' 'presentdestroyed']
 ['6' '202.71387089868998' 'marauded']
 ['17' '220.47962243142885' 'present']
 ['7' '238.15088643574555' 'marauded']
 ['1' '238.674175792199' 'destroyed']
 ['23' '250.2748174316482' 'present']
 ['19' '250.48865730222965' 'present']
 ['23' '251.95250960766222' 'present']
 ['5' '259.6396512278608' 'marauded']
 ['20' '264.9856368450538' 'destroyed']
 ['9' '267.5492259831655' 'present']
 ['15' '284.27621489082725' 'present']
 ['8' '284.30276080731556' 'present']
 ['17' '290.44769446681147' 'marauded']
 ['6' '312.19247958684593' 'marauded']
 ['12' '317.23552925773004' 'presentdestroyed']
 ['8' '324.1379669460674' 'present']
 ['16' '324.18996901040515' 'present']
 ['11' '330.4611526210033' 'present']
 ['9' '330.70442101233033' 'marauded']
 ['5' '342.7849002325372' 'present']
 ['11' '359.72912329854466' 'present']]","[['F109' '46.010473181609406' '']
 ['F102' '84.01369372504797' 'mated']
 ['F189' '100.52121871114394' 'mated']
 ['F211' '121.7645923696336' 'mated']
 ['F199' '134.01941323991235' 'destroyed']
 ['F0' '135.41908233998183' 'destroyed']
 ['F157' '140.23032579188379' 'destroyed']
 ['F95' '143.20572225207135' 'mated']
 ['F28' '148.85232775796138' 'mated']
 ['F45' '150.37547799964295' 'mated']
 ['F150' '170.13814613210508' 'destroyed']
 ['F125' '172.15767349143337' 'mated']
 ['F129' '188.62162832478296' 'mated']
 ['F21' '192.91242796002078' 'mated']
 ['F158' '228.91152393291776' 'mated']
 ['F61' '242.18374933079326' 'destroyed']
 ['F96' '243.84623505251673' 'destroyed']
 ['F136' '251.67949329567475' 'mated']]",400.0,200.0,570.0,69.89063531374889,14.157528825098908,1304.0,222.1854223650988,47.55537295458378,409.0,66.95706218237471,13.454760592372162,6.0,0.6,0.06000000000000001,68.0,0.6027036000185948,0.006215706447187931
19,0.054,7,360.0891976214509,"[['15' '0.8973833989435465' 'marauded']
 ['4' '3.2955023074866348' 'presentdestroyed']
 ['13' '7.996622111420248' 'presentdestroyed']
 ['2' '9.907196108556368' 'present']
 ['13' '18.598351527014184' 'present']
 ['22' '26.472580651356175' 'marauded']
 ['6' '27.686147273586773' 'destroyed']
 ['2' '30.61634291436214' 'presentdestroyed']
 ['15' '32.061700025300354' 'presentdestroyed']
 ['3' '33.5767076531085' 'presentdestroyed']
 ['15' '33.581609631281275' 'presentdestroyed']
 ['21' '34.59335372370637' 'present']
 ['8' '35.45509715187002' 'present']
 ['17' '36.02141936725837' 'present']
 ['20' '40.49962197043354' 'present']
 ['4' '41.239022594835895' 'present']
 ['17' '44.23840000666391' 'present']
 ['17' '48.49000750811197' 'present']
 ['2' '48.95026372676637' 'marauded']
 ['17' '50.138992331914274' 'presentdestroyed']
 ['9' '50.678223227857224' 'presentdestroyed']
 ['21' '51.563998030246005' 'presentdestroyed']
 ['12' '53.43061089192508' 'presentdestroyed']
 ['12' '54.70219945424192' 'presentdestroyed']
 ['22' '54.76414360483333' 'presentdestroyed']
 ['6' '68.5175603315155' 'marauded']
 ['20' '70.71903380873596' 'presentdestroyed']
 ['2' '73.50330984737094' 'presentdestroyed']
 ['14' '75.18503909656089' 'presentdestroyed']
 ['3' '80.16655678346469' 'present']
 ['15' '85.80212191177547' 'marauded']
 ['6' '88.62833576044737' 'presentdestroyed']
 ['18' '96.95834342203122' 'present']
 ['15' '99.54461307530696' 'marauded']
 ['22' '105.12694336909928' 'presentdestroyed']
 ['11' '107.92520367504193' 'present']
 ['12' '110.29218087420432' 'present']
 ['9' '133.5771163910634' 'present']
 ['16' '144.35656270054997' 'present']
 ['9' '150.03792041287787' 'present']
 ['11' '153.69451932707705' 'present']
 ['6' '154.48567487290487' 'present']
 ['20' '158.85472068407802' 'present']
 ['6' '176.80864934231656' 'present']
 ['13' '178.31260654059867' 'present']
 ['2' '179.40645010153716' 'marauded']
 ['22' '184.39627110951' 'presentdestroyed']
 ['17' '188.20961293089252' 'present']
 ['2' '191.8799614848658' 'present']
 ['20' '193.64063913470514' 'present']
 ['20' '193.77646554124016' 'marauded']
 ['11' '194.57459810737' 'presentdestroyed']
 ['20' '194.60786022772325' 'presentdestroyed']
 ['20' '219.71957464439257' 'present']
 ['7' '221.00827161546385' 'present']
 ['7' '229.07457879448808' 'present']
 ['10' '230.20410805180444' 'present']
 ['2' '230.45953934906774' 'present']
 ['22' '230.6767090563352' 'present']
 ['5' '234.85939970771074' 'present']
 ['2' '254.79485674071438' 'marauded']
 ['18' '258.8560437570127' 'presentdestroyed']
 ['21' '269.0614800876106' 'present']
 ['8' '272.57361028230895' 'present']
 ['13' '282.36834002973103' 'present']
 ['15' '285.36187691246425' 'present']
 ['6' '292.54554247917724' 'marauded']
 ['18' '298.88306596820814' 'presentdestroyed']
 ['7' '300.06405115430454' 'destroyed']
 ['20' '304.36027526595115' 'present']
 ['13' '309.1523082565659' 'present']
 ['20' '313.3198434746688' 'present']
 ['11' '316.83897588269133' 'marauded']
 ['2' '321.76407605787824' 'destroyed']
 ['6' '330.26206279065485' 'marauded']
 ['5' '344.92309868120753' 'present']
 ['13' '348.00703145314225' 'present']
 ['8' '351.30768083743413' 'present']
 ['22' '352.83863504221364' 'present']
 ['11' '357.38457445088034' 'present']]","[['F197' '82.55683227161256' 'mated']
 ['F205' '108.43896764902539' 'mated']
 ['F43' '113.4242521726982' 'mated']
 ['F156' '123.18239137121573' 'absent']
 ['F199' '134.00768987162013' 'absent']
 ['F32' '134.26292310667577' 'mated']
 ['F143' '152.64620556060848' 'mated']
 ['F60' '182.6690325693746' 'absentdestroyed']
 ['F35' '197.97505740312366' 'destroyed']
 ['F184' '238.25473813050957' 'mated']
 ['F8' '252.74042385620234' 'mated']
 ['F73' '256.0803682090948' 'destroyed']]",400.0,300.0,564.0,71.91745764784497,15.007675478388748,1297.0,213.89224607846225,44.99185414043737,433.0,72.9301660458051,15.598867672423344,6.0,0.6,0.06000000000000001,85.0,0.8002147910482705,0.008509087791495205
20,0.054,11,360.28700783934755,"[['11' '15.89672057731048' 'present']
 ['13' '16.63694868226857' 'present']
 ['14' '34.94643957864419' 'present']
 ['23' '43.28541740699708' 'present']
 ['10' '46.38476816489451' 'present']
 ['14' '53.50520712464979' 'present']
 ['3' '58.44887364300937' 'present']
 ['8' '59.24598207761234' 'present']
 ['18' '61.95737548850098' 'present']
 ['19' '63.47384138047401' 'present']
 ['18' '64.60174089413468' 'present']
 ['5' '72.47456122345665' 'present']
 ['12' '79.93679973363272' 'marauded']
 ['15' '83.15994033567516' 'presentdestroyed']
 ['3' '90.6378801232932' 'present']
 ['19' '96.27383414649674' 'present']
 ['15' '108.00002601899104' 'present']
 ['1' '110.32948750373939' 'present']
 ['9' '120.24558062719785' 'marauded']
 ['15' '137.08831623186936' 'marauded']
 ['8' '161.76172341731586' 'present']
 ['10' '162.81158124242094' 'present']
 ['12' '176.5735277822798' 'marauded']
 ['10' '182.2192260160013' 'presentdestroyed']
 ['3' '184.31174793412447' 'presentdestroyed']
 ['10' '187.03838406781543' 'present']
 ['23' '190.94758977051757' 'present']
 ['23' '198.60674381010264' 'present']
 ['9' '199.67811171695766' 'present']
 ['7' '219.44589900830212' 'present']
 ['23' '222.5286799537252' 'marauded']
 ['22' '229.46296786092685' 'presentdestroyed']
 ['17' '231.52808919980484' 'marauded']
 ['22' '242.67314970869245' 'present']
 ['21' '251.56924144519186' 'present']
 ['17' '252.39884834286073' 'present']
 ['21' '255.75896139493574' 'present']
 ['21' '256.5758368014346' 'marauded']
 ['18' '259.2050576319871' 'presentdestroyed']
 ['1' '261.4050613447741' 'presentdestroyed']
 ['21' '263.68312641348155' 'presentdestroyed']
 ['4' '263.9722533881693' 'presentdestroyed']
 ['12' '271.7335903029702' 'present']
 ['19' '272.2894751279784' 'present']
 ['19' '278.7841553248685' 'present']
 ['5' '286.44339322393023' 'present']
 ['7' '295.5212212251061' 'present']
 ['11' '301.2344664513097' 'present']
 ['2' '304.37011185188754' 'present']
 ['8' '305.0654298740017' 'present']
 ['23' '318.59265671121267' 'marauded']
 ['17' '319.18390856605174' 'destroyed']
 ['23' '322.16690155597104' 'presentdestroyed']
 ['14' '322.36413742053526' 'presentdestroyed']
 ['17' '325.62386708471695' 'presentdestroyed']
 ['1' '331.9263640223514' 'present']
 ['23' '334.5143158398918' 'present']
 ['12' '344.8509300114279' 'present']
 ['8' '345.4180114912486' 'present']
 ['6' '348.1612122154862' 'present']
 ['4' '359.1874977178718' 'present']
 ['19' '359.9757448176841' 'present']]","[['F132' '27.51379806539183' 'mated']
 ['F82' '39.05570442076157' 'mated']
 ['F31' '91.11968050502271' 'mated']
 ['F87' '102.50834907627055' 'mated']
 ['F165' '129.60648532465805' 'absent']
 ['F199' '134.0245893231936' 'mated']
 ['F161' '176.01291684611925' 'absent']
 ['F100' '181.77681057196386' 'destroyed']
 ['F60' '182.67230621188008' 'destroyed']
 ['F84' '186.4794780283915' 'mated']
 ['F7' '191.02914110491696' 'mated']
 ['F76' '199.0803903173942' 'mated']
 ['F56' '223.9522797512355' 'destroyed']
 ['F74' '226.12106029655487' 'destroyed']
 ['F141' '236.38709018788816' 'destroyed']
 ['F8' '252.73715021369685' 'absent']
 ['F112' '256.13088456445706' 'mated']
 ['F83' '267.492232741203' 'mated']
 ['F171' '334.0729510920494' 'mated']]",500.0,0.0,572.0,70.57496329432453,14.666928397706336,1422.0,238.08473938802888,50.46962567100846,277.0,48.770733415671856,10.812331594208416,18.0,1.8000000000000005,0.1800000000000001,88.0,0.8364437602582623,0.009344993141289443
21,0.054,11,360.54286747362306,"[['23' '1.391491906452643' 'present']
 ['4' '2.020601683300731' 'present']
 ['6' '2.840566749868159' 'marauded']
 ['6' '7.026136274554843' 'presentdestroyed']
 ['2' '9.299754344502418' 'presentdestroyed']
 ['18' '16.450443931633078' 'marauded']
 ['1' '18.669993365928033' 'presentdestroyed']
 ['11' '22.726825180777382' 'presentdestroyed']
 ['2' '28.822486352341414' 'present']
 ['15' '33.50889264785476' 'present']
 ['3' '41.01700810760791' 'present']
 ['13' '42.08443504052643' 'present']
 ['17' '51.284245238965944' 'present']
 ['13' '52.70254798324493' 'present']
 ['17' '58.59259625827977' 'present']
 ['13' '59.69626364959416' 'marauded']
 ['8' '61.746127504843976' 'presentdestroyed']
 ['13' '71.36105509721963' 'marauded']
 ['23' '72.75697350979438' 'presentdestroyed']
 ['6' '77.0322925546746' 'presentdestroyed']
 ['3' '80.1567510705538' 'present']
 ['20' '91.67118440638062' 'present']
 ['2' '95.6244628160178' 'present']
 ['16' '101.34911473803693' 'marauded']
 ['23' '112.2948179797813' 'present']
 ['5' '119.61669434084507' 'present']
 ['17' '121.03508316348577' 'present']
 ['7' '127.1270078524636' 'present']
 ['9' '128.95650511757975' 'marauded']
 ['10' '135.46254868905805' 'presentdestroyed']
 ['15' '138.40056698749956' 'present']
 ['15' '141.3408837062696' 'present']
 ['17' '145.94499175545627' 'present']
 ['18' '153.6168819277576' 'present']
 ['20' '161.2241726050085' 'present']
 ['17' '167.86521542712944' 'present']
 ['10' '169.63454088273141' 'present']
 ['14' '176.0112374409599' 'present']
 ['4' '182.26614264888323' 'present']
 ['22' '188.52518156251722' 'present']
 ['22' '192.5181181239723' 'present']
 ['5' '193.64697005795756' 'present']
 ['20' '197.8013980880701' 'present']
 ['5' '221.9428527763258' 'present']
 ['19' '224.10288745789055' 'marauded']
 ['14' '229.41811127577117' 'destroyed']
 ['19' '232.09296995070088' 'present']
 ['2' '232.21096339355768' 'present']
 ['5' '234.13073301169015' 'marauded']
 ['11' '235.94262165525538' 'presentdestroyed']
 ['16' '239.97640264390057' 'presentdestroyed']
 ['5' '247.05337174744363' 'present']
 ['3' '249.38754854438315' 'present']
 ['11' '259.6182616077183' 'present']
 ['4' '262.4229485590097' 'present']
 ['18' '271.9995136606535' 'present']
 ['20' '274.724841104744' 'marauded']
 ['17' '277.08290626717434' 'presentdestroyed']
 ['8' '280.1189222693337' 'presentdestroyed']
 ['15' '284.29638798490623' 'present']
 ['7' '287.17158291855196' 'present']
 ['14' '292.78105499451067' 'present']
 ['5' '294.9706688431497' 'present']
 ['20' '300.7430886443378' 'present']
 ['5' '302.1838712964591' 'present']
 ['12' '305.9614914082668' 'present']
 ['7' '306.9899996336462' 'present']
 ['22' '316.7073006862526' 'marauded']
 ['3' '321.25875345433246' 'presentdestroyed']
 ['19' '325.4558077361602' 'present']
 ['15' '328.762879540929' 'marauded']
 ['23' '334.50737139544736' 'presentdestroyed']
 ['16' '337.8622227075602' 'marauded']
 ['19' '344.7717125827108' 'presentdestroyed']
 ['22' '359.3301011648046' 'present']
 ['13' '359.47909547715824' 'present']]","[['F115' '81.09459801532712' 'mated']
 ['F135' '86.32212115016439' 'mated']
 ['F46' '133.86810717394994' 'absentdestroyed']
 ['F181' '140.6773895088518' 'mated']
 ['F206' '162.76464752848838' 'mated']
 ['F127' '174.01120065919088' 'mated']
 ['F42' '196.02504818120372' 'mated']
 ['F55' '201.04398962423016' 'mated']
 ['F2' '212.48896057046665' 'mated']
 ['F196' '245.623581781206' 'mated']
 ['F73' '256.085544292376' 'mated']
 ['F114' '261.3361721130224' 'absent']
 ['F19' '272.65486998269563' 'mated']
 ['F86' '289.86987979379234' 'absent']
 ['F107' '304.5643954247516' 'absent']
 ['F11' '320.280291898326' 'destroyed']]",500.0,100.0,574.0,72.49240999744151,15.102910234726487,1242.0,212.9889227385152,46.42157632531697,427.0,72.89619854787097,15.58739810562308,10.0,0.9999999999999999,0.10000000000000003,75.0,0.6978916708419122,0.007437414266117975
22,0.054,9,359.89096163558725,"[['7' '5.0609900238360925' 'present']
 ['10' '7.428649742655403' 'present']
 ['7' '7.804009384072957' 'present']
 ['3' '9.27251422279519' 'present']
 ['17' '11.887090847939078' 'present']
 ['11' '15.52528891106079' 'present']
 ['9' '18.014042153374444' 'present']
 ['3' '18.57045619698965' 'present']
 ['4' '22.815681863831003' 'present']
 ['15' '24.762367097837505' 'present']
 ['8' '32.568023387650555' 'present']
 ['19' '39.07694396444659' 'present']
 ['4' '41.2528899670232' 'present']
 ['17' '49.71035643135549' 'present']
 ['23' '51.53719807034115' 'present']
 ['16' '52.09044333167222' 'present']
 ['20' '58.961998315647286' 'marauded']
 ['6' '67.77602300590925' 'marauded']
 ['10' '71.21223585882022' 'presentdestroyed']
 ['15' '74.46949451889495' 'destroyed']
 ['7' '85.106044495027' 'present']
 ['20' '96.38343264502569' 'present']
 ['2' '97.37844483628582' 'present']
 ['21' '100.54107938121848' 'present']
 ['23' '100.57438799504145' 'present']
 ['13' '106.50168252877718' 'present']
 ['15' '108.66957634620753' 'present']
 ['4' '112.51234074634266' 'present']
 ['23' '129.09695797301737' 'present']
 ['14' '139.07807736069225' 'present']
 ['3' '150.87591522967932' 'marauded']
 ['1' '157.86986894378452' 'presentdestroyed']
 ['23' '159.64979736641078' 'presentdestroyed']
 ['20' '163.72793893747863' 'marauded']
 ['21' '169.2330786580824' 'destroyed']
 ['2' '172.59666926281048' 'present']
 ['17' '175.0860735495034' 'present']
 ['11' '175.78060029282554' 'present']
 ['23' '185.73001449969675' 'present']
 ['6' '188.30494032304318' 'present']
 ['21' '190.13366839392566' 'present']
 ['3' '190.14746281859655' 'present']
 ['21' '192.59978704503374' 'present']
 ['7' '195.18194342115524' 'present']
 ['4' '198.93866946809223' 'present']
 ['11' '203.02321317818325' 'marauded']
 ['15' '206.65439122979464' 'destroyed']
 ['21' '209.6229756173119' 'presentdestroyed']
 ['13' '211.59021273806815' 'present']
 ['23' '211.89908960390977' 'present']
 ['2' '231.78788711644887' 'marauded']
 ['7' '234.7341526969819' 'presentdestroyed']
 ['16' '237.07978079903413' 'presentdestroyed']
 ['11' '246.54190093009984' 'present']
 ['15' '246.74092180316947' 'present']
 ['4' '254.2801284518917' 'present']
 ['15' '254.64176973717633' 'present']
 ['10' '255.19785857688174' 'present']
 ['10' '258.89241507673535' 'present']
 ['23' '261.28698316343224' 'present']
 ['3' '267.98912758144326' 'present']
 ['3' '269.27280885326013' 'present']
 ['16' '274.47565844042333' 'marauded']
 ['7' '274.6945123683228' 'presentdestroyed']
 ['23' '293.22252503863433' 'present']
 ['7' '300.07617168203024' 'present']
 ['9' '303.6512787207011' 'present']
 ['19' '306.173214891009' 'present']
 ['12' '308.6773344707882' 'present']
 ['21' '312.969306941712' 'present']
 ['14' '322.05980561758616' 'present']
 ['5' '323.9936234827256' 'present']
 ['23' '325.7150156332394' 'present']
 ['9' '326.0935433004576' 'present']
 ['19' '329.80416148432727' 'present']
 ['12' '343.6136348133257' 'marauded']
 ['17' '345.84218120230923' 'presentdestroyed']
 ['1' '349.32040801900604' 'presentdestroyed']
 ['10' '350.58465191427763' 'presentdestroyed']
 ['19' '359.12880688360127' 'present']]","[['F180' '24.089484823303597' 'mated']
 ['F109' '46.01278799642422' 'mated']
 ['F47' '60.21856960081549' 'destroyed']
 ['F145' '80.78832114537842' 'mated']
 ['F58' '115.72496127593426' 'mated']
 ['F156' '123.18566501372122' 'mated']
 ['F14' '124.76633202108056' 'absent']
 ['F137' '128.15739816660152' 'absent']
 ['F165' '129.61766223929865' 'mated']
 ['F57' '140.0233412677726' 'absent']
 ['F46' '145.8885066165426' 'mated']
 ['F210' '159.51013351818486' 'destroyed']
 ['F148' '197.32856425716068' 'mated']
 ['F39' '235.5854446202747' 'destroyed']
 ['F73' '256.0653864129027' 'absent']
 ['F134' '288.38848347962397' 'absent']
 ['F18' '331.039254769838' 'mated']]",500.0,200.0,575.0,75.21065209791088,17.28755911261506,1402.0,233.7293335959968,49.4617304617983,286.0,49.01376355991468,10.736979450412067,13.0,1.3,0.13000000000000006,91.0,0.8258912065932376,0.008401920438957485
23,0.054,9,360.08369805617866,"[['14' '9.937634908721456' 'present']
 ['1' '12.084936440200064' 'present']
 ['1' '16.138972264389203' 'present']
 ['18' '23.17489218497226' 'present']
 ['19' '23.298652727421718' 'present']
 ['20' '27.414456043404034' 'present']
 ['7' '27.888581176120667' 'present']
 ['3' '34.24915418652949' 'marauded']
 ['13' '38.56752871112291' 'presentdestroyed']
 ['20' '44.7023971188318' 'present']
 ['5' '54.2093095913104' 'present']
 ['13' '55.52289318339422' 'present']
 ['6' '56.99424290315288' 'marauded']
 ['13' '59.68508673495354' 'destroyed']
 ['20' '60.12565017494248' 'destroyed']
 ['16' '62.880509770675545' 'destroyed']
 ['9' '66.60652134202083' 'present']
 ['8' '77.30972760279276' 'present']
 ['15' '85.90906635621991' 'marauded']
 ['6' '87.7677508652408' 'presentdestroyed']
 ['18' '91.84782940606907' 'presentdestroyed']
 ['21' '93.48254097420354' 'present']
 ['20' '93.50508454173121' 'present']
 ['20' '102.8191029447507' 'present']
 ['5' '105.2828364016547' 'present']
 ['15' '107.5046918167908' 'present']
 ['22' '113.17786527362614' 'present']
 ['13' '113.36910689567321' 'marauded']
 ['14' '124.46889933597288' 'present']
 ['20' '129.76777954187347' 'present']
 ['15' '130.19919244976936' 'present']
 ['10' '133.87249217757957' 'marauded']
 ['5' '136.0720225473369' 'presentdestroyed']
 ['19' '136.07480287988244' 'presentdestroyed']
 ['15' '139.63052827963136' 'presentdestroyed']
 ['17' '143.31329381787688' 'marauded']
 ['2' '143.74706913300508' 'presentdestroyed']
 ['16' '146.20922258867438' 'destroyed']
 ['22' '146.84252927631798' 'presentdestroyed']
 ['18' '160.41049181767605' 'present']
 ['21' '170.5636810573561' 'marauded']
 ['21' '172.87291939695217' 'presentdestroyed']
 ['17' '176.6216200551792' 'presentdestroyed']
 ['12' '189.81899381768847' 'present']
 ['10' '190.64167607514932' 'present']
 ['14' '194.52856139395712' 'present']
 ['19' '201.7209519702626' 'present']
 ['19' '217.99771868211866' 'present']
 ['19' '227.21449064197284' 'marauded']
 ['6' '229.50604556390667' 'destroyed']
 ['22' '246.57429681320298' 'present']
 ['22' '254.34543078309767' 'present']
 ['4' '258.90890057300044' 'present']
 ['5' '277.1196801615505' 'marauded']
 ['6' '277.75916333105727' 'destroyed']
 ['21' '284.3150813066074' 'present']
 ['18' '286.3408007796326' 'present']
 ['12' '311.1341821799575' 'present']
 ['6' '317.4849597492853' 'present']
 ['15' '323.4124735722933' 'present']
 ['3' '325.3151404795951' 'present']
 ['22' '327.30634718252094' 'present']
 ['12' '349.0162581393097' 'marauded']
 ['7' '351.566192531647' 'presentdestroyed']
 ['8' '355.5908209334593' 'destroyed']
 ['10' '355.7565965245058' 'presentdestroyed']]","[['F186' '47.837841551587566' 'mated']
 ['F78' '101.09885431177331' 'mated']
 ['F165' '129.60417050984324' 'absent']
 ['F46' '133.87273680357956' 'absentdestroyed']
 ['F28' '148.84020723023568' 'destroyed']
 ['F131' '158.63360797342315' 'mated']
 ['F185' '166.15973111230696' 'mated']
 ['F138' '167.3340111452295' 'mated']
 ['F159' '220.05438957984032' 'mated']
 ['F10' '225.6882015791319' 'mated']
 ['F196' '245.6189521515764' 'absent']
 ['F101' '291.71321922314223' 'mated']
 ['F90' '316.8384022456556' 'mated']]",500.0,300.0,564.0,70.29647613255635,14.53523291638669,1333.0,226.88548349934118,49.0476439395446,350.0,61.26153136595172,13.280624908531504,10.0,0.9999999999999999,0.10000000000000003,83.0,0.7473125804568337,0.007694615912208509
