id,probability_maraud,successful_mating,next_foraging_time,mar_attempts,mate_attempts,x_pos,y_pos,foraging_events,foraging_hrs,foraging_sqhrs,staying_events,staying_hrs,staying_sqhrs,repairing_events,repairing_hrs,repairing_sqhrs,marauding_events,marauding_hrs,marauding_sqhrs,traveling_events,traveling_hrs,traveling_sqhrs
0,0.054,7,360.0213265995258,"[['22' '0.5728313344895826' 'present']
 ['13' '3.614863252129292' 'marauded']
 ['8' '18.72704991356513' 'present']
 ['9' '22.380526799547717' 'marauded']
 ['6' '22.622841386862206' 'presentdestroyed']
 ['20' '43.18193116142841' 'marauded']
 ['2' '45.08805480353915' 'destroyed']
 ['23' '51.20325507891062' 'present']
 ['13' '61.498339808104426' 'present']
 ['12' '63.37245009347939' 'present']
 ['22' '80.08107692989351' 'present']
 ['4' '96.61851881911122' 'present']
 ['12' '103.40884909934333' 'marauded']
 ['4' '103.58834531853825' 'destroyed']
 ['5' '104.59488726341935' 'destroyed']
 ['16' '105.59197431228009' 'presentdestroyed']
 ['15' '117.6894478254587' 'present']
 ['13' '124.54202073452602' 'present']
 ['17' '132.02687404715056' 'present']
 ['20' '138.45828324605012' 'present']
 ['21' '150.1125874606233' 'present']
 ['4' '156.2703951016239' 'marauded']
 ['22' '158.8562709647438' 'presentdestroyed']
 ['12' '168.89974972851837' 'present']
 ['6' '193.5851241507912' 'present']
 ['5' '193.90435716597426' 'present']
 ['23' '195.5059428011105' 'present']
 ['2' '196.5522654220685' 'present']
 ['8' '202.72038061781015' 'marauded']
 ['6' '205.17237397134937' 'presentdestroyed']
 ['6' '209.56734475429596' 'presentdestroyed']
 ['4' '215.7722904725956' 'present']
 ['22' '218.18513059297882' 'present']
 ['21' '227.58710684709607' 'present']
 ['21' '228.40145558404294' 'marauded']
 ['11' '233.5780335459964' 'presentdestroyed']
 ['16' '248.6487584349067' 'present']
 ['2' '249.85989727380883' 'present']
 ['9' '262.2253798908185' 'present']
 ['21' '267.66877846431714' 'present']
 ['2' '268.2663556413384' 'present']
 ['20' '278.2032601780851' 'marauded']
 ['13' '278.7291421584121' 'presentdestroyed']
 ['9' '280.00991589391236' 'presentdestroyed']
 ['9' '281.52322621269843' 'presentdestroyed']
 ['23' '283.5058641949841' 'presentdestroyed']
 ['5' '296.6315397042798' 'present']
 ['4' '302.8719219584645' 'marauded']
 ['4' '306.2744774854718' 'destroyed']
 ['8' '310.96304356449167' 'marauded']
 ['23' '316.3873092521905' 'presentdestroyed']
 ['21' '327.4516333597287' 'present']
 ['22' '331.8077882902735' 'present']
 ['13' '340.2873558350866' 'present']
 ['8' '341.95337617115456' 'present']
 ['20' '344.67324025508475' 'present']
 ['11' '345.25570488717887' 'present']
 ['11' '358.8726721566658' 'present']]","[['F176' '23.18295147514363' 'absentdestroyed']
 ['F14' '44.8212145878249' 'destroyed']
 ['F65' '52.46229501663753' 'absent']
 ['F137' '93.24260860024219' 'mated']
 ['F205' '98.29680904361952' 'absent']
 ['F1' '150.09356615371672' 'mated']
 ['F78' '169.61137647080184' 'mated']
 ['F183' '175.80400476313196' 'mated']
 ['F132' '198.841887094508' 'mated']
 ['F6' '202.80023630053276' 'absentdestroyed']
 ['F124' '329.3123772433595' 'mated']
 ['F34' '332.9579711198937' 'mated']]",0.0,0.0,567.0,70.0198673167957,14.002502768496692,1344.0,227.34348131385204,48.86376857373155,353.0,61.21401399235403,13.362744631445542,7.0,0.7,0.07,77.0,0.7342680109551076,0.007866083676268865
1,0.0,9,360.151693708579,"[['0' '12.120183269509162' 'marauded']
 ['0' '13.63343227784113' 'destroyed']
 ['22' '16.79882431984438' 'presentdestroyed']
 ['6' '35.833384110982195' 'marauded']
 ['5' '50.92139035655119' 'present']
 ['23' '52.30886135005187' 'present']
 ['4' '52.6869379121713' 'present']
 ['17' '59.49958142862736' 'present']
 ['10' '66.85819213388133' 'present']
 ['15' '70.70849808694123' 'present']
 ['17' '70.73260280487652' 'present']
 ['22' '73.2221499138015' 'present']
 ['2' '77.37206351836821' 'present']
 ['5' '84.23505352816555' 'present']
 ['23' '88.2420865398483' 'present']
 ['9' '91.32840014112278' 'present']
 ['15' '99.0042214564155' 'present']
 ['21' '102.22574068301367' 'present']
 ['16' '103.10464120822047' 'present']
 ['17' '103.3424933282318' 'present']
 ['4' '105.13725499249355' 'present']
 ['23' '109.8255613540308' 'marauded']
 ['17' '127.88541976198584' 'present']
 ['20' '133.33266636598134' 'marauded']
 ['0' '139.103057622704' 'presentdestroyed']
 ['11' '139.82668102243676' 'presentdestroyed']
 ['17' '146.9658210587611' 'present']
 ['16' '149.62908725909958' 'present']
 ['5' '159.54249459956705' 'present']
 ['10' '159.96906089131224' 'present']
 ['15' '164.3030408496847' 'present']
 ['10' '165.10917513381844' 'present']
 ['20' '170.17175948135392' 'present']
 ['13' '178.5395403538332' 'marauded']
 ['19' '180.74920254559362' 'destroyed']
 ['19' '188.20362632247145' 'present']
 ['21' '192.5623644791346' 'marauded']
 ['5' '194.07769453937598' 'presentdestroyed']
 ['17' '201.22722503624433' 'present']
 ['18' '214.02164358930347' 'present']
 ['19' '225.2348096110445' 'present']
 ['12' '236.90996991774782' 'marauded']
 ['8' '246.06472738119393' 'present']
 ['15' '249.00353064367863' 'present']
 ['21' '253.600456540093' 'present']
 ['4' '263.4778880287284' 'present']
 ['5' '276.3065395970454' 'marauded']
 ['11' '284.66839267201027' 'present']
 ['13' '287.0718113127418' 'present']
 ['23' '302.6738424350752' 'present']
 ['15' '308.0730136160669' 'present']
 ['11' '331.72114811517594' 'present']
 ['0' '339.5651821304878' 'present']
 ['10' '341.8981339636399' 'marauded']
 ['22' '349.32503786278176' 'present']
 ['18' '350.32070402541297' 'present']
 ['21' '351.649935860975' 'present']
 ['4' '355.58104832193993' 'present']
 ['0' '357.38279867076665' 'present']]","[['F81' '93.33917822816576' 'mated']
 ['F200' '94.43506403864608' 'mated']
 ['F33' '108.58193614467487' 'mated']
 ['F120' '109.06485280855341' 'mated']
 ['F190' '111.37898166568608' 'destroyed']
 ['F123' '138.73101183222025' 'destroyed']
 ['F99' '142.0429501393788' 'mated']
 ['F74' '156.0410668672175' 'absent']
 ['F113' '186.83193246589997' 'absent']
 ['F180' '204.02725117258302' 'mated']
 ['F198' '217.7727704767403' 'mated']
 ['F188' '222.42533825082978' 'mated']
 ['F156' '236.952180610483' 'absentdestroyed']
 ['F15' '240.16790613312398' 'absentdestroyed']
 ['F8' '295.31060641540455' 'mated']]",0.0,100.0,561.0,71.63296176021312,15.585772092899687,1364.0,233.8517026660858,50.809834584360246,329.0,54.801209119089826,11.464482373958948,0.0,0.0,0.0,0.0,0.0,0.0
2,0.054,11,360.063133642515,"[['19' '2.5849658297370626' 'present']
 ['8' '28.651013543075223' 'present']
 ['0' '30.599246557154647' 'present']
 ['21' '32.85122257648513' 'marauded']
 ['0' '34.72278229484026' 'presentdestroyed']
 ['19' '38.6743220854397' 'presentdestroyed']
 ['16' '45.908580354121554' 'present']
 ['23' '56.96013491815235' 'marauded']
 ['16' '58.54570663889287' 'presentdestroyed']
 ['9' '68.76476199080342' 'marauded']
 ['19' '70.61845121937404' 'presentdestroyed']
 ['0' '77.44653682671516' 'present']
 ['8' '79.02440259822735' 'marauded']
 ['15' '85.13270984029079' 'presentdestroyed']
 ['22' '102.77899596440044' 'marauded']
 ['6' '103.53542503007617' 'presentdestroyed']
 ['5' '113.58608310392228' 'present']
 ['9' '115.31251017306133' 'present']
 ['17' '130.34558057079272' 'present']
 ['21' '134.31791893735564' 'present']
 ['21' '146.70520420798917' 'present']
 ['11' '149.33888059231762' 'marauded']
 ['5' '149.53178868444178' 'presentdestroyed']
 ['18' '152.27792536717646' 'destroyed']
 ['0' '152.98727221687446' 'presentdestroyed']
 ['19' '153.80198113394283' 'presentdestroyed']
 ['10' '156.00001853305903' 'presentdestroyed']
 ['23' '156.343981897253' 'presentdestroyed']
 ['0' '172.7245809229207' 'present']
 ['17' '184.72323994544575' 'marauded']
 ['5' '185.6855281300144' 'presentdestroyed']
 ['9' '189.8347309857362' 'presentdestroyed']
 ['0' '192.27905310945033' 'present']
 ['8' '195.05935546277863' 'present']
 ['20' '203.38388053579206' 'present']
 ['4' '205.40736158687153' 'present']
 ['19' '220.4638072234314' 'present']
 ['23' '225.93797832508986' 'present']
 ['18' '238.25894137445292' 'marauded']
 ['9' '239.0562515694102' 'presentdestroyed']
 ['4' '242.07591683043765' 'presentdestroyed']
 ['12' '248.58385793862377' 'present']
 ['22' '248.8904802762499' 'present']
 ['20' '253.20866705275492' 'present']
 ['5' '253.3680751250594' 'present']
 ['18' '273.2576515774634' 'present']
 ['23' '275.58049630210456' 'present']
 ['12' '289.82281206336734' 'present']
 ['11' '296.0231753989444' 'present']
 ['9' '297.3454735643952' 'present']
 ['22' '302.2857174217533' 'present']
 ['12' '304.15837098224154' 'marauded']
 ['21' '319.4703277814592' 'marauded']
 ['17' '321.14636632993296' 'presentdestroyed']
 ['19' '329.5938960238431' 'present']
 ['11' '333.0458529754482' 'marauded']
 ['20' '334.14341225355554' 'presentdestroyed']
 ['0' '337.93246471802206' 'destroyed']
 ['17' '343.42335165196965' 'present']
 ['11' '350.749471526068' 'present']
 ['20' '351.0382488487413' 'present']]","[['F14' '44.825844217454524' 'mated']
 ['F193' '57.40058267971717' 'absentdestroyed']
 ['F136' '62.695076099730535' 'destroyed']
 ['F71' '79.15722134240477' 'destroyed']
 ['F151' '118.38602884249549' 'mated']
 ['F44' '120.07456790133318' 'absent']
 ['F18' '120.73160921875538' 'absent']
 ['F79' '124.21616095133555' 'mated']
 ['F51' '125.51772924753763' 'mated']
 ['F59' '128.73763521329184' 'absent']
 ['F169' '147.47187076191435' 'mated']
 ['F110' '188.52592632581485' 'destroyed']
 ['F57' '192.37606410289519' '']
 ['F165' '203.9873223591623' 'mated']
 ['F19' '217.8799587099235' 'absent']
 ['F116' '233.47998974514928' 'mated']
 ['F173' '250.42082906431116' 'mated']
 ['F214' '298.8308650812215' 'mated']
 ['F43' '303.00410939552546' 'mated']
 ['F124' '329.3077476137299' 'absent']
 ['F208' '359.51323311781226' 'mated']]",0.0,200.0,550.0,69.94474733718279,15.097927011690231,1297.0,221.18394698881144,47.820485297024504,381.0,67.51779903085253,14.891098699184539,8.0,0.7999999999999999,0.08000000000000002,75.0,0.7213372758421384,0.007758916323731144
3,0.0,11,360.1235457709938,"[['17' '1.0165051018754627' 'present']
 ['16' '5.6004772185376455' 'marauded']
 ['18' '35.711881500471584' 'present']
 ['11' '39.42773200391196' 'present']
 ['11' '39.8581920730057' 'present']
 ['9' '55.03827170696264' 'present']
 ['0' '56.480947675932654' 'marauded']
 ['18' '85.60557871839093' 'present']
 ['2' '87.08438334885179' 'present']
 ['9' '88.46698717860808' 'present']
 ['9' '99.15284557957568' 'present']
 ['17' '106.60829847726411' 'present']
 ['8' '109.32789044321154' 'present']
 ['2' '111.54678676586354' 'present']
 ['18' '114.08323902839246' 'present']
 ['16' '116.41203711843262' 'present']
 ['22' '120.93749393828357' 'present']
 ['15' '121.22998710474373' 'marauded']
 ['22' '122.97431017759828' 'presentdestroyed']
 ['23' '123.20289127611905' 'presentdestroyed']
 ['18' '129.59853270494492' 'present']
 ['6' '137.2514671758457' 'present']
 ['11' '137.80774378183438' 'marauded']
 ['5' '157.69195340001838' 'present']
 ['5' '162.87194515398022' 'present']
 ['16' '163.03137366831302' 'present']
 ['0' '170.8024143684695' 'present']
 ['11' '177.26711145532727' 'present']
 ['16' '177.38737282905518' 'present']
 ['18' '192.28329535409185' 'present']
 ['6' '193.71281107340658' 'present']
 ['0' '194.01835052285793' 'present']
 ['5' '195.79877644493007' 'present']
 ['2' '196.55920986651293' 'present']
 ['6' '204.1409617282311' 'present']
 ['19' '207.59490208606894' 'present']
 ['6' '209.31041206251692' 'present']
 ['10' '209.652192171431' 'present']
 ['11' '210.6388563663343' 'present']
 ['11' '228.12824740865122' 'present']
 ['10' '229.41958360373314' 'present']
 ['15' '232.73989813070455' 'marauded']
 ['0' '248.00337686944846' 'present']
 ['10' '252.52536804905841' 'present']
 ['8' '253.4539689921913' 'present']
 ['2' '265.78043477185855' 'present']
 ['5' '271.36123924662644' 'present']
 ['9' '285.4650870134736' 'present']
 ['19' '292.2707790570362' 'present']
 ['23' '297.66236724290934' 'present']
 ['10' '298.3844269354073' 'present']
 ['16' '305.2714610216326' 'marauded']
 ['21' '307.17194778251354' 'presentdestroyed']
 ['23' '315.1262500406028' 'present']
 ['9' '331.9213880955893' 'present']
 ['9' '346.0637942326381' 'marauded']
 ['15' '356.69874898725215' 'present']]","[['F215' '50.71634639777057' 'absent']
 ['F136' '62.69739091454535' 'destroyed']
 ['F86' '74.12580125350155' 'mated']
 ['F149' '74.14534300334672' 'mated']
 ['F7' '94.78618595550971' 'mated']
 ['F117' '103.54228338325596' 'mated']
 ['F210' '117.93250436140296' 'absent']
 ['F123' '138.72638220259063' 'destroyed']
 ['F91' '162.4135301718351' 'mated']
 ['F96' '166.23716748694272' 'absent']
 ['F87' '176.54688532658125' 'mated']
 ['F139' '179.45977104310802' 'mated']
 ['F122' '183.40597174543404' 'absent']
 ['F5' '187.63222158867885' 'mated']
 ['F85' '188.5083749612057' 'absent']
 ['F85' '188.52568678681823' 'absent']
 ['F31' '201.1354391089649' 'mated']
 ['F27' '202.17282559083785' 'mated']
 ['F211' '238.13947277406834' 'destroyed']
 ['F135' '240.63090082605885' '']
 ['F84' '299.668727946656' 'mated']
 ['F107' '306.0556122756387' 'absentdestroyed']]",0.0,300.0,571.0,69.06782432610278,14.329151824203572,1479.0,248.33009432526876,53.552679389059925,241.0,42.808714860433916,9.766119515482316,0.0,0.0,0.0,0.0,0.0,0.0
4,0.054,7,360.27985604814984,"[['16' '1.096533175748369' 'present']
 ['5' '1.576942137737309' 'marauded']
 ['20' '15.559110002638' 'present']
 ['22' '23.527472184339445' 'present']
 ['9' '25.940045955939073' 'present']
 ['9' '30.330168400617193' 'present']
 ['9' '40.17883719886781' 'present']
 ['19' '40.468031471684924' 'present']
 ['10' '44.65042184008217' 'marauded']
 ['8' '55.93804551112805' 'marauded']
 ['12' '56.46637910116117' 'destroyed']
 ['8' '73.28320948843727' 'present']
 ['12' '138.58327531903592' 'present']
 ['5' '141.9860358860144' 'marauded']
 ['20' '152.49894702709003' 'present']
 ['16' '161.2496648226862' 'present']
 ['23' '165.0105430260736' 'present']
 ['11' '166.60059656181056' 'present']
 ['22' '167.9102198783638' 'present']
 ['20' '168.35716967403604' 'present']
 ['11' '170.63707603702193' 'marauded']
 ['16' '178.65301765239698' 'present']
 ['0' '184.41579233013624' 'present']
 ['8' '194.5322074886968' 'present']
 ['8' '199.60803637070413' 'present']
 ['16' '218.68383263173004' 'present']
 ['2' '226.23085450219682' 'present']
 ['18' '247.58064663548495' 'present']
 ['8' '248.03694645911705' 'present']
 ['23' '248.77392664960507' 'present']
 ['16' '250.38712490936618' 'present']
 ['12' '267.2260285323462' 'marauded']
 ['11' '277.1904819525139' 'present']
 ['9' '281.77725205104423' 'present']
 ['10' '287.13449549028417' 'marauded']
 ['0' '287.65760553191694' 'presentdestroyed']
 ['17' '298.73151590522554' 'present']
 ['11' '318.398376986336' 'present']
 ['21' '319.6255775393889' 'marauded']
 ['17' '327.8394315583257' 'present']
 ['20' '332.12811170307026' 'marauded']
 ['20' '346.40250605261275' 'present']
 ['0' '349.82885955859285' 'present']
 ['23' '350.2659214286846' 'present']
 ['13' '352.0837133441996' 'present']
 ['19' '352.417409713928' 'present']
 ['22' '353.45102118135367' 'present']
 ['2' '354.05243120439496' 'present']
 ['15' '359.4616445036864' 'present']]","[['F215' '50.71962004027606' 'destroyed']
 ['F193' '57.40575876299842' 'destroyed']
 ['F0' '76.61969672027745' 'mated']
 ['F148' '89.4567182702273' 'mated']
 ['F40' '94.31669913552695' 'mated']
 ['F105' '117.32231218379889' 'mated']
 ['F209' '123.35161657188077' 'absent']
 ['F170' '125.90868181871134' 'mated']
 ['F206' '145.01774712772084' 'absentdestroyed']
 ['F143' '168.70697697507987' 'mated']
 ['F163' '172.3373496776573' 'destroyed']
 ['F134' '198.81418770008287' 'mated']
 ['F25' '326.36194930281425' 'destroyed']]",100.0,0.0,573.0,69.30505920848674,13.821854424380513,1397.0,233.69061639709832,49.75391193959759,317.0,55.4034229719225,12.258429987655477,10.0,0.9999999999999999,0.10000000000000003,66.0,0.6097889497696429,0.006408607681755834
5,0.054,9,360.04179382265045,"[['22' '0.1868392687776851' 'present']
 ['12' '6.329584522290873' 'marauded']
 ['4' '12.745572083264666' 'presentdestroyed']
 ['13' '27.93720469737609' 'present']
 ['21' '44.353557772925186' 'present']
 ['2' '51.17599805809779' 'present']
 ['8' '54.655534837571686' 'marauded']
 ['13' '57.46202343683469' 'destroyed']
 ['9' '67.171649428383' 'present']
 ['20' '69.79313507988105' 'present']
 ['21' '87.42674660501747' 'present']
 ['15' '100.5001934900827' 'present']
 ['15' '110.49238793259845' 'present']
 ['6' '111.8035455362651' 'present']
 ['22' '116.09630973276113' 'marauded']
 ['20' '131.7362196243862' 'present']
 ['16' '144.20186256870386' 'present']
 ['4' '163.0274810506233' 'present']
 ['2' '163.1548497680393' 'present']
 ['8' '169.4140293212311' 'present']
 ['9' '183.7312846450906' 'present']
 ['18' '196.87418411758904' 'present']
 ['8' '198.49809138266474' 'present']
 ['6' '212.20631570958122' 'present']
 ['2' '216.56200358407156' 'present']
 ['15' '219.83370966357728' 'present']
 ['20' '221.6792613489624' 'marauded']
 ['16' '225.40788279792397' 'destroyed']
 ['6' '226.8721387344992' 'destroyed']
 ['11' '245.24275430162407' 'marauded']
 ['10' '247.36213897661838' 'presentdestroyed']
 ['13' '250.03911719889467' 'presentdestroyed']
 ['13' '250.97062304997647' 'presentdestroyed']
 ['6' '271.1975703649755' 'present']
 ['0' '274.00576921054886' 'present']
 ['4' '284.2911820680508' 'present']
 ['10' '288.1942855716257' 'marauded']
 ['8' '295.07426681225417' 'present']
 ['21' '300.56533441933635' 'present']
 ['15' '303.5885210612628' 'present']
 ['18' '305.16821793919667' 'marauded']
 ['11' '331.3813484168069' 'marauded']
 ['11' '333.7084681377691' 'destroyed']
 ['0' '337.8970365722903' 'presentdestroyed']
 ['12' '340.6861784246358' 'present']
 ['0' '347.8159323782718' 'present']]","[['F193' '57.41270320744286' 'absentdestroyed']
 ['F149' '62.13648090352092' '']
 ['F77' '100.73627904766671' 'mated']
 ['F80' '131.0618810244261' 'absent']
 ['F177' '154.7799871978094' 'mated']
 ['F159' '160.4529739592671' 'mated']
 ['F78' '169.60810282829635' 'absent']
 ['F166' '183.3879850480162' 'mated']
 ['F103' '204.89812733448633' 'mated']
 ['F111' '214.91038193017778' 'mated']
 ['F76' '216.32453689431736' 'mated']
 ['F41' '233.96189059013872' 'absent']
 ['F211' '238.14464885734958' 'mated']
 ['F28' '273.52652885273767' 'mated']
 ['F8' '295.2979394340272' 'absent']
 ['F194' '310.6769139437552' 'destroyed']
 ['F207' '356.6468209211586' 'absent']]",100.0,100.0,561.0,68.61252978355547,14.065709222881082,1410.0,241.37620396932618,51.86845066880942,271.0,48.40297875618773,10.751199256618817,9.0,0.8999999999999999,0.09000000000000002,80.0,0.727294567342822,0.007566015089163244
6,0.054,12,359.8501996528277,"[['2' '18.754024086019328' 'present']
 ['10' '22.669348699042555' 'present']
 ['23' '24.322503060011172' 'marauded']
 ['19' '27.964513294000938' 'presentdestroyed']
 ['21' '31.35730002705422' 'presentdestroyed']
 ['5' '41.35302185698295' 'present']
 ['5' '41.35765148661258' 'present']
 ['10' '44.26495398725108' 'present']
 ['15' '52.11064537861433' 'present']
 ['12' '56.21131329995598' 'present']
 ['18' '63.60151004330497' 'present']
 ['10' '65.46556029398869' 'present']
 ['19' '70.6309473898316' 'marauded']
 ['21' '71.43274443909574' 'presentdestroyed']
 ['4' '72.55056443536976' 'presentdestroyed']
 ['8' '78.91267922993512' 'marauded']
 ['21' '86.43959756760071' 'presentdestroyed']
 ['0' '88.62089467627575' 'marauded']
 ['4' '101.14274345883398' 'present']
 ['0' '113.09161538308427' 'present']
 ['2' '113.61776608629802' 'present']
 ['2' '113.91479230087839' 'marauded']
 ['16' '120.75879307680901' 'presentdestroyed']
 ['18' '141.5466260341201' 'present']
 ['9' '158.99744876822982' 'present']
 ['13' '192.40623177504307' 'present']
 ['19' '196.65117551032026' 'present']
 ['5' '202.75038554266874' 'present']
 ['5' '212.5632541524857' 'present']
 ['4' '215.77923491704004' 'present']
 ['11' '219.47772431125787' 'present']
 ['10' '242.18145677247867' 'present']
 ['12' '248.85442358420295' 'present']
 ['11' '261.8237925464124' 'marauded']
 ['5' '261.9091616917935' 'destroyed']
 ['5' '267.3966749549299' 'presentdestroyed']
 ['9' '268.130679018902' 'presentdestroyed']
 ['22' '279.43288641000504' 'marauded']
 ['18' '282.8849006545169' 'presentdestroyed']
 ['0' '286.2483725323296' 'presentdestroyed']
 ['20' '290.54295006323747' 'present']
 ['19' '295.5763059923437' 'present']
 ['16' '302.4414154467552' 'marauded']
 ['11' '302.5822246445259' 'presentdestroyed']
 ['21' '308.1655456348389' 'presentdestroyed']
 ['21' '309.09099307278285' 'destroyed']
 ['5' '314.20472655456206' 'present']
 ['11' '314.7518130771306' 'present']
 ['20' '316.4411368901984' 'present']
 ['22' '321.5024977238175' 'present']
 ['23' '330.0078049547709' 'present']
 ['20' '332.2392886177109' 'marauded']
 ['20' '339.09482213769894' 'presentdestroyed']
 ['19' '342.97659610926104' 'present']
 ['2' '343.54039336577796' 'present']
 ['20' '347.238700366211' 'present']
 ['22' '347.7864209742563' 'present']
 ['20' '348.4535076115529' 'present']
 ['12' '349.09282669463454' 'present']
 ['11' '355.22970690777925' 'marauded']]","[['F86' '74.11831035540548' 'destroyed']
 ['F151' '118.37353267203792' 'destroyed']
 ['F209' '123.3562462015104' 'mated']
 ['F59' '128.73995002810665' 'mated']
 ['F99' '142.02891195627177' 'absent']
 ['F53' '163.7226363952119' 'mated']
 ['F171' '179.4852798295342' 'mated']
 ['F93' '181.54365567522376' 'mated']
 ['F122' '183.40924538793954' 'mated']
 ['F85' '188.5116486037112' 'absent']
 ['F121' '197.12364371939742' 'mated']
 ['F101' '198.87985148068464' 'mated']
 ['F181' '211.1250433939837' 'mated']
 ['F72' '218.24243914430366' 'mated']
 ['F54' '226.72585927752493' 'absent']
 ['F154' '236.9606936605306' 'mated']
 ['F140' '311.6161863396448' 'mated']]",100.0,200.0,567.0,72.57868280107401,15.226779519999274,1331.0,226.9114475551785,48.839123148854064,371.0,58.97923073094212,12.177681688041305,9.0,0.8999999999999999,0.09000000000000002,78.0,0.7098068652350092,0.007094478737997262
7,0.0,10,360.0676264228374,"[['20' '5.1259056549250674' 'present']
 ['6' '5.832356795053767' 'present']
 ['2' '19.484852773186542' 'marauded']
 ['8' '20.383660223258133' 'presentdestroyed']
 ['22' '22.007154844111792' 'presentdestroyed']
 ['20' '30.431240879937913' 'present']
 ['17' '39.92761145169141' 'marauded']
 ['6' '40.13395177570478' 'presentdestroyed']
 ['5' '41.364595931057025' 'presentdestroyed']
 ['18' '42.87151731435848' 'presentdestroyed']
 ['8' '45.190474364476835' 'presentdestroyed']
 ['12' '61.162087066974955' 'present']
 ['10' '75.85980528637586' 'marauded']
 ['22' '83.59283599810725' 'present']
 ['9' '86.94585112772054' 'marauded']
 ['20' '97.57892441849897' 'present']
 ['9' '100.06311611891415' 'present']
 ['4' '107.95809062644828' 'present']
 ['20' '109.40218362816792' 'marauded']
 ['16' '114.23883459651675' 'presentdestroyed']
 ['9' '114.52101231503863' 'presentdestroyed']
 ['22' '126.66317312433223' 'marauded']
 ['5' '131.70613388769914' 'presentdestroyed']
 ['5' '135.28188004979418' 'marauded']
 ['6' '136.9131904751213' 'presentdestroyed']
 ['5' '139.03441562194598' 'presentdestroyed']
 ['18' '139.61454222282345' 'presentdestroyed']
 ['10' '155.41175566767447' 'marauded']
 ['5' '157.29319550691673' 'destroyed']
 ['20' '166.1534710934192' 'present']
 ['10' '171.15958331480587' 'present']
 ['8' '172.69463648989242' 'present']
 ['10' '181.39313168593168' 'present']
 ['17' '182.68953073159972' 'present']
 ['11' '186.76822641455115' 'present']
 ['6' '188.00492792146176' 'present']
 ['15' '193.62293626079693' 'present']
 ['23' '200.26550279497917' 'present']
 ['5' '202.7434410982243' 'present']
 ['4' '205.6290515448399' 'present']
 ['0' '212.6094543821757' 'present']
 ['2' '221.26321507909967' 'present']
 ['5' '231.0122755856497' 'present']
 ['15' '237.4550854395757' 'present']
 ['0' '241.83447678681964' 'present']
 ['12' '251.55783524145147' 'present']
 ['21' '263.462644139768' 'present']
 ['9' '267.91240521003897' 'present']
 ['9' '277.3948744697365' 'present']
 ['12' '278.69758753193076' 'marauded']
 ['19' '283.59674925430636' 'presentdestroyed']
 ['10' '287.70738714465193' 'present']
 ['2' '298.24039602233546' 'present']
 ['23' '300.6332356436944' 'present']
 ['8' '308.2414946794985' 'present']
 ['18' '309.60620458261974' 'present']
 ['19' '310.56763918414026' 'present']
 ['20' '312.25255245072265' 'present']
 ['9' '318.2368450948175' 'present']
 ['23' '321.17587516217696' 'present']
 ['11' '326.6168806698311' 'present']
 ['20' '327.793085634141' 'present']
 ['2' '357.9583265368415' 'present']]","[['F13' '55.573103994428514' 'mated']
 ['F193' '57.408073577813234' 'absent']
 ['F71' '79.15394769989928' 'destroyed']
 ['F12' '180.50355588785484' 'mated']
 ['F85' '188.52337197200342' 'absent']
 ['F58' '192.71316614884168' 'mated']
 ['F127' '217.47828931435234' 'mated']
 ['F196' '219.4601623653961' 'mated']
 ['F69' '223.93379721309915' 'mated']
 ['F175' '260.94239706975634' 'mated']
 ['F32' '262.26012479265313' 'mated']
 ['F126' '266.9876549649421' 'absent']
 ['F128' '279.16910194609494' 'destroyed']
 ['F38' '309.634098153427' 'mated']
 ['F25' '326.3642641176291' 'mated']
 ['F37' '353.80445934490297' 'absent']]",100.0,300.0,571.0,72.67512662899279,15.496672866704808,1390.0,232.29604806266556,49.57400699654721,340.0,55.09263934012251,11.555856107781528,0.0,0.0,0.0,0.0,0.0,0.0
8,0.054,8,360.26635711425286,"[['6' '5.839847693149831' 'present']
 ['23' '7.8175323067523905' 'present']
 ['2' '10.852699734716605' 'present']
 ['13' '12.593164126055928' 'present']
 ['11' '16.17703522643549' 'present']
 ['5' '20.46493801203518' 'present']
 ['5' '22.363954780458496' 'present']
 ['13' '27.945107969511213' 'present']
 ['11' '47.64124205261692' 'marauded']
 ['6' '48.40610626499242' 'presentdestroyed']
 ['21' '58.58370169428192' 'present']
 ['19' '63.19656743648376' 'present']
 ['19' '63.20691960304626' 'present']
 ['12' '63.36319083422013' 'present']
 ['10' '67.89807217139479' 'present']
 ['12' '70.84721690368487' 'present']
 ['13' '71.18316889848066' 'present']
 ['23' '71.88699545698708' 'present']
 ['5' '80.3669868345519' 'present']
 ['12' '81.21051226339452' 'marauded']
 ['18' '83.58932929560392' 'presentdestroyed']
 ['9' '83.79950280979561' 'destroyed']
 ['23' '88.25458271030587' 'presentdestroyed']
 ['15' '93.54212585038042' 'present']
 ['4' '93.99241790533877' 'present']
 ['5' '100.80819635831142' 'marauded']
 ['2' '101.57971118932463' 'presentdestroyed']
 ['15' '105.40532615641808' 'presentdestroyed']
 ['4' '110.87418263109986' 'marauded']
 ['0' '114.22236778801228' 'presentdestroyed']
 ['19' '117.77538447159972' 'presentdestroyed']
 ['22' '120.78440881961994' 'present']
 ['9' '132.2903407822017' 'present']
 ['6' '136.90569957702525' 'present']
 ['9' '140.71037127506762' 'marauded']
 ['10' '141.19046339812107' 'presentdestroyed']
 ['19' '151.52020018322952' 'marauded']
 ['12' '159.97021110194527' 'marauded']
 ['2' '168.84075303525103' 'present']
 ['6' '169.69079625534673' 'present']
 ['5' '170.09797299425867' 'present']
 ['21' '175.70538597720153' 'marauded']
 ['22' '180.3171812043826' 'presentdestroyed']
 ['10' '186.1907711355121' 'marauded']
 ['5' '187.38970839784204' 'presentdestroyed']
 ['19' '207.1197585212615' 'marauded']
 ['12' '218.91009250396675' 'marauded']
 ['21' '223.40772090590949' 'presentdestroyed']
 ['19' '226.2300055592143' 'present']
 ['9' '232.02223185389653' 'marauded']
 ['6' '236.65424315305526' 'presentdestroyed']
 ['11' '239.1485064751948' 'destroyed']
 ['4' '244.49647924218493' 'present']
 ['15' '250.93115245655835' 'present']
 ['11' '253.48782265891728' 'marauded']
 ['21' '261.1251873150203' 'present']
 ['12' '261.469867020628' 'present']
 ['23' '262.45484387588584' 'present']
 ['19' '266.8553274273279' 'present']
 ['2' '266.9397057077274' 'present']
 ['23' '268.68505685498263' 'present']
 ['5' '274.78376324635116' 'marauded']
 ['13' '276.32465072975737' 'presentdestroyed']
 ['6' '276.79274494895265' 'presentdestroyed']
 ['11' '281.93220394091' 'present']
 ['19' '283.58462872658066' 'present']
 ['18' '286.4783031313201' 'present']
 ['9' '312.2727616092299' 'present']
 ['13' '313.564827368' 'present']
 ['5' '317.706894344575' 'marauded']
 ['6' '321.7543003733546' 'presentdestroyed']
 ['11' '322.2191358884231' 'presentdestroyed']
 ['17' '323.98988505089454' 'presentdestroyed']
 ['11' '331.3738575187108' 'present']
 ['13' '339.66145684430757' 'present']
 ['2' '345.1643358957094' 'marauded']
 ['0' '347.1843254458362' 'presentdestroyed']
 ['13' '347.6372756658183' 'presentdestroyed']]","[['F203' '21.616627033918075' 'mated']
 ['F131' '39.01103582492928' 'mated']
 ['F215' '50.72193485509088' 'destroyed']
 ['F65' '52.47347193127815' 'absentdestroyed']
 ['F66' '72.90046267715981' 'mated']
 ['F11' '103.6124821268246' 'destroyed']
 ['F47' '128.33809935363755' 'mated']
 ['F123' '138.7361879155015' 'mated']
 ['F106' '147.37417606901693' 'destroyed']
 ['F36' '171.16710288797685' 'mated']
 ['F100' '178.86104575896724' 'absentdestroyed']
 ['F184' '186.08338642831367' 'absent']
 ['F164' '214.68152738272465' 'mated']
 ['F72' '218.23726306102242' 'absent']
 ['F126' '266.99092860744764' 'mated']
 ['F8' '295.3054303321233' 'absent']]",200.0,0.0,556.0,70.50330823994919,14.773009972244038,1104.0,189.4507875386225,40.89608938797368,581.0,97.89536675998258,21.07461587760934,17.0,1.7000000000000004,0.1700000000000001,64.0,0.5978236361830721,0.00638717421124829
9,0.054,8,359.9200306624944,"[['22' '7.423689883775378' 'marauded']
 ['16' '9.196145084825078' 'presentdestroyed']
 ['18' '11.322388274570471' 'presentdestroyed']
 ['16' '22.670806717204155' 'present']
 ['21' '31.881630863931594' 'present']
 ['16' '43.37285680408028' 'marauded']
 ['8' '44.1836173878514' 'presentdestroyed']
 ['4' '55.877252132463525' 'marauded']
 ['20' '58.61169277716339' 'presentdestroyed']
 ['12' '58.63269684719499' 'presentdestroyed']
 ['17' '59.490322169368106' 'presentdestroyed']
 ['6' '69.22044304501414' 'present']
 ['5' '73.35749776272117' 'present']
 ['12' '90.71380614584464' 'present']
 ['6' '106.5404208225495' 'present']
 ['15' '106.83946737132175' 'present']
 ['23' '118.80250560408687' 'marauded']
 ['4' '119.31846323066664' 'presentdestroyed']
 ['0' '119.4057586218451' 'presentdestroyed']
 ['13' '119.54094457098924' 'destroyed']
 ['6' '123.21037246205798' 'presentdestroyed']
 ['15' '128.30704550780032' 'present']
 ['21' '154.92936389221063' 'present']
 ['4' '160.02634208414656' 'present']
 ['16' '166.39856985213106' 'present']
 ['6' '172.34257548847788' 'present']
 ['21' '173.8690129822542' 'present']
 ['5' '185.3568532247685' 'present']
 ['15' '192.61264512802111' 'marauded']
 ['6' '199.46064669515357' 'presentdestroyed']
 ['11' '202.52682460793963' 'present']
 ['6' '205.16392424556264' 'present']
 ['20' '210.51042991418896' 'present']
 ['2' '210.75863850261527' 'present']
 ['11' '211.13738059482836' 'present']
 ['19' '212.7489444945664' 'marauded']
 ['0' '228.01178130872788' 'present']
 ['6' '232.0627793362361' 'marauded']
 ['17' '235.7534312528137' 'presentdestroyed']
 ['23' '246.07482546495248' 'present']
 ['12' '268.38463068431764' 'present']
 ['12' '269.76027383271037' 'present']
 ['6' '273.75909657763697' 'present']
 ['20' '279.26408023638515' 'present']
 ['13' '286.7302786989574' 'marauded']
 ['0' '290.3353741936043' 'presentdestroyed']
 ['16' '294.1098970854438' 'destroyed']
 ['6' '294.39654639445877' 'present']
 ['16' '295.4021012194866' 'present']
 ['23' '296.84621163174177' 'present']
 ['10' '303.00646874999853' 'present']
 ['17' '306.81893826125673' 'present']
 ['12' '306.82247975512286' 'present']
 ['15' '323.765515934009' 'marauded']
 ['6' '331.25653052512274' 'present']
 ['12' '336.6124508110898' 'present']
 ['20' '338.97414202580103' 'present']
 ['13' '345.82441579083786' 'present']
 ['10' '346.64121647463816' 'present']
 ['10' '347.6778948255178' 'present']
 ['6' '352.1551849176868' 'present']
 ['21' '352.889679436256' 'present']
 ['11' '355.85884369372445' 'present']]","[['F149' '62.138795718335736' 'destroyed']
 ['F148' '89.45344462772181' 'absent']
 ['F152' '116.62164557241593' 'mated']
 ['F80' '131.07401676675738' 'mated']
 ['F97' '150.29384849548796' 'mated']
 ['F96' '178.24834440158332' 'mated']
 ['F113' '186.8365620955296' 'mated']
 ['F63' '200.73914797443985' 'mated']
 ['F164' '214.67921256790984' 'destroyed']
 ['F19' '217.88513479320474' 'destroyed']
 ['F188' '222.41474452114798' 'absent']
 ['F133' '224.2354113156779' 'mated']
 ['F41' '233.96420540495353' 'destroyed']
 ['F89' '303.6350600210555' 'mated']]",200.0,100.0,556.0,72.88329600391684,16.41175534320329,1374.0,230.59154626283828,49.090723479320005,322.0,54.798701461243475,11.526469973893612,12.0,1.2,0.12000000000000005,82.0,0.7915418507595038,0.008509087791495206
10,0.054,11,360.0880690124526,"[['2' '0.24978850959345072' 'present']
 ['11' '0.9890856339611057' 'marauded']
 ['2' '2.2461788853096825' 'presentdestroyed']
 ['8' '11.589039969396984' 'present']
 ['5' '18.75971421288627' 'present']
 ['17' '19.79825973960747' 'present']
 ['11' '19.880564402697704' 'present']
 ['8' '23.27120428914089' 'marauded']
 ['2' '28.621415751273602' 'destroyed']
 ['5' '31.16881858575195' 'present']
 ['17' '32.832254618407504' 'present']
 ['11' '54.86599014943856' 'marauded']
 ['9' '65.24438782531128' 'present']
 ['11' '70.52795074486076' 'present']
 ['21' '71.7364730969365' 'present']
 ['20' '78.47329741799761' 'marauded']
 ['23' '82.21555424053484' 'presentdestroyed']
 ['23' '83.4374346621128' 'presentdestroyed']
 ['21' '84.49233300823428' 'destroyed']
 ['11' '87.24777323980442' 'present']
 ['13' '92.23282263901359' 'present']
 ['15' '111.27907809157503' 'present']
 ['15' '119.707252936284' 'present']
 ['18' '130.79701228896016' 'present']
 ['11' '134.25848019625872' 'present']
 ['15' '160.98182118535726' 'present']
 ['21' '171.85584757599932' 'present']
 ['20' '186.0137035676216' 'present']
 ['19' '188.06852780553447' 'present']
 ['2' '194.22664918760995' 'present']
 ['11' '195.15271042198574' 'present']
 ['11' '199.40930227485651' 'marauded']
 ['16' '202.47629921064961' 'presentdestroyed']
 ['15' '217.91178844189145' 'present']
 ['0' '219.19371151561407' 'present']
 ['12' '230.4092804686634' 'present']
 ['23' '247.2844336174674' 'present']
 ['13' '249.30731284552667' 'present']
 ['21' '271.54025877759597' 'present']
 ['5' '272.4788482298223' 'marauded']
 ['6' '316.0114767890722' 'marauded']
 ['0' '320.1247745643153' 'presentdestroyed']
 ['11' '321.79667925652154' 'presentdestroyed']
 ['19' '326.86121269041075' 'present']
 ['4' '330.0860081897069' 'present']
 ['19' '339.2402372870008' 'present']
 ['16' '343.91819760910585' 'present']]","[['F215' '50.726564484720505' 'mated']
 ['F65' '52.46884230164852' 'absent']
 ['F92' '77.68449397804376' 'mated']
 ['F71' '79.15067405739379' 'destroyed']
 ['F197' '86.367059727318' 'destroyed']
 ['F200' '94.42988795536482' 'absent']
 ['F64' '100.75158424796702' 'mated']
 ['F119' '128.263951292072' 'mated']
 ['F80' '131.07170195194257' 'absent']
 ['F45' '142.72117427254523' 'mated']
 ['F88' '144.0279823334473' 'mated']
 ['F178' '144.43051700269942' 'absent']
 ['F2' '149.64599398985138' 'mated']
 ['F96' '166.22694939999278' 'absent']
 ['F36' '171.16247325834723' 'absent']
 ['F29' '179.04517975489264' 'mated']
 ['F180' '204.02207508930178' 'destroyed']
 ['F198' '217.76759439345906' 'absent']
 ['F19' '217.88744960801955' 'mated']
 ['F48' '260.01570970070463' 'mated']
 ['F207' '356.65009456366414' 'mated']]",200.0,200.0,574.0,71.80049135591294,14.894553837590205,1457.0,243.67809601443395,51.7623612150234,259.0,42.83589944461943,9.414543014973658,12.0,1.2,0.12000000000000005,71.0,0.6101288253193239,0.006044238683127579
11,0.054,8,359.9306152945538,"[['12' '14.46840434297378' 'present']
 ['9' '20.718030994945305' 'present']
 ['17' '29.276604619998512' 'marauded']
 ['19' '42.601253938133766' 'present']
 ['2' '49.054251985390714' 'present']
 ['4' '67.28379326042231' 'present']
 ['6' '100.32089549766138' 'present']
 ['19' '103.76524357094911' 'present']
 ['6' '105.4104489349652' 'present']
 ['9' '107.90758504346786' 'present']
 ['10' '109.21966698617712' 'present']
 ['19' '112.32524420839927' 'marauded']
 ['9' '113.72121918320875' 'destroyed']
 ['19' '114.59677043288279' 'presentdestroyed']
 ['20' '114.80552220060073' 'destroyed']
 ['9' '116.54271960193373' 'presentdestroyed']
 ['10' '145.38257938899014' 'present']
 ['22' '150.2493502916055' 'marauded']
 ['20' '155.01087451633916' 'presentdestroyed']
 ['2' '156.82096297520357' 'presentdestroyed']
 ['5' '159.6701083389006' 'present']
 ['2' '172.61315168062197' 'present']
 ['2' '174.88957003192456' 'present']
 ['13' '183.26350730276005' 'present']
 ['10' '195.842475734376' 'present']
 ['8' '198.84839863106623' 'present']
 ['5' '199.18398571012014' 'present']
 ['19' '207.22956423417236' 'present']
 ['20' '208.34622555763528' 'present']
 ['2' '211.14787118365717' 'marauded']
 ['10' '214.20947258713255' 'presentdestroyed']
 ['23' '215.53264147815148' 'presentdestroyed']
 ['4' '217.8388253670653' 'destroyed']
 ['20' '222.19653627432965' 'present']
 ['0' '228.02213347529036' 'present']
 ['6' '240.34704433975256' 'present']
 ['4' '245.87134067951249' 'present']
 ['20' '255.35652764111143' 'present']
 ['19' '260.29317570682485' 'present']
 ['12' '266.1960113861381' 'marauded']
 ['0' '273.6661336454287' 'present']
 ['15' '278.20809217159024' 'present']
 ['16' '281.61882463678677' 'present']
 ['23' '284.3478008612859' 'present']
 ['10' '285.07766383285707' 'marauded']
 ['12' '286.52050626524516' 'presentdestroyed']
 ['10' '287.7129756019723' 'presentdestroyed']
 ['22' '293.8699565031331' 'present']
 ['6' '298.6551908215542' 'present']
 ['21' '302.8759100477251' 'marauded']
 ['16' '312.3519302256382' 'present']
 ['18' '312.6741014976048' 'present']
 ['13' '332.78177673473215' 'present']
 ['23' '333.2510998327757' 'present']
 ['9' '335.6568574255451' 'present']
 ['21' '351.63927486265214' 'present']]","[['F136' '62.70202054417498' 'mated']
 ['F11' '103.61479694163941' 'mated']
 ['F46' '143.73383317710667' 'mated']
 ['F206' '145.02102077022633' 'mated']
 ['F191' '171.6187422754771' 'mated']
 ['F144' '177.81629752642905' 'mated']
 ['F198' '217.76527957864425' 'absentdestroyed']
 ['F20' '232.03297544300543' 'mated']
 ['F15' '240.17445341813496' 'mated']]",200.0,300.0,564.0,67.83917973682131,13.130866903755775,1452.0,246.78016830967405,53.344456084647305,261.0,42.713562289068186,9.072200486810289,20.0,2.0000000000000004,0.20000000000000012,99.0,0.8503024331222307,0.008230452674897127
12,0.054,7,360.86116617201503,"[['6' '5.255707069205982' 'present']
 ['23' '13.211618017264732' 'present']
 ['19' '27.409542274041293' 'marauded']
 ['23' '32.509468807980475' 'presentdestroyed']
 ['22' '39.45197170582523' 'present']
 ['16' '45.89971825429575' 'present']
 ['9' '52.068458992593875' 'present']
 ['19' '55.200762428253796' 'present']
 ['0' '68.95098314252947' 'present']
 ['21' '69.05301490813562' 'present']
 ['0' '73.24248808388542' 'present']
 ['20' '81.27865807020417' 'marauded']
 ['23' '83.05888059756843' 'presentdestroyed']
 ['8' '90.4132657693222' 'present']
 ['4' '91.1328944817219' 'present']
 ['16' '91.34783849620128' 'marauded']
 ['13' '94.18863263234289' 'presentdestroyed']
 ['22' '104.98104455393735' 'present']
 ['4' '113.00514345438904' 'present']
 ['6' '113.35692640347399' 'present']
 ['18' '116.97108043623886' 'present']
 ['21' '124.58064507469476' 'marauded']
 ['11' '127.22094475955542' 'presentdestroyed']
 ['13' '130.42900732923448' 'presentdestroyed']
 ['4' '139.50414608194916' 'present']
 ['13' '140.8755223196101' 'marauded']
 ['10' '142.13762297586194' 'presentdestroyed']
 ['19' '156.8168400929848' 'present']
 ['20' '159.5848486675456' 'present']
 ['17' '160.54523277640914' 'present']
 ['19' '166.07559421981966' 'present']
 ['19' '185.25976318074316' 'present']
 ['15' '188.1636050943025' 'present']
 ['11' '194.27287998613446' 'present']
 ['8' '197.08424486453842' 'marauded']
 ['13' '201.2624616311283' 'presentdestroyed']
 ['16' '202.99378031122185' 'destroyed']
 ['23' '206.04843543371302' 'marauded']
 ['9' '211.8148500200541' 'presentdestroyed']
 ['23' '220.91416299767025' 'present']
 ['19' '228.2734058823419' 'present']
 ['9' '230.6507259685921' 'present']
 ['23' '233.60349842658832' 'present']
 ['6' '240.6909750804436' 'marauded']
 ['19' '245.43691140440532' 'presentdestroyed']
 ['13' '245.9428462839335' 'presentdestroyed']
 ['18' '249.20439586569378' 'present']
 ['4' '251.34463659309085' 'present']
 ['23' '252.24474429425598' 'marauded']
 ['21' '277.1836768310603' 'present']
 ['6' '289.7418165161817' 'present']
 ['20' '290.55412697787807' 'present']
 ['10' '291.01418879949483' 'present']
 ['13' '291.6460068020109' 'marauded']
 ['17' '295.2237117697506' 'presentdestroyed']
 ['9' '308.2640163067762' 'marauded']
 ['23' '316.9344412363282' 'marauded']
 ['15' '325.21817115246716' 'present']
 ['15' '325.64133819393913' 'marauded']
 ['22' '328.5486565545829' 'presentdestroyed']
 ['23' '329.8288860491399' 'presentdestroyed']
 ['0' '330.85516695420114' 'destroyed']
 ['19' '331.85399825798885' 'presentdestroyed']
 ['20' '350.6906676461867' 'marauded']]","[['F125' '37.42823078866915' 'mated']
 ['F202' '57.014932189370015' 'mated']
 ['F7' '94.7788658683334' 'destroyed']
 ['F182' '103.74704889986299' 'mated']
 ['F152' '116.61837192991044' 'absent']
 ['F186' '139.51495264356342' 'mated']
 ['F106' '147.37649088383174' 'destroyed']
 ['F150' '183.10347602523777' 'mated']
 ['F134' '198.80955807045325' 'destroyed']
 ['F54' '226.7324065625359' 'mated']
 ['F48' '260.0105336174234' '']
 ['F128' '279.1742780293762' 'mated']
 ['F8' '295.30311551730847' 'destroyed']
 ['F194' '310.68209002703645' 'destroyed']]",300.0,0.0,566.0,74.230694317905,16.119044480184666,1155.0,198.53234948615395,43.72640322491504,486.0,85.18088603465796,19.179508930379892,16.0,1.6000000000000003,0.1600000000000001,72.0,0.6045126255955504,0.0058513374485596745
13,0.054,10,360.511569812261,"[['15' '1.5432365053752832' 'present']
 ['9' '4.632084608441881' 'present']
 ['18' '6.488214880514231' 'present']
 ['17' '8.35017615597352' 'present']
 ['17' '15.777175550233062' 'marauded']
 ['23' '18.340747566766375' 'destroyed']
 ['2' '19.098172216273802' 'presentdestroyed']
 ['22' '25.72995706467292' 'present']
 ['11' '38.94298016274352' 'present']
 ['12' '41.960864705039796' 'present']
 ['4' '41.99178253478783' 'present']
 ['21' '42.3770224002875' 'present']
 ['22' '42.49466084159018' 'marauded']
 ['19' '42.61105965104464' 'presentdestroyed']
 ['12' '43.57738932313588' 'presentdestroyed']
 ['2' '48.30174620918334' 'presentdestroyed']
 ['5' '53.64584204775284' 'present']
 ['23' '53.87045571820302' 'present']
 ['11' '56.960413675738614' 'present']
 ['11' '61.42384417411595' 'present']
 ['8' '63.545099475597446' 'present']
 ['19' '64.04254714867648' 'present']
 ['18' '64.46862701879724' 'marauded']
 ['10' '67.89016889925966' 'presentdestroyed']
 ['18' '69.19336832958189' 'presentdestroyed']
 ['0' '75.54039294524966' 'marauded']
 ['5' '78.61679553883616' 'presentdestroyed']
 ['21' '87.93586321453641' 'present']
 ['20' '90.7533735108259' 'present']
 ['0' '92.09267542468939' 'present']
 ['6' '100.21244577187464' 'marauded']
 ['6' '102.6817718673099' 'presentdestroyed']
 ['0' '111.95235463557069' 'present']
 ['20' '117.89243185993934' 'present']
 ['12' '121.45328928714528' 'present']
 ['4' '127.565411168811' 'present']
 ['16' '141.12450333657452' 'present']
 ['18' '147.3825608448788' 'present']
 ['8' '149.58283524708514' 'present']
 ['9' '149.7851872378166' 'present']
 ['4' '154.57246354205586' 'present']
 ['12' '154.5853081472684' 'present']
 ['4' '156.43884213603707' 'present']
 ['22' '159.39798977834562' 'present']
 ['17' '160.55082123372944' 'present']
 ['12' '164.63445793054075' 'marauded']
 ['22' '171.83624980278307' 'presentdestroyed']
 ['12' '184.10561821922687' 'marauded']
 ['18' '186.20199638775478' 'presentdestroyed']
 ['0' '188.9511525891638' 'presentdestroyed']
 ['11' '190.9679196842921' 'presentdestroyed']
 ['22' '205.89696070454883' 'marauded']
 ['23' '209.1829066534389' 'presentdestroyed']
 ['15' '209.46491358663405' 'presentdestroyed']
 ['11' '211.14718630773922' 'presentdestroyed']
 ['19' '211.47081252501408' 'presentdestroyed']
 ['11' '218.90498672953797' 'marauded']
 ['22' '218.91185269279785' 'destroyed']
 ['19' '224.1165890551373' 'destroyed']
 ['8' '230.37736232029877' 'present']
 ['10' '233.75651089242575' 'present']
 ['10' '236.16574540157274' 'present']
 ['9' '258.85605184281377' 'present']
 ['10' '259.91386877050627' 'present']
 ['21' '261.7668679710702' 'present']
 ['10' '263.2269838605405' 'present']
 ['8' '267.76430769547136' 'marauded']
 ['2' '272.9362626489614' 'presentdestroyed']
 ['19' '281.79947086156744' 'present']
 ['8' '283.3515281577085' 'present']
 ['21' '286.3072271412303' 'present']
 ['6' '291.03781602019455' 'present']
 ['16' '294.6750936205303' 'present']
 ['8' '301.51135375694685' 'marauded']
 ['4' '311.41213036702027' 'present']
 ['11' '315.0872864053027' 'present']
 ['23' '330.538189290784' 'present']
 ['6' '351.4235947801254' 'present']
 ['11' '352.1826784005611' 'present']
 ['8' '353.5967783104665' 'marauded']]","[['F161' '5.450137001131858' 'mated']
 ['F130' '28.983278567179756' 'mated']
 ['F14' '44.810553589502064' 'absentdestroyed']
 ['F197' '86.37033336982348' 'mated']
 ['F35' '95.98571970061839' 'mated']
 ['F151' '118.37870875531918' 'absent']
 ['F119' '128.2606776495665' 'absent']
 ['F172' '169.64546945120307' 'destroyed']
 ['F95' '172.38202821138725' '']
 ['F68' '180.70689849176802' 'mated']
 ['F85' '188.51682468699244' 'absentdestroyed']
 ['F121' '197.11846763611618' 'absent']
 ['F138' '199.43379401463037' 'mated']
 ['F82' '215.70062807910375' 'mated']
 ['F50' '231.98896247550286' 'mated']
 ['F60' '239.4057211537454' 'mated']
 ['F70' '290.75732930431633' 'mated']
 ['F94' '342.7320685176339' 'absent']]",300.0,100.0,563.0,70.81366969648087,15.277718310418502,1250.0,215.21354644220222,46.265058638052366,424.0,72.7068912427787,15.978120161207842,10.0,0.9999999999999999,0.10000000000000003,64.0,0.5345302482681824,0.00516546639231825
14,0.0,12,360.2843209992882,"[['6' '0.004629629629629629' 'present']
 ['23' '8.838578392606678' 'present']
 ['12' '17.75324551007827' 'present']
 ['8' '29.862457464431735' 'present']
 ['16' '37.49954521200308' 'marauded']
 ['12' '40.43516371706024' 'presentdestroyed']
 ['18' '50.175322090673795' 'present']
 ['13' '50.90137419571165' 'present']
 ['2' '51.18621614504772' 'present']
 ['9' '55.02845077944616' 'present']
 ['8' '61.007154869402775' 'present']
 ['8' '61.62676849227686' 'marauded']
 ['20' '62.051040089065665' 'presentdestroyed']
 ['10' '69.41427440797256' 'present']
 ['0' '73.06340423839947' 'present']
 ['12' '74.16434456149688' 'marauded']
 ['13' '74.79090520034595' 'destroyed']
 ['20' '78.69869176917963' 'presentdestroyed']
 ['0' '83.8033171001853' 'present']
 ['19' '87.9750015273263' 'present']
 ['2' '118.36181614957236' 'present']
 ['13' '124.5323858325349' 'present']
 ['22' '138.95839966799093' 'present']
 ['23' '143.18309821506952' 'present']
 ['22' '145.5062231886052' 'present']
 ['5' '146.41656319145633' 'present']
 ['17' '146.9737243308962' 'marauded']
 ['21' '157.50615506374325' 'present']
 ['9' '168.44036312188385' 'present']
 ['13' '174.59614729229637' 'present']
 ['12' '175.20438941064305' 'present']
 ['13' '179.82964408236592' 'present']
 ['11' '190.1411604041473' 'present']
 ['23' '203.53176073001268' 'present']
 ['23' '207.51311205658803' 'marauded']
 ['5' '215.9620104300957' 'present']
 ['22' '221.37551317846678' 'present']
 ['11' '228.39895747076565' 'present']
 ['15' '229.84084116321242' 'marauded']
 ['11' '236.36800182934914' 'presentdestroyed']
 ['18' '238.52116592217817' 'present']
 ['10' '242.58838259989287' 'present']
 ['23' '245.1371272048874' 'present']
 ['21' '248.30978154901948' 'present']
 ['9' '249.15647589255028' 'present']
 ['19' '252.34065128989627' 'present']
 ['19' '260.0830121931817' 'present']
 ['11' '260.46224094886486' 'marauded']
 ['13' '266.87710644414284' 'presentdestroyed']
 ['19' '267.3135379917285' 'destroyed']
 ['2' '267.46015113558593' 'presentdestroyed']
 ['6' '271.20451480941995' 'present']
 ['12' '280.99618901987566' 'present']
 ['21' '281.5374005599618' 'present']
 ['19' '285.66614374433277' 'present']
 ['13' '290.9782998782665' 'present']
 ['13' '293.3859117608687' 'marauded']
 ['2' '293.9965644106167' 'presentdestroyed']
 ['21' '296.2279350371021' 'destroyed']
 ['8' '303.29390182922435' 'present']
 ['8' '313.437326138743' 'present']
 ['5' '322.45698116531736' 'present']
 ['22' '326.1029321183931' 'present']
 ['2' '332.3525646710572' 'marauded']
 ['15' '336.50042972874076' 'destroyed']
 ['9' '337.67687436937905' 'presentdestroyed']
 ['10' '344.6161581789099' 'present']
 ['22' '348.38758953266455' 'present']
 ['11' '350.08691396572965' 'present']
 ['22' '352.48576503295095' 'marauded']
 ['9' '358.2114192155561' 'presentdestroyed']]","[['F192' '36.376978732683035' 'mated']
 ['F14' '44.81286840431688' 'destroyed']
 ['F147' '60.44916684520367' 'mated']
 ['F149' '62.123813922143604' 'destroyed']
 ['F23' '93.9124377799775' 'mated']
 ['F35' '95.98340488580358' 'absent']
 ['F49' '122.31889995684456' 'mated']
 ['F118' '126.05147663213587' 'mated']
 ['F115' '137.76293368807944' 'mated']
 ['F178' '144.44495234523993' 'mated']
 ['F153' '156.71572018710168' 'mated']
 ['F93' '181.53902604559414' 'absent']
 ['F52' '192.04556534976032' 'mated']
 ['F102' '236.69874293100463' 'destroyed']
 ['F24' '273.16242545807125' 'mated']
 ['F83' '279.3455641923425' 'mated']
 ['F140' '311.6115567100152' 'absent']
 ['F142' '327.88759524918436' 'mated']]",300.0,200.0,567.0,71.85013622887516,14.74501374197623,1354.0,227.53448665913876,49.148023039268224,368.0,60.77002861539981,12.599898455290441,0.0,0.0,0.0,0.0,0.0,0.0
15,0.054,9,360.2938235697659,"[['8' '3.6872101240743884' 'present']
 ['20' '5.01555348836257' 'marauded']
 ['23' '6.893230663768646' 'presentdestroyed']
 ['8' '8.90663899402865' 'presentdestroyed']
 ['17' '12.157585505051962' 'presentdestroyed']
 ['22' '12.20471682743556' 'present']
 ['2' '18.061673837355603' 'present']
 ['2' '22.198511291539564' 'present']
 ['16' '28.516285441323635' 'marauded']
 ['17' '31.79161146994235' 'presentdestroyed']
 ['6' '34.551045671827474' 'destroyed']
 ['21' '36.897943807663026' 'marauded']
 ['18' '44.88825933908328' 'present']
 ['5' '45.02529381300046' 'present']
 ['10' '53.88808150832647' 'present']
 ['11' '53.96148053764904' 'present']
 ['8' '54.76208212258267' 'present']
 ['13' '58.4069210272596' 'present']
 ['5' '65.87275213049368' 'present']
 ['5' '65.88584670051564' 'present']
 ['4' '72.6849617399713' 'marauded']
 ['22' '76.94313246639747' 'presentdestroyed']
 ['0' '83.87239488540881' 'present']
 ['23' '86.6857836828558' 'present']
 ['11' '94.83780166243992' 'present']
 ['4' '106.76144346947098' 'present']
 ['2' '113.90515739888727' 'present']
 ['20' '117.608476406871' 'present']
 ['11' '124.88898279982169' 'present']
 ['6' '128.91602504441732' 'marauded']
 ['6' '132.34892457771494' 'presentdestroyed']
 ['6' '140.42246779860835' 'present']
 ['17' '141.62558573257488' 'marauded']
 ['16' '147.89587823921661' 'presentdestroyed']
 ['17' '148.74171583804167' 'presentdestroyed']
 ['11' '149.02968676351037' 'presentdestroyed']
 ['17' '149.52473211844304' 'presentdestroyed']
 ['11' '149.95957933408283' 'present']
 ['16' '150.23867889042324' 'present']
 ['22' '151.52349294346925' 'marauded']
 ['6' '158.900185865378' 'destroyed']
 ['9' '159.9508119084547' 'present']
 ['11' '169.02279689600704' 'present']
 ['13' '172.5171888175302' 'marauded']
 ['8' '173.1398799651911' 'presentdestroyed']
 ['2' '174.90206620238212' 'presentdestroyed']
 ['19' '178.46491626070545' 'destroyed']
 ['4' '186.87617458054314' 'present']
 ['4' '193.2891315590692' 'present']
 ['23' '199.48728322514012' 'marauded']
 ['10' '207.50195123065558' 'present']
 ['10' '216.45237779178572' 'present']
 ['9' '225.17767748144573' 'present']
 ['10' '228.07219341430067' 'present']
 ['17' '231.50309112825397' 'present']
 ['23' '231.70048586710112' 'present']
 ['5' '239.40708371831766' 'present']
 ['16' '241.02134272929632' 'marauded']
 ['10' '242.18704522979897' 'presentdestroyed']
 ['10' '243.73509851483138' 'presentdestroyed']
 ['0' '252.2534421650051' 'present']
 ['19' '260.2862312623804' 'present']
 ['0' '266.02218245500643' 'present']
 ['12' '272.17659128370633' 'present']
 ['19' '273.9643145791825' 'present']
 ['4' '274.9346444922694' 'present']
 ['2' '278.2519834872514' 'marauded']
 ['16' '295.39365149369985' 'present']
 ['18' '296.5783004765983' 'present']
 ['23' '302.83633491635885' 'present']
 ['17' '304.7042581123468' 'present']
 ['11' '330.50447642886894' 'present']
 ['19' '331.1203028783162' 'present']
 ['12' '333.77937014643607' 'present']
 ['10' '341.69559825970344' 'present']
 ['21' '343.7435233673306' 'present']
 ['20' '344.66574935698867' 'present']]","[['F149' '62.12612873695842' 'absent']
 ['F92' '77.67196107627902' 'absentdestroyed']
 ['F92' '77.68122033553827' 'absentdestroyed']
 ['F185' '115.16045246654087' 'mated']
 ['F80' '131.06842830943708' 'destroyed']
 ['F99' '142.034088039553' 'absentdestroyed']
 ['F177' '154.7678666700837' 'absentdestroyed']
 ['F30' '160.89646512567253' 'mated']
 ['F96' '166.23022304249827' 'absent']
 ['F39' '168.5827213206382' 'mated']
 ['F100' '178.86431940147273' 'absentdestroyed']
 ['F160' '196.95882380534826' 'mated']
 ['F174' '197.91562707536895' 'mated']
 ['F213' '205.92039549388883' 'absentdestroyed']
 ['F55' '207.696002181766' 'mated']
 ['F187' '247.37994765594672' 'destroyed']
 ['F195' '255.44227998757626' 'mated']
 ['F109' '328.8050439611292' 'mated']
 ['F94' '342.7366981472635' 'mated']]",300.0,300.0,585.0,72.4893401352851,15.297307171127457,1267.0,219.1718024658572,47.41880480624954,405.0,66.84302620072684,13.986650619912671,11.0,1.0999999999999999,0.11000000000000004,59.0,0.5850716033395709,0.006580075445816187
16,0.054,11,360.38219248793024,"[['0' '1.4933898062958888' 'present']
 ['11' '9.450411032680924' 'marauded']
 ['12' '10.454340358048169' 'destroyed']
 ['11' '14.194228538024669' 'presentdestroyed']
 ['19' '16.888212762322826' 'presentdestroyed']
 ['10' '17.110869591449294' 'presentdestroyed']
 ['12' '23.87862792933139' 'present']
 ['11' '28.811097866010478' 'marauded']
 ['4' '33.11738538655136' 'presentdestroyed']
 ['18' '35.70207578756071' 'destroyed']
 ['5' '35.97671208775085' 'presentdestroyed']
 ['9' '41.40269237921864' 'present']
 ['2' '49.042528617098476' 'present']
 ['4' '52.26657132179207' 'present']
 ['13' '55.53301382915961' 'present']
 ['9' '65.39728358999142' 'present']
 ['8' '75.22289485553941' 'marauded']
 ['18' '76.10131375509788' 'presentdestroyed']
 ['5' '78.34164629158771' 'presentdestroyed']
 ['4' '93.88315864607952' 'marauded']
 ['0' '98.06834772269387' 'presentdestroyed']
 ['2' '98.38416190935683' 'presentdestroyed']
 ['23' '105.16540740839726' 'present']
 ['5' '107.54367889714962' 'present']
 ['5' '109.64074343218644' 'present']
 ['5' '113.77866448388446' 'present']
 ['15' '114.30999812346208' 'present']
 ['15' '114.31654540847306' 'present']
 ['10' '128.07258663723968' 'marauded']
 ['19' '130.0950646338862' 'presentdestroyed']
 ['18' '130.8062715482194' 'presentdestroyed']
 ['5' '137.1549710092507' 'present']
 ['17' '144.1308790549333' 'present']
 ['12' '150.72688470222403' 'marauded']
 ['23' '150.848605201007' 'presentdestroyed']
 ['9' '155.2499829518006' 'presentdestroyed']
 ['20' '156.09754766603368' 'presentdestroyed']
 ['5' '162.85944898352267' 'present']
 ['19' '175.83907771610754' 'present']
 ['9' '184.37395724995537' 'present']
 ['15' '186.71385486325372' 'present']
 ['15' '193.00154626108005' 'marauded']
 ['9' '202.34130780759043' 'present']
 ['21' '203.02928209657196' 'present']
 ['19' '224.74873366406825' 'present']
 ['22' '225.03185280554874' 'present']
 ['11' '225.38492089102627' 'present']
 ['23' '230.84185077695096' 'marauded']
 ['20' '234.36069933586862' 'presentdestroyed']
 ['2' '234.58285427009795' 'presentdestroyed']
 ['17' '235.61695366873346' 'presentdestroyed']
 ['4' '237.45221047543143' 'presentdestroyed']
 ['19' '265.1270797489194' 'present']
 ['19' '271.87646517288715' 'present']
 ['2' '273.4823081117809' 'present']
 ['19' '274.27938849331053' 'present']
 ['11' '274.336547512325' 'present']
 ['0' '275.7843674694518' 'present']
 ['11' '275.9511386351778' 'present']
 ['9' '285.17988681963624' 'marauded']
 ['18' '285.53427127155356' 'presentdestroyed']
 ['18' '288.990341069608' 'destroyed']
 ['19' '290.55895189480816' 'presentdestroyed']
 ['0' '298.12291328799625' 'present']
 ['12' '299.14230935428026' 'present']
 ['0' '301.7455702624401' 'present']
 ['17' '304.6967672142507' 'present']
 ['18' '304.9957209701715' 'present']
 ['22' '307.2246370530076' 'present']
 ['9' '312.26527071113384' 'present']
 ['11' '316.12810603055937' 'present']
 ['18' '317.6117526712617' 'marauded']
 ['23' '323.1660097908974' 'presentdestroyed']
 ['4' '331.72136092196916' 'marauded']
 ['21' '346.2231262634712' 'present']
 ['13' '350.4455544081462' 'present']]","[['F161' '5.446863358626365' 'absent']
 ['F26' '44.87523335593574' 'mated']
 ['F65' '52.478101560907774' 'mated']
 ['F205' '98.30143867324915' 'destroyed']
 ['F44' '120.08111518634416' 'mated']
 ['F189' '125.2165221678822' 'mated']
 ['F59' '128.7301443151958' 'absentdestroyed']
 ['F106' '147.3695464393873' 'absent']
 ['F141' '166.5053763025696' 'mated']
 ['F3' '182.73310082821934' 'mated']
 ['F85' '200.53086287009947' 'mated']
 ['F213' '205.92366913639432' 'mated']
 ['F155' '216.38288141260966' 'mated']
 ['F187' '247.3832212984522' 'mated']
 ['F129' '249.6768213042384' 'mated']
 ['F142' '327.8824191659031' 'absent']]",400.0,0.0,578.0,70.42469593573675,13.53976265236886,1306.0,220.5151591801271,47.4489447723252,418.0,67.47541471934667,14.063022586556885,11.0,1.0999999999999999,0.11000000000000004,65.0,0.5743816213345231,0.005894204389574765
17,0.054,8,359.8282890173537,"[['0' '13.640923175937195' 'present']
 ['21' '19.06208970611434' 'present']
 ['4' '21.244359498606524' 'present']
 ['11' '29.081074710936036' 'present']
 ['18' '33.68654179925676' 'present']
 ['22' '37.23423812745371' 'present']
 ['5' '38.38569989921306' 'present']
 ['20' '38.5307138676924' 'present']
 ['20' '42.883577229909044' 'marauded']
 ['2' '46.324652548560834' 'presentdestroyed']
 ['9' '55.049448621603254' 'present']
 ['16' '63.86415232048024' 'present']
 ['8' '66.59564043470537' 'present']
 ['16' '70.8082470033025' 'present']
 ['19' '72.33078462147652' 'present']
 ['8' '92.27965981359336' 'marauded']
 ['5' '99.10307010295465' 'destroyed']
 ['9' '107.24640347065636' 'present']
 ['11' '110.59130022488489' 'present']
 ['21' '118.31127312022564' 'marauded']
 ['0' '133.21011737800129' 'present']
 ['11' '136.22048588488738' 'present']
 ['16' '140.51542703275987' 'present']
 ['11' '149.85071723425705' 'marauded']
 ['20' '150.7283360909793' 'presentdestroyed']
 ['18' '153.31981031692047' 'presentdestroyed']
 ['13' '156.69460673799207' 'presentdestroyed']
 ['18' '173.4491955338569' 'marauded']
 ['12' '179.07929684034409' 'presentdestroyed']
 ['4' '179.18103864179986' 'presentdestroyed']
 ['0' '185.10956847416043' 'present']
 ['0' '189.05563445566852' 'present']
 ['19' '199.61125494376586' 'present']
 ['11' '204.7635326012611' 'present']
 ['5' '209.11628764419126' 'present']
 ['20' '210.38046261220214' 'present']
 ['10' '213.16517642751046' 'marauded']
 ['18' '225.38988603274922' 'present']
 ['5' '235.80081389797516' 'present']
 ['12' '237.65348181137884' 'present']
 ['21' '242.49426483984954' 'present']
 ['10' '243.9053780217626' 'marauded']
 ['20' '250.85539137733204' 'presentdestroyed']
 ['12' '273.5703995597917' 'present']
 ['6' '274.94984929351153' 'present']
 ['23' '276.72334139267906' 'marauded']
 ['13' '280.12621689160414' 'destroyed']
 ['19' '282.7419966031101' 'presentdestroyed']
 ['0' '287.2218796311187' 'present']
 ['9' '310.2853711740982' 'marauded']
 ['0' '318.33512132371766' 'present']
 ['4' '328.81347193400114' 'present']
 ['20' '329.6157455324622' 'present']
 ['20' '329.98360617044347' 'present']
 ['12' '343.21934001568496' 'present']
 ['22' '346.14554698055804' 'present']
 ['21' '347.40293602569943' 'present']
 ['18' '347.7162293223784' 'present']
 ['6' '352.044591188005' 'marauded']]","[['F193' '69.4256790205805' 'mated']
 ['F114' '105.78945321171064' 'mated']
 ['F90' '109.94853556611591' 'mated']
 ['F190' '111.38361129531572' 'mated']
 ['F1' '150.08839007043548' 'destroyed']
 ['F177' '154.77304275336493' 'destroyed']
 ['F39' '168.57754523735696' 'absent']
 ['F3' '182.73078601340453' 'absent']
 ['F6' '202.805412383814' 'mated']
 ['F108' '208.42589020712677' 'mated']
 ['F102' '236.70201657351012' 'mated']
 ['F129' '249.6712328469181' 'destroyed']
 ['F61' '274.608318115215' 'mated']
 ['F10' '279.3020290589472' 'destroyed']
 ['F194' '310.68536366954197' 'destroyed']]",400.0,100.0,575.0,73.47265562909512,15.360342838798116,1303.0,224.2256649673473,48.92842693408732,380.0,61.0605572791414,12.58962679122639,7.0,0.7,0.07,62.0,0.5542262108517421,0.005486968449931417
18,0.054,7,359.8925299087069,"[['19' '1.3965136828644706' 'present']
 ['21' '1.5970076119285057' 'present']
 ['12' '14.476854068760522' 'present']
 ['19' '14.88240899616172' 'marauded']
 ['9' '22.500984387446206' 'destroyed']
 ['8' '30.923375837683363' 'present']
 ['8' '38.24516981592093' 'present']
 ['19' '44.205627017582884' 'present']
 ['5' '53.986050132802355' 'present']
 ['21' '55.00736996767346' 'marauded']
 ['5' '65.3597639129279' 'present']
 ['9' '69.11941035996684' 'present']
 ['4' '72.02819817355686' 'present']
 ['12' '73.83469525398036' 'present']
 ['8' '77.9684405450966' 'present']
 ['9' '78.6259559728488' 'present']
 ['4' '88.53671389420764' 'present']
 ['13' '92.60864095733876' 'present']
 ['20' '94.60944769839796' 'present']
 ['0' '98.29595344080136' 'marauded']
 ['5' '110.27312067981943' 'present']
 ['19' '111.72428707798609' 'present']
 ['23' '129.9944879222231' 'present']
 ['6' '133.93475357323337' 'present']
 ['22' '152.32764718098787' 'present']
 ['22' '155.61752609897826' 'present']
 ['21' '157.8961698263883' 'present']
 ['10' '159.56926438045147' 'marauded']
 ['5' '161.3497967669578' 'presentdestroyed']
 ['11' '162.32876962039168' 'presentdestroyed']
 ['17' '181.38883815153773' 'present']
 ['23' '197.13506503478285' 'present']
 ['0' '197.9490223432729' 'present']
 ['17' '201.49766749742918' 'present']
 ['23' '210.82687718762145' 'present']
 ['6' '215.62523343689165' 'marauded']
 ['11' '222.99223008229617' 'presentdestroyed']
 ['0' '223.47594888594668' 'present']
 ['15' '232.5175546646024' 'present']
 ['13' '245.9484347412538' 'present']
 ['11' '252.58789144012025' 'present']
 ['9' '252.99508316934248' 'present']
 ['20' '255.44843728400207' 'present']
 ['22' '255.67165324164486' 'present']
 ['23' '263.7742527785202' 'marauded']
 ['17' '267.7397174605638' 'presentdestroyed']
 ['21' '272.38206623398946' 'present']
 ['0' '274.36510694949203' 'marauded']
 ['21' '275.1255474889889' 'presentdestroyed']
 ['11' '275.3485963082154' 'presentdestroyed']
 ['19' '281.0649846875816' 'presentdestroyed']
 ['22' '288.70260083343305' 'present']
 ['11' '293.33268955767613' 'present']
 ['8' '300.856234637372' 'present']
 ['11' '322.53469360541004' 'present']
 ['2' '329.23112764225453' 'marauded']
 ['21' '332.57416984520466' 'presentdestroyed']
 ['0' '339.57404423031363' 'present']
 ['6' '341.3750398214333' 'present']
 ['9' '358.35066495790574' 'present']]","[['F158' '49.73226563396518' 'mated']
 ['F202' '57.009756106088766' 'destroyed']
 ['F179' '72.50822246981694' 'mated']
 ['F71' '79.1618509720344' 'mated']
 ['F183' '175.79745747812098' 'absent']
 ['F171' '179.47355646124197' 'absent']
 ['F201' '184.16309680885422' 'mated']
 ['F184' '186.08993371332465' 'mated']
 ['F57' '192.3806937325248' 'mated']
 ['F63' '200.7339718911586' 'absent']
 ['F135' '240.6360769093401' 'mated']
 ['F9' '274.8013454397053' 'destroyed']]",400.0,200.0,562.0,73.46249765921145,15.950169161364693,1399.0,236.56770253183416,50.88883990787773,285.0,48.71221543385019,10.252618802007527,7.0,0.7,0.07,67.0,0.5730096969040052,0.005637002743484228
19,0.054,7,360.4667422727551,"[['11' '6.257719891290825' 'marauded']
 ['10' '11.62894313613474' 'presentdestroyed']
 ['10' '34.458192514652936' 'present']
 ['10' '40.14458523564568' 'present']
 ['21' '45.872236924816455' 'marauded']
 ['21' '50.34111460642492' 'presentdestroyed']
 ['10' '53.87963178253973' 'present']
 ['8' '57.08021846090371' 'present']
 ['0' '61.434707248654796' 'present']
 ['11' '68.83900665826306' 'present']
 ['0' '74.11736638255312' 'marauded']
 ['17' '87.6841901934733' 'present']
 ['10' '93.69148312375751' 'present']
 ['18' '94.28999905350378' 'present']
 ['12' '100.90600960384188' 'present']
 ['21' '102.67724030166735' 'present']
 ['16' '103.11213210631654' 'present']
 ['23' '106.6161310716056' 'present']
 ['16' '118.12275959152741' 'present']
 ['15' '121.33924636400297' 'marauded']
 ['23' '129.0773965114799' 'present']
 ['11' '136.20930897024678' 'present']
 ['4' '137.7238489209866' 'present']
 ['17' '138.51507429104547' 'present']
 ['13' '141.37673653163642' 'present']
 ['23' '143.45440885934727' 'present']
 ['0' '153.89459873389464' 'present']
 ['23' '157.60156299746464' 'marauded']
 ['16' '162.02274594476214' 'presentdestroyed']
 ['12' '166.1818898075882' 'marauded']
 ['2' '168.8290296669588' 'presentdestroyed']
 ['16' '174.1636828587747' 'present']
 ['21' '185.41210757018325' 'present']
 ['10' '188.25566326402216' 'present']
 ['18' '194.04200291387957' 'present']
 ['2' '196.8680257400337' 'present']
 ['15' '197.2173588969184' 'present']
 ['2' '209.2999236896613' 'present']
 ['4' '211.28161972577706' 'present']
 ['17' '212.5199798447839' 'present']
 ['21' '212.66315613238896' 'present']
 ['12' '218.60266090019064' 'present']
 ['12' '220.26953617113446' 'present']
 ['16' '226.43815415540524' 'present']
 ['21' '247.92474213770168' 'present']
 ['23' '252.36872873980255' 'present']
 ['11' '255.84636087270104' 'present']
 ['10' '260.57472205390883' 'present']
 ['17' '275.30649609199037' 'present']
 ['16' '275.37303129594613' 'present']
 ['11' '282.41508824872255' 'present']
 ['21' '285.7368221735508' 'present']
 ['9' '302.7193610186107' 'marauded']
 ['21' '308.31284753734866' 'presentdestroyed']
 ['20' '331.22932822348633' 'present']
 ['18' '346.74107637466386' 'present']
 ['16' '348.19948455613763' 'present']
 ['2' '352.4635663000767' 'present']
 ['2' '355.250746199774' 'present']
 ['16' '358.6339327168687' 'present']]","[['F193' '57.42104939095088' 'absent']
 ['F92' '77.67427589109383' 'destroyed']
 ['F71' '79.14549797411253' 'destroyed']
 ['F205' '98.30375348806396' 'mated']
 ['F189' '125.2142073530674' 'destroyed']
 ['F118' '126.04820298963038' 'destroyed']
 ['F47' '128.3329232703563' 'absentdestroyed']
 ['F99' '142.03640285436782' 'absent']
 ['F96' '166.22177331671153' 'absentdestroyed']
 ['F96' '166.24179711657234' 'absentdestroyed']
 ['F78' '169.59975664478833' 'destroyed']
 ['F112' '182.01456287413876' 'mated']
 ['F110' '188.5311024090961' 'mated']
 ['F41' '233.9707526899645' 'mated']
 ['F62' '248.33683954849394' 'mated']
 ['F9' '274.80366025452014' 'mated']
 ['F194' '310.6899932991716' 'mated']]",400.0,300.0,564.0,71.0902079605017,14.842637385721787,1461.0,244.55971891705443,52.25419872136089,264.0,42.58701782560502,8.5893353784429,11.0,1.0999999999999999,0.11000000000000004,91.0,0.7894231463558954,0.0077374828532236015
20,0.054,6,360.06337686543145,"[['23' '0.35381049584726704' 'present']
 ['6' '5.957271836970827' 'present']
 ['12' '8.750239619481192' 'present']
 ['12' '14.460501070838658' 'present']
 ['22' '20.272385989351804' 'present']
 ['12' '22.373776960710657' 'present']
 ['13' '24.416701120097844' 'present']
 ['18' '33.67905090116069' 'present']
 ['19' '44.68682683573818' 'marauded']
 ['12' '52.05238650539032' 'presentdestroyed']
 ['6' '65.18317079912364' 'present']
 ['4' '65.42824896310138' 'present']
 ['12' '71.2155053882479' 'marauded']
 ['21' '81.33526692039098' 'marauded']
 ['13' '86.80700208425449' 'presentdestroyed']
 ['12' '101.82155286531308' 'present']
 ['8' '128.2383388430334' 'present']
 ['10' '142.2290205783116' 'present']
 ['17' '149.11056229084113' 'present']
 ['21' '157.39030363309678' 'present']
 ['21' '162.77910142459393' 'present']
 ['2' '165.15563971808697' 'present']
 ['2' '166.08673510673717' 'present']
 ['9' '170.45504290143472' 'present']
 ['15' '171.5343680097583' 'marauded']
 ['16' '173.74597386351297' 'destroyed']
 ['11' '178.78145983454448' 'presentdestroyed']
 ['4' '191.13637875191358' 'present']
 ['23' '193.82300428028734' 'marauded']
 ['22' '195.78644326219626' 'presentdestroyed']
 ['10' '197.19052417998876' 'presentdestroyed']
 ['9' '222.36543612057886' 'marauded']
 ['6' '237.6432714841292' 'present']
 ['21' '240.58814029405377' 'present']
 ['17' '240.69876643897817' 'present']
 ['21' '242.49889446947915' 'present']
 ['6' '242.68642817210988' 'marauded']
 ['2' '249.85009156089797' 'destroyed']
 ['23' '273.4365261822982' 'present']
 ['19' '276.38561696362115' 'present']
 ['0' '276.6273768398921' 'present']
 ['9' '278.60622682930955' 'present']
 ['10' '283.3550165786633' 'present']
 ['9' '283.5166802085084' 'marauded']
 ['18' '285.10150248513116' 'presentdestroyed']
 ['9' '285.47895438566087' 'presentdestroyed']
 ['17' '288.3763880907367' 'presentdestroyed']
 ['8' '296.24725235599624' 'marauded']
 ['13' '299.2434511445752' 'presentdestroyed']
 ['15' '300.3577999449643' 'destroyed']
 ['13' '310.8290023448551' 'present']
 ['5' '348.5199360724624' 'present']]","[['F176' '23.188539932463936' 'mated']
 ['F4' '59.79720382061377' 'mated']
 ['F47' '128.3296496278508' 'absent']
 ['F183' '175.79186902080068' 'destroyed']
 ['F171' '179.4787325445232' 'absent']
 ['F199' '212.7927578879149' 'mated']
 ['F188' '222.4220646083243' 'absentdestroyed']
 ['F156' '236.9554542529885' 'absent']
 ['F129' '249.67450648942358' 'destroyed']
 ['F56' '266.5665630744698' 'mated']
 ['F212' '320.9281714716108' 'mated']
 ['F37' '353.8096354281842' 'mated']]",500.0,0.0,545.0,71.42794908867023,15.234341596588518,1353.0,232.05134591442288,50.51197385913129,335.0,54.89432938645479,11.504297468664747,13.0,1.3,0.13000000000000006,79.0,0.7472156557483314,0.007994684499314134
21,0.054,12,359.9538761864757,"[['19' '1.3890227847684062' 'present']
 ['4' '11.255956340493684' 'marauded']
 ['2' '14.182432478568156' 'presentdestroyed']
 ['6' '20.547085340238127' 'present']
 ['15' '23.248168672170696' 'marauded']
 ['8' '39.09264470827619' 'present']
 ['12' '45.08119800603313' 'present']
 ['19' '53.628732662079464' 'present']
 ['19' '60.759775145891915' 'marauded']
 ['16' '63.85856386315993' 'presentdestroyed']
 ['4' '101.10737716595641' 'present']
 ['16' '105.58407104014496' 'present']
 ['16' '106.12814906251536' 'present']
 ['5' '111.48450366705237' 'present']
 ['20' '116.98805756241622' 'present']
 ['11' '124.58306179437075' 'marauded']
 ['23' '129.426224776143' 'destroyed']
 ['6' '137.7482130576955' 'present']
 ['10' '144.68422953499942' 'present']
 ['20' '148.67122900556322' 'present']
 ['10' '155.40116193799267' 'present']
 ['22' '160.35740207738323' 'present']
 ['6' '164.86715374232102' 'present']
 ['5' '169.81292045636272' 'present']
 ['4' '182.97147376814215' 'present']
 ['15' '186.3123145639675' 'present']
 ['18' '191.58463433455373' 'present']
 ['2' '192.93772891080974' 'present']
 ['0' '200.82390114538657' 'present']
 ['23' '208.03832684966127' 'present']
 ['4' '216.098997464318' 'present']
 ['4' '220.58414411826337' 'present']
 ['17' '221.64183082169743' 'present']
 ['2' '221.8967102777247' 'present']
 ['10' '225.77999723242618' 'present']
 ['15' '230.57414861301746' 'present']
 ['20' '234.99118281490988' 'present']
 ['23' '246.5143837063807' 'present']
 ['12' '250.46484774249114' 'present']
 ['20' '252.58900807304545' 'present']
 ['0' '255.086195660312' 'present']
 ['2' '262.28100216577747' 'present']
 ['16' '273.0836160958728' 'present']
 ['16' '277.47628888861493' 'present']
 ['19' '286.06199265323505' 'present']
 ['15' '287.4955239397362' 'present']
 ['19' '294.24507162949686' 'present']
 ['2' '295.1832259406354' 'present']
 ['19' '311.27931504508024' 'marauded']
 ['15' '325.20930905264134' 'present']
 ['2' '332.99527764832425' 'marauded']
 ['0' '347.1922287179713' 'present']
 ['22' '347.2506109853416' 'present']
 ['0' '352.19334654825894' 'present']
 ['22' '356.8000997336127' 'present']
 ['5' '359.0255823937688' 'present']]","[['F176' '23.186225117649123' 'absent']
 ['F158' '49.72899199145969' 'absent']
 ['F42' '115.04529222571509' 'mated']
 ['F210' '117.93768044468422' 'mated']
 ['F18' '120.73488286126087' 'mated']
 ['F106' '147.38166696711298' 'mated']
 ['F74' '156.0433816820323' 'mated']
 ['F163' '172.34252576093854' 'mated']
 ['F95' '172.38665784101687' 'mated']
 ['F113' '186.82961765108516' 'absent']
 ['F17' '191.57236368756142' 'mated']
 ['F67' '209.3952819757131' 'mated']
 ['F156' '236.9577690678033' 'mated']
 ['F157' '278.782489370651' 'mated']
 ['F204' '293.10252850156337' 'mated']
 ['F212' '320.925856656796' 'absent']]",500.0,100.0,559.0,73.15699035855289,16.517318854764323,1438.0,248.4449632660274,54.01840244924648,216.0,36.420662706752665,7.94085559856775,13.0,1.3,0.13000000000000006,82.0,0.7510635707030169,0.007844650205761323
22,0.054,11,360.23346157813717,"[['17' '3.805689330145326' 'present']
 ['13' '8.775824223154343' 'present']
 ['8' '18.71407410042748' 'present']
 ['20' '26.09692652591054' 'present']
 ['20' '26.15507398070281' 'marauded']
 ['13' '33.92173474215933' 'present']
 ['18' '37.051697438124805' 'present']
 ['13' '39.86796381421189' 'present']
 ['5' '47.00015182237301' 'marauded']
 ['23' '50.19626119923692' 'presentdestroyed']
 ['17' '52.03139685547051' 'presentdestroyed']
 ['16' '53.18432015628432' 'presentdestroyed']
 ['13' '60.53636721286383' 'marauded']
 ['8' '61.514681479300215' 'presentdestroyed']
 ['18' '63.33549267563417' 'presentdestroyed']
 ['15' '89.99449233716832' 'marauded']
 ['20' '93.45655893715733' 'presentdestroyed']
 ['19' '98.4143101188469' 'present']
 ['5' '99.52096290923632' 'present']
 ['10' '107.53127788467376' 'present']
 ['23' '109.17030694015443' 'present']
 ['23' '114.0230085064099' 'present']
 ['21' '121.25951979960547' 'present']
 ['5' '124.01135287899251' 'present']
 ['18' '128.80221387637152' 'marauded']
 ['18' '130.44789985804826' 'destroyed']
 ['11' '134.2488452942676' 'presentdestroyed']
 ['21' '146.57513256031473' 'present']
 ['10' '155.5219737546244' 'present']
 ['6' '170.67102462476035' 'present']
 ['6' '193.7207143455417' 'present']
 ['23' '198.74283774514396' 'present']
 ['21' '216.74856613710168' 'present']
 ['23' '219.78894999471694' 'present']
 ['19' '225.0049552581044' 'present']
 ['4' '227.9018271276474' 'marauded']
 ['15' '238.87383592620242' 'present']
 ['19' '240.03050975352707' 'marauded']
 ['11' '241.51201902440647' 'presentdestroyed']
 ['0' '248.76102162948638' 'present']
 ['9' '255.15814457233492' 'present']
 ['6' '261.3433844216587' 'present']
 ['9' '276.23799401909775' 'present']
 ['18' '287.34659290196225' 'present']
 ['17' '298.74210963490737' 'present']
 ['13' '299.4343122571232' 'present']
 ['2' '302.3878669195204' 'present']
 ['17' '304.69117875693036' 'present']
 ['23' '308.5757664406013' 'present']
 ['13' '312.8143306434396' 'present']
 ['8' '313.64027550956416' 'marauded']
 ['20' '315.6233041152253' 'presentdestroyed']
 ['5' '318.405087483663' 'presentdestroyed']
 ['17' '335.97510224046' 'marauded']
 ['5' '341.191997400662' 'destroyed']
 ['18' '341.8519096390844' 'presentdestroyed']
 ['0' '342.978370404395' 'presentdestroyed']
 ['9' '343.52599859925243' 'presentdestroyed']
 ['13' '343.87322069911136' 'present']
 ['17' '347.3228824605419' 'present']
 ['15' '357.8564700515544' 'present']]","[['F149' '62.13130482023967' 'destroyed']
 ['F40' '94.31015185051596' 'destroyed']
 ['F59' '128.73532039847703' 'absent']
 ['F75' '142.63158601042198' 'mated']
 ['F178' '144.43746144714387' 'absent']
 ['F16' '161.89334007930626' 'mated']
 ['F91' '162.41025652932962' 'absent']
 ['F168' '162.67116477367327' 'mated']
 ['F21' '162.70896561254548' 'mated']
 ['F53' '163.7180067655823' 'absent']
 ['F162' '177.99807289741827' 'mated']
 ['F100' '178.86949548475397' 'mated']
 ['F167' '179.24000718734766' 'mated']
 ['F73' '215.18606732087252' 'mated']
 ['F15' '240.1646324906185' 'destroyed']
 ['F104' '251.39943361570363' 'mated']
 ['F10' '279.3053027014527' 'mated']
 ['F107' '306.0588859181442' 'mated']
 ['F37' '353.7992832616217' 'absent']]",500.0,200.0,560.0,67.13499446538817,13.759491308825016,1410.0,236.606758963992,50.02450822767336,326.0,54.76372144638666,11.742858151401014,10.0,0.9999999999999999,0.10000000000000003,65.0,0.5903954664074889,0.006044238683127575
23,0.054,5,360.09146376632617,"[['6' '5.050410318019021' 'present']
 ['22' '5.859375277557989' 'present']
 ['20' '6.283590487281651' 'present']
 ['18' '6.494762165525217' 'present']
 ['6' '7.453582508694077' 'present']
 ['21' '8.250429430903083' 'present']
 ['0' '11.467429969960914' 'present']
 ['20' '19.81782676124641' 'present']
 ['9' '21.894105685816033' 'present']
 ['18' '27.285829176176627' 'present']
 ['17' '29.19724092027839' 'present']
 ['2' '30.67921978049769' 'present']
 ['13' '33.38544321054413' 'present']
 ['8' '38.76299981900564' 'marauded']
 ['8' '43.48453136823177' 'presentdestroyed']
 ['12' '51.518604755109926' 'present']
 ['6' '54.65423486584327' 'present']
 ['13' '59.37942066651655' 'marauded']
 ['11' '59.444269935997546' 'destroyed']
 ['19' '63.189076538387695' 'destroyed']
 ['2' '65.71764264312094' 'presentdestroyed']
 ['18' '71.38398048998181' 'present']
 ['16' '74.19532637462204' 'marauded']
 ['22' '82.7534854527494' 'present']
 ['22' '89.24973643586691' 'present']
 ['4' '92.2672262715724' 'marauded']
 ['15' '96.81914451996158' 'presentdestroyed']
 ['9' '99.16773904809469' 'presentdestroyed']
 ['9' '105.34850543741302' 'present']
 ['20' '110.81463444764864' 'present']
 ['0' '111.94176090588888' 'present']
 ['19' '113.32390814190727' 'present']
 ['20' '113.52704826520043' 'present']
 ['18' '123.28288594960186' 'present']
 ['15' '125.29451136710445' 'present']
 ['17' '136.99928917947258' 'present']
 ['4' '163.03497194871935' 'present']
 ['15' '165.42443593387318' 'present']
 ['6' '168.99458570352712' 'present']
 ['16' '175.1805571167203' 'marauded']
 ['18' '184.3094236489426' 'present']
 ['17' '207.66918567542618' 'present']
 ['20' '209.81194180834262' 'present']
 ['2' '213.6889631205354' 'present']
 ['19' '222.44760152157482' 'present']
 ['21' '229.6385918097929' 'present']
 ['19' '233.12313257077602' 'present']
 ['21' '244.45442625598832' 'present']
 ['2' '251.07367807995124' 'present']
 ['18' '252.38074329572567' 'present']
 ['13' '252.8921947131697' 'marauded']
 ['0' '254.44603087581365' 'presentdestroyed']
 ['20' '256.390714534396' 'destroyed']
 ['17' '266.30548280052824' 'present']
 ['22' '273.94409932897' 'present']
 ['12' '276.3347792521107' 'present']
 ['12' '277.3998802571849' 'present']
 ['16' '278.71503084784433' 'present']
 ['16' '284.5757678729622' 'marauded']
 ['8' '296.58417877374757' 'present']
 ['8' '303.64254630453235' 'present']
 ['18' '305.0036242423066' 'present']
 ['17' '307.1620999575231' 'present']
 ['6' '312.68325520813846' 'present']
 ['6' '322.9858330467176' 'present']
 ['15' '323.28371482444385' 'present']
 ['15' '325.19813213800074' 'present']
 ['6' '339.9963392124645' 'present']
 ['16' '347.0117929494898' 'present']
 ['18' '353.42113474499536' 'marauded']
 ['22' '358.5802566249135' 'presentdestroyed']]","[['F86' '74.12348643868674' 'absent']
 ['F92' '77.67659070590864' 'destroyed']
 ['F145' '108.29814438121558' 'mated']
 ['F178' '144.43977626195868' 'absent']
 ['F97' '150.28550231197994' 'absent']
 ['F172' '169.65201673621405' 'mated']
 ['F22' '174.1058092338926' 'mated']
 ['F183' '175.79418383561548' 'destroyed']
 ['F87' '176.54457051176644' 'destroyed']
 ['F146' '225.09304917688166' 'mated']
 ['F98' '272.83481535723166' 'mated']]",500.0,300.0,549.0,70.91262614916609,14.88483168952738,1381.0,239.12260032748028,51.96693478114662,290.0,47.79501981438382,10.058172590069853,14.0,1.4000000000000001,0.14000000000000007,86.0,0.7950075558550387,0.008380486968449938
