id,probability_maraud,successful_mating,next_foraging_time,mar_attempts,mate_attempts,x_pos,y_pos,foraging_events,foraging_hrs,foraging_sqhrs,staying_events,staying_hrs,staying_sqhrs,repairing_events,repairing_hrs,repairing_sqhrs,marauding_events,marauding_hrs,marauding_sqhrs,traveling_events,traveling_hrs,traveling_sqhrs
0,0.054,6,360.3997486719764,"[['3' '12.087855110710702' 'present']
 ['1' '17.44101629539666' 'present']
 ['1' '17.629181922936404' 'present']
 ['3' '22.416044352615017' 'present']
 ['1' '22.92637162571966' 'present']
 ['3' '23.347536327871946' 'marauded']
 ['3' '27.200349774168885' 'presentdestroyed']
 ['1' '31.548129281033955' 'marauded']
 ['4' '32.22466296695676' 'presentdestroyed']
 ['20' '37.046814501058556' 'destroyed']
 ['20' '37.093110797354846' 'presentdestroyed']
 ['1' '44.85487660301194' 'present']
 ['20' '46.39067153313463' 'present']
 ['4' '46.84456840667873' 'present']
 ['4' '47.34364838924564' 'present']
 ['20' '47.72513176337655' 'present']
 ['20' '72.74829215042492' 'present']
 ['4' '75.83913577851567' 'present']
 ['4' '78.94882369275898' 'present']
 ['3' '85.22988735530181' 'present']
 ['4' '91.49744943300347' 'present']
 ['7' '96.05785644959873' 'present']
 ['20' '106.70074169950435' 'present']
 ['7' '107.32221016141493' 'present']
 ['1' '126.9637024057978' 'present']
 ['3' '131.82762275405616' 'present']
 ['3' '131.87391905035247' 'present']
 ['3' '133.00587652940192' 'present']
 ['3' '135.49420028658645' 'present']
 ['3' '154.64932321079488' 'present']
 ['4' '155.29757738858544' 'present']
 ['4' '160.9446044973905' 'marauded']
 ['3' '163.74839956346017' 'presentdestroyed']
 ['3' '165.33663939598523' 'presentdestroyed']
 ['4' '168.8483225089772' 'marauded']
 ['4' '175.9590156385504' 'presentdestroyed']
 ['4' '176.7712447362679' 'present']
 ['4' '186.21333379263035' 'present']
 ['20' '186.4364073988609' 'present']
 ['1' '198.81858922499694' 'present']
 ['4' '210.71010064151798' 'marauded']
 ['1' '211.74221095097673' 'destroyed']
 ['1' '218.17559811184157' 'present']
 ['4' '222.76444978025756' 'marauded']
 ['4' '227.51919345579694' 'destroyed']
 ['1' '238.59564865165288' 'present']
 ['1' '242.77890592062272' 'marauded']
 ['1' '255.79395727086958' 'present']
 ['4' '258.1863473098415' 'present']
 ['1' '263.8181594326667' 'present']
 ['20' '263.8520802513358' 'present']
 ['4' '276.84471147314986' 'marauded']
 ['3' '279.4694971508383' 'presentdestroyed']
 ['3' '280.7432835801354' 'presentdestroyed']
 ['4' '283.1932064560416' 'destroyed']
 ['4' '286.0248845089331' 'present']
 ['1' '296.96483205605216' 'present']
 ['1' '297.32002872422066' 'present']
 ['1' '297.6584277359335' 'marauded']
 ['20' '300.6779532523126' 'presentdestroyed']
 ['4' '304.59153146846904' 'presentdestroyed']
 ['7' '314.8876906792193' 'present']
 ['3' '317.23125803705886' 'present']
 ['4' '317.6001832143262' 'present']
 ['4' '323.3764839075382' 'present']
 ['1' '324.08687436605004' 'present']
 ['3' '331.55425157030635' 'present']
 ['20' '333.7993887842602' 'marauded']
 ['4' '337.1716753386285' 'destroyed']
 ['4' '337.40340509367206' 'presentdestroyed']
 ['1' '337.60064186267806' 'presentdestroyed']
 ['1' '341.1650779478248' 'presentdestroyed']
 ['1' '343.76195136500644' 'present']
 ['4' '344.30601134360614' 'present']
 ['1' '352.82432008374764' 'present']
 ['3' '359.07929738613683' 'present']]","[['F118' '75.19122277053059' 'mated']
 ['F31' '122.44192915846838' 'mated']
 ['F77' '170.95485430822202' 'absentdestroyed']
 ['F48' '171.895157457142' 'absentdestroyed']
 ['F105' '181.40295055519326' 'mated']
 ['F165' '203.0317245669896' 'mated']
 ['F100' '248.72650420684155' 'destroyed']
 ['F100' '248.77280050313786' 'destroyed']
 ['F88' '256.1571127091333' 'mated']
 ['F212' '315.2428989475686' 'mated']]",0.0,0.0,569.0,69.68593673834408,14.678973062677338,1339.0,224.33917691524863,47.24216808432699,360.0,60.65652628463495,12.97585942600469,15.0,1.5000000000000002,0.15000000000000008,85.0,3.9735382928123224,0.1864711934156376
1,0.054,9,360.32900625174165,"[['2' '1.9502082843551631' 'present']
 ['0' '10.318937050077439' 'present']
 ['2' '18.382333841919838' 'present']
 ['21' '25.4271831065045' 'present']
 ['2' '37.297431356356974' 'present']
 ['2' '46.77729367509202' 'present']
 ['0' '58.19944516992929' 'marauded']
 ['2' '65.7187263604345' 'presentdestroyed']
 ['2' '69.07321089351119' 'present']
 ['21' '72.32646035447182' 'marauded']
 ['0' '73.03439816455038' 'presentdestroyed']
 ['2' '74.24190013452413' 'presentdestroyed']
 ['0' '75.50816909639752' 'presentdestroyed']
 ['0' '86.44313281190945' 'present']
 ['6' '88.53448994996734' 'present']
 ['0' '89.77173105231218' 'present']
 ['0' '98.06237850458893' 'present']
 ['0' '99.40102631047363' 'present']
 ['0' '102.525386637637' 'present']
 ['0' '103.49901026710818' 'present']
 ['21' '108.97062236174014' 'present']
 ['21' '111.56471268574951' 'present']
 ['0' '114.87633994551274' 'present']
 ['6' '116.30063186173614' 'present']
 ['4' '116.58791150309544' 'present']
 ['2' '121.83322004469' 'present']
 ['2' '125.09960266964225' 'present']
 ['2' '125.14589896593856' 'present']
 ['0' '128.3355168154285' 'present']
 ['2' '135.11871884950165' 'marauded']
 ['0' '135.28011409876856' 'presentdestroyed']
 ['21' '135.9507949876687' 'presentdestroyed']
 ['2' '137.94821146396657' 'presentdestroyed']
 ['2' '153.99477512988068' 'present']
 ['2' '159.62832542065192' 'present']
 ['0' '179.3056655829046' 'present']
 ['0' '184.10664049495878' 'present']
 ['0' '195.50391433997234' 'present']
 ['2' '196.3507154298481' 'present']
 ['2' '196.3970117261444' 'present']
 ['21' '212.94449735870424' 'present']
 ['21' '241.0379335822788' 'present']
 ['21' '243.27164343458085' 'present']
 ['2' '245.4577010437939' 'marauded']
 ['0' '251.07009945125915' 'destroyed']
 ['0' '251.46690716842798' 'presentdestroyed']
 ['21' '260.4018022845121' 'present']
 ['2' '267.34077638716695' 'present']
 ['21' '305.3667107483473' 'present']
 ['0' '309.51102771464576' 'marauded']
 ['0' '312.82312198355254' 'presentdestroyed']
 ['0' '320.1100198114874' 'present']
 ['2' '327.37906288039915' 'marauded']
 ['0' '328.176457288585' 'presentdestroyed']
 ['21' '345.8938386429539' 'present']
 ['0' '346.29294688874825' 'present']
 ['2' '350.8088758493271' 'present']
 ['21' '359.7296065866364' 'present']]","[['F20' '67.71647141110046' 'mated']
 ['F172' '86.7343328091492' 'mated']
 ['F1' '136.59056983119265' 'destroyed']
 ['F178' '137.96408509825397' 'destroyed']
 ['F141' '161.20007450686978' 'mated']
 ['F67' '176.4548219911506' 'mated']
 ['F120' '182.21780313617103' 'absent']
 ['F139' '218.1013136784024' 'mated']
 ['F204' '222.82937092727028' 'absent']
 ['F68' '223.50072729525152' 'mated']
 ['F183' '229.23042681411334' 'mated']
 ['F18' '259.0767923781441' 'mated']
 ['F3' '275.5223122761696' 'mated']
 ['F212' '315.21975079942047' 'absentdestroyed']]",0.0,1000.0,582.0,71.86135108131586,14.31484082854239,1501.0,245.65122669699971,51.1160693881364,210.0,36.80648972559881,7.8360015926072455,13.0,1.3,0.13000000000000006,93.0,4.420614878436974,0.21219135802469097
2,0.054,6,360.01424232824775,"[['1' '2.501897177151744' 'present']
 ['3' '5.1355677597589615' 'present']
 ['1' '8.391288611288536' 'marauded']
 ['22' '12.776632786698183' 'presentdestroyed']
 ['6' '13.171894227172347' 'presentdestroyed']
 ['6' '14.213122830389917' 'presentdestroyed']
 ['22' '40.9175262604907' 'present']
 ['6' '41.949110774693274' 'present']
 ['1' '49.55945136130695' 'present']
 ['1' '70.059990580707' 'present']
 ['1' '71.09523363305219' 'present']
 ['22' '72.91345934434516' 'present']
 ['3' '79.28581112315402' 'present']
 ['22' '81.92812366634368' 'marauded']
 ['22' '89.07815540346687' 'presentdestroyed']
 ['3' '101.2317665095103' 'present']
 ['3' '101.44034367993777' 'marauded']
 ['22' '111.61092049602792' 'marauded']
 ['6' '118.60357000170993' 'presentdestroyed']
 ['6' '124.80097480626645' 'present']
 ['22' '126.62086070851458' 'present']
 ['6' '128.41068417790814' 'present']
 ['1' '130.40808689016487' 'present']
 ['3' '131.33783365873953' 'present']
 ['6' '134.63877323818403' 'present']
 ['22' '136.77982948304424' 'present']
 ['22' '144.2074140628602' 'present']
 ['1' '144.79656616909372' 'marauded']
 ['22' '147.12908379090788' 'presentdestroyed']
 ['3' '158.65189720381508' 'present']
 ['22' '163.1936901221347' 'present']
 ['6' '163.19427461211103' 'present']
 ['6' '165.96015736232465' 'present']
 ['1' '166.73663294022154' 'present']
 ['6' '183.2056804531624' 'marauded']
 ['3' '202.47557450309873' 'marauded']
 ['1' '207.74903657027966' 'presentdestroyed']
 ['22' '211.2629776064353' 'present']
 ['1' '212.32449653789558' 'present']
 ['1' '213.5465643532431' 'present']
 ['21' '218.1318767889019' 'marauded']
 ['3' '221.6673465618345' 'presentdestroyed']
 ['6' '233.17440690290715' 'present']
 ['6' '236.550347948965' 'present']
 ['22' '245.86025951608562' 'marauded']
 ['6' '247.75456167211559' 'destroyed']
 ['21' '250.13889538268012' 'presentdestroyed']
 ['6' '257.9682804366206' 'marauded']
 ['6' '262.7552766167236' 'presentdestroyed']
 ['3' '264.549953484393' 'presentdestroyed']
 ['3' '265.12031481486895' 'presentdestroyed']
 ['6' '265.49183724112766' 'present']
 ['1' '266.2049635847907' 'present']
 ['6' '272.4889264236917' 'marauded']
 ['3' '273.1299362291244' 'destroyed']
 ['1' '277.96151191669304' 'presentdestroyed']
 ['3' '279.423200854542' 'destroyed']
 ['1' '279.63721409761786' 'presentdestroyed']
 ['22' '284.62797048630847' 'present']
 ['21' '284.98780093823325' 'marauded']
 ['1' '287.7132465505108' 'destroyed']
 ['1' '289.2791195678306' 'presentdestroyed']
 ['6' '294.45747919999036' 'present']
 ['6' '295.25263344782803' 'present']
 ['1' '296.62804658396993' 'marauded']
 ['22' '297.13007877069043' 'destroyed']
 ['22' '298.51101385066204' 'destroyed']
 ['3' '299.93856220075145' 'destroyed']
 ['1' '304.00970638158924' 'presentdestroyed']
 ['1' '305.12686535994203' 'present']
 ['1' '307.36600081518856' 'present']
 ['1' '308.8528348354462' 'marauded']
 ['3' '312.5368761353181' 'presentdestroyed']
 ['6' '314.1177480532614' 'presentdestroyed']
 ['3' '317.27755433335517' 'marauded']
 ['1' '318.1801171690802' 'presentdestroyed']
 ['6' '321.8791150809913' 'destroyed']
 ['3' '331.10377337603984' 'present']
 ['6' '331.4493770116177' 'present']
 ['6' '335.02633118392725' 'marauded']
 ['3' '349.00128825729' 'present']
 ['1' '352.17393567646064' 'present']
 ['22' '355.20546259323595' 'present']
 ['3' '356.3285723630904' 'present']
 ['7' '358.5145891620748' 'present']]","[['F114' '67.89559832873069' 'mated']
 ['F176' '101.55543438195748' 'destroyed']
 ['F107' '121.26304764301167' 'mated']
 ['F1' '124.48838896169326' 'absent']
 ['F1' '124.53468525798957' 'absent']
 ['F1' '136.6137179793408' 'mated']
 ['F22' '141.906596953755' 'mated']
 ['F182' '149.64374745434165' 'absentdestroyed']
 ['F16' '162.1378979048942' 'absent']
 ['F16' '162.1841942011905' 'mated']
 ['F120' '182.19465498802288' 'absent']
 ['F82' '189.72047238909045' 'destroyed']
 ['F25' '193.6236749609697' 'absent']
 ['F68' '223.47757914710337' 'destroyed']
 ['F61' '237.20067843125824' 'mated']
 ['F167' '316.47279327458375' 'absent']]",0.0,2000.0,571.0,71.50021199025342,14.773049043789532,1087.0,186.87469105702658,40.0301637860667,580.0,97.52518846999594,21.264411632474108,10.0,0.9999999999999999,0.10000000000000003,68.0,3.224854363402424,0.15432098765432095
3,0.054,8,360.2489568165106,"[['0' '6.470414105790456' 'present']
 ['2' '8.09541948727917' 'present']
 ['0' '10.272640753781141' 'present']
 ['0' '10.365233346373737' 'present']
 ['7' '12.361545988282769' 'marauded']
 ['7' '18.622845543726424' 'presentdestroyed']
 ['23' '24.017039633016836' 'present']
 ['23' '24.634928469276772' 'present']
 ['2' '31.864002778679215' 'present']
 ['23' '35.79282834938792' 'present']
 ['0' '47.180330911000596' 'marauded']
 ['7' '47.47965574315788' 'presentdestroyed']
 ['0' '48.47549489994265' 'destroyed']
 ['7' '48.79384534204033' 'destroyed']
 ['20' '48.879321528052714' 'presentdestroyed']
 ['7' '56.15278825713201' 'marauded']
 ['0' '59.621751352183686' 'presentdestroyed']
 ['2' '63.3924840665955' 'presentdestroyed']
 ['2' '64.89182461954616' 'marauded']
 ['0' '65.62721075143962' 'presentdestroyed']
 ['0' '70.98438007029952' 'destroyed']
 ['23' '72.35978903529914' 'destroyed']
 ['7' '76.92810107495524' 'present']
 ['2' '77.21996088817832' 'present']
 ['6' '79.81174627496824' 'present']
 ['23' '82.53819582217442' 'present']
 ['23' '82.58449211847072' 'present']
 ['22' '86.89927941844148' 'present']
 ['7' '90.4300351588742' 'present']
 ['7' '94.12171373060262' 'present']
 ['7' '98.69755183520238' 'present']
 ['23' '99.63151314653787' 'present']
 ['7' '103.21433278506788' 'present']
 ['0' '119.41735965930144' 'marauded']
 ['23' '120.92916772299974' 'presentdestroyed']
 ['23' '123.41327732721116' 'presentdestroyed']
 ['2' '123.73136606220933' 'presentdestroyed']
 ['2' '125.4393705409167' 'destroyed']
 ['6' '127.03423301019022' 'presentdestroyed']
 ['23' '138.980023822512' 'present']
 ['7' '141.31912214725014' 'present']
 ['7' '142.63340587160255' 'present']
 ['0' '152.22135207890787' 'present']
 ['0' '157.65925521953355' 'present']
 ['2' '161.64608746202856' 'present']
 ['4' '162.88164476125365' 'present']
 ['2' '163.96785457854446' 'present']
 ['7' '174.20322109000318' 'present']
 ['7' '175.5852075591791' 'marauded']
 ['2' '176.00862836512593' 'presentdestroyed']
 ['7' '177.80851631738187' 'presentdestroyed']
 ['7' '182.1562285421802' 'presentdestroyed']
 ['23' '191.46335033064176' 'present']
 ['23' '191.83997808792495' 'marauded']
 ['0' '192.18486897294255' 'presentdestroyed']
 ['23' '197.41871789013587' 'destroyed']
 ['7' '200.8899163920011' 'present']
 ['23' '203.87237214074776' 'present']
 ['0' '209.16575017549206' 'marauded']
 ['7' '209.98258718254408' 'presentdestroyed']
 ['7' '212.32983067321973' 'presentdestroyed']
 ['7' '213.5816062071577' 'presentdestroyed']
 ['7' '227.4265474909728' 'marauded']
 ['23' '235.29941540205732' 'present']
 ['2' '244.02775979987965' 'marauded']
 ['23' '245.19472700955504' 'presentdestroyed']
 ['0' '251.42061087213168' 'present']
 ['7' '252.98861683440575' 'present']
 ['20' '263.79619567813273' 'present']
 ['0' '267.5453447047105' 'present']
 ['7' '267.96860004040764' 'present']
 ['7' '280.669048836163' 'present']
 ['7' '284.89314384253674' 'present']
 ['7' '287.5529241732704' 'present']
 ['7' '288.810889163951' 'present']
 ['7' '291.9799260688067' 'marauded']
 ['7' '296.055107542083' 'presentdestroyed']
 ['0' '296.5766120902612' 'presentdestroyed']
 ['23' '313.42360566274556' 'present']
 ['7' '316.38253049872145' 'present']
 ['0' '319.5977999191596' 'present']
 ['0' '321.0271909633043' 'marauded']
 ['22' '325.2149465397318' 'presentdestroyed']
 ['0' '326.4730243369819' 'destroyed']
 ['2' '330.7454257127127' 'present']
 ['7' '333.21310092672445' 'marauded']
 ['0' '343.27354660434077' 'present']
 ['7' '356.7321399164413' 'present']
 ['0' '359.00380010751' 'present']]","[['F50' '43.43655265259456' 'mated']
 ['F148' '46.91151726830528' 'mated']
 ['F2' '81.33352382862368' 'mated']
 ['F176' '101.53228623380933' 'absent']
 ['F31' '122.41878101032023' 'destroyed']
 ['F59' '134.08567035331313' 'mated']
 ['F16' '162.11474975674605' 'absent']
 ['F16' '162.16104605304236' 'absent']
 ['F77' '170.97800245637018' 'mated']
 ['F48' '171.87200930899385' 'absent']
 ['F25' '193.60052681282156' 'destroyed']
 ['F214' '205.26533116545227' 'mated']
 ['F180' '208.901416578226' 'mated']
 ['F100' '248.7496523549897' 'destroyed']
 ['F65' '254.84716687204485' 'absent']
 ['F154' '315.2717050894405' 'mated']]",0.0,3000.0,574.0,75.39352754714083,16.68772205097753,1187.0,201.21128764130407,42.80276208607502,475.0,79.77433150287379,17.090004595911182,8.0,0.7999999999999999,0.08000000000000002,64.0,2.9821395167765314,0.13931755829903977
4,0.054,14,360.75064423090043,"[['0' '1.0653383123690365' 'present']
 ['7' '1.7045228246350836' 'marauded']
 ['0' '6.4241178094941604' 'destroyed']
 ['0' '7.371288693210467' 'destroyed']
 ['0' '41.13233180887059' 'present']
 ['7' '45.25378207104143' 'present']
 ['7' '47.62760424439272' 'present']
 ['0' '48.521791196238944' 'present']
 ['0' '49.14933213083049' 'present']
 ['0' '50.657749684540086' 'marauded']
 ['7' '55.25173277521573' 'presentdestroyed']
 ['0' '65.67350704773592' 'marauded']
 ['0' '81.12835901767046' 'present']
 ['7' '82.99370324478183' 'present']
 ['7' '127.82137859836416' 'marauded']
 ['1' '147.15969095308336' 'present']
 ['0' '147.34589587646565' 'present']
 ['0' '152.26764837520417' 'present']
 ['0' '159.33276236167373' 'present']
 ['7' '168.2928952401831' 'present']
 ['7' '175.11966251005657' 'present']
 ['0' '189.90229356692151' 'present']
 ['7' '195.82295799194063' 'present']
 ['7' '216.40372008143808' 'present']
 ['0' '232.70521277612303' 'present']
 ['0' '251.74754567153659' 'present']
 ['3' '264.65734562992196' 'present']
 ['0' '265.18913386123637' 'marauded']
 ['7' '274.91057238600126' 'present']
 ['0' '319.1380702524621' 'present']]","[['F125' '58.28154076879411' 'mated']
 ['F34' '84.88038053143781' 'mated']
 ['F166' '122.40693095629992' 'mated']
 ['F38' '170.59070511429601' 'mated']
 ['F53' '177.8529709598603' 'mated']
 ['F17' '218.55124093222446' 'mated']
 ['F10' '223.39882216556458' 'mated']
 ['F206' '225.776789389527' 'mated']
 ['F75' '226.29243843654058' 'mated']
 ['F133' '240.30889384358832' 'mated']
 ['F126' '250.00809802158588' 'mated']
 ['F185' '263.92895428637615' 'mated']
 ['F84' '297.24533718821624' 'mated']
 ['F43' '298.0630612518342' 'mated']]",1000.0,0.0,584.0,67.20630310531487,13.53806533315915,1514.0,256.68169828736774,54.96052005202704,184.0,30.424184178393617,6.334498040927816,10.0,0.9999999999999999,0.10000000000000003,101.0,4.752632141180209,0.22505144032921764
5,0.0,5,360.30348669463274,"[['9' '0.25614276908085' 'marauded']
 ['9' '2.022466124777955' 'presentdestroyed']
 ['6' '2.8892038549585' 'presentdestroyed']
 ['9' '10.458216254069416' 'present']
 ['9' '23.162040723172563' 'present']
 ['1' '29.620529990728883' 'marauded']
 ['9' '30.35815453128278' 'presentdestroyed']
 ['9' '30.530415774547546' 'presentdestroyed']
 ['4' '34.02359199331014' 'presentdestroyed']
 ['1' '37.78675837636566' 'present']
 ['9' '38.23051980992193' 'marauded']
 ['6' '39.66125845766531' 'presentdestroyed']
 ['1' '43.56002070959539' 'presentdestroyed']
 ['9' '49.05152028213407' 'marauded']
 ['1' '51.66487433666292' 'presentdestroyed']
 ['6' '55.30859811912398' 'presentdestroyed']
 ['4' '63.00482526253879' 'present']
 ['4' '64.66843557901737' 'present']
 ['4' '82.1128524011857' 'present']
 ['9' '82.61166346243095' 'present']
 ['1' '83.47838603955213' 'present']
 ['4' '98.20899323961089' 'present']
 ['1' '98.89358320787055' 'present']
 ['6' '102.38332866632543' 'present']
 ['9' '105.94467146016572' 'present']
 ['4' '110.86667687205362' 'present']
 ['9' '113.09700848716025' 'marauded']
 ['6' '116.36263820730352' 'presentdestroyed']
 ['6' '120.24964690879392' 'presentdestroyed']
 ['4' '120.51066370832821' 'presentdestroyed']
 ['6' '122.24993511938276' 'present']
 ['1' '124.84136665409174' 'present']
 ['6' '135.53493247988362' 'present']
 ['1' '143.40120777933134' 'present']
 ['4' '148.93215819832244' 'present']
 ['1' '152.22370291336932' 'marauded']
 ['6' '158.00594187742664' 'presentdestroyed']
 ['9' '163.41540029640623' 'marauded']
 ['9' '164.29836422456165' 'presentdestroyed']
 ['4' '175.54750105078452' 'present']
 ['6' '178.05279334209482' 'present']
 ['9' '178.27600274664854' 'present']
 ['0' '178.66360926106518' 'present']
 ['9' '186.76896515871252' 'present']
 ['6' '186.7907392734931' 'present']
 ['4' '190.8439792760734' 'marauded']
 ['4' '192.7570831525843' 'destroyed']
 ['6' '196.2017827473825' 'presentdestroyed']
 ['6' '196.74996304690927' 'presentdestroyed']
 ['9' '204.6705204627596' 'present']
 ['1' '206.4195130816483' 'present']
 ['6' '206.68828890730822' 'present']
 ['1' '210.33407419956518' 'present']
 ['9' '222.92520977505404' 'marauded']
 ['6' '228.2051823669534' 'destroyed']
 ['1' '228.3829528404872' 'presentdestroyed']
 ['9' '232.7901372528407' 'present']
 ['4' '235.5531287730248' 'present']
 ['4' '238.64315604415395' 'present']
 ['4' '242.54821971723163' 'present']
 ['4' '248.51223314857344' 'present']
 ['4' '257.1486272704131' 'present']
 ['4' '258.2326436061378' 'present']
 ['1' '262.1286940415801' 'present']
 ['1' '263.864455728963' 'present']
 ['1' '268.6183266443162' 'present']
 ['9' '283.2001756372981' 'present']
 ['9' '284.5043533406719' 'present']
 ['1' '284.5739864247875' 'present']
 ['1' '292.8513205276658' 'present']
 ['4' '303.353622332351' 'present']
 ['1' '304.3221379228263' 'present']
 ['1' '307.708221746031' 'present']
 ['6' '311.61632515249386' 'marauded']
 ['9' '314.6982761394415' 'presentdestroyed']
 ['9' '315.084635952474' 'presentdestroyed']
 ['4' '316.314411497706' 'presentdestroyed']
 ['9' '328.00358717996403' 'present']
 ['6' '332.46899545707686' 'present']
 ['9' '334.476850404812' 'marauded']
 ['6' '339.64357559538087' 'presentdestroyed']
 ['9' '341.4278017821882' 'presentdestroyed']
 ['9' '344.6311820454038' 'marauded']
 ['4' '346.55687162957844' 'presentdestroyed']
 ['1' '346.8981517071263' 'presentdestroyed']
 ['6' '355.73390148484566' 'present']
 ['10' '356.03233901858465' 'marauded']
 ['9' '356.99438015763525' 'destroyed']]","[['F30' '54.248286774265026' 'destroyed']
 ['F122' '76.22573394784536' 'mated']
 ['F62' '110.06257339729927' 'absent']
 ['F178' '137.98723324640213' 'mated']
 ['F80' '171.75593479908343' 'mated']
 ['F157' '178.81426561334672' 'mated']
 ['F102' '259.9617443682055' 'mated']]",1000.0,1000.0,560.0,69.4800832603771,14.047354890357548,1253.0,213.84916719860217,45.945813293086815,451.0,76.95321343661323,16.773987820490543,0.0,0.0,0.0,0.0,0.0,0.0
6,0.054,13,360.21296265322485,"[['7' '18.073907331718335' 'present']
 ['7' '22.39781921936447' 'marauded']
 ['10' '28.429276860450965' 'presentdestroyed']
 ['2' '30.538562943756876' 'present']
 ['10' '40.8610052870349' 'present']
 ['1' '45.39419270723331' 'marauded']
 ['10' '49.18950626468014' 'destroyed']
 ['2' '56.85781298983167' 'marauded']
 ['2' '69.94078742322925' 'present']
 ['2' '73.31791320834829' 'present']
 ['10' '73.80742607684593' 'present']
 ['10' '103.49259106325763' 'present']
 ['10' '104.64339601889012' 'present']
 ['7' '108.33555609719043' 'present']
 ['2' '125.485666837213' 'present']
 ['2' '126.46670974227906' 'present']
 ['2' '131.95189205275543' 'present']
 ['10' '134.95567504410354' 'present']
 ['10' '136.15449843524408' 'marauded']
 ['7' '146.17317718472543' 'present']
 ['7' '149.93909560539274' 'present']
 ['10' '172.27947540918672' 'present']
 ['7' '181.1619233497223' 'present']
 ['7' '184.81942507461724' 'present']
 ['7' '186.0064200979682' 'present']
 ['7' '190.78782557143293' 'present']
 ['2' '197.44086122274632' 'present']
 ['2' '210.24070386667245' 'present']
 ['10' '218.31734433130188' 'marauded']
 ['7' '218.9260199242662' 'presentdestroyed']
 ['10' '223.54248984655052' 'presentdestroyed']
 ['7' '227.95923419701523' 'present']
 ['2' '233.41660855193152' 'present']
 ['10' '235.69806893182812' 'present']
 ['10' '236.88095960721392' 'marauded']
 ['10' '253.93048279326024' 'present']
 ['7' '265.9713568920799' 'present']
 ['7' '266.63369509564296' 'present']
 ['2' '267.2665520125492' 'present']
 ['2' '269.2475215889944' 'present']
 ['7' '273.4027956608143' 'present']
 ['7' '278.1623183295235' 'present']
 ['2' '284.24280071359425' 'present']
 ['10' '299.72497987592095' 'present']
 ['10' '301.4811822729944' 'marauded']
 ['10' '301.6274785692907' 'presentdestroyed']
 ['10' '302.67017228526515' 'presentdestroyed']
 ['2' '316.4567290255857' 'present']
 ['2' '316.7886384405806' 'present']
 ['7' '317.24391741778504' 'present']
 ['10' '318.37136433400036' 'present']
 ['7' '321.18259184753674' 'present']
 ['10' '324.05565271706297' 'marauded']
 ['7' '333.60706966359453' 'present']
 ['10' '334.2579854029618' 'present']
 ['7' '340.77577586728233' 'present']
 ['2' '351.1119213709011' 'present']
 ['10' '352.12086176667265' 'present']]","[['F30' '54.27143492241317' 'mated']
 ['F151' '66.57560031111595' 'mated']
 ['F176' '101.57858253010563' 'mated']
 ['F62' '110.08572154544743' 'mated']
 ['F202' '126.22901860585972' 'mated']
 ['F155' '133.94851136826156' 'mated']
 ['F182' '149.6668956024898' 'mated']
 ['F69' '189.6932382823204' 'mated']
 ['F25' '193.64682310911786' 'mated']
 ['F108' '208.46763339206962' 'mated']
 ['F78' '209.53838461344452' 'absent']
 ['F146' '224.36942461213062' 'destroyed']
 ['F86' '232.7646580591751' 'mated']
 ['F61' '237.1775302831101' 'destroyed']
 ['F21' '251.2380554472296' 'mated']
 ['F167' '316.4959414227319' 'mated']
 ['F0' '325.8139375120625' 'destroyed']]",1000.0,2000.0,571.0,75.92737135840142,17.93172598298118,1377.0,230.20813638060886,48.85533913036549,287.0,48.78903918934356,10.252426676996361,9.0,0.8999999999999999,0.09000000000000002,89.0,4.2162531394382174,0.20147462277091874
7,0.054,8,360.0598459638716,"[['3' '7.8996595033059265' 'present']
 ['3' '12.041558814414405' 'present']
 ['3' '21.953863482933674' 'present']
 ['4' '23.68606148996145' 'present']
 ['4' '24.79455148931652' 'present']
 ['4' '29.001292953559748' 'present']
 ['2' '30.594447516959956' 'present']
 ['4' '31.83674178341843' 'marauded']
 ['3' '36.72821276202582' 'destroyed']
 ['6' '38.42321242494646' 'presentdestroyed']
 ['3' '40.05483825523859' 'present']
 ['6' '41.77824835825917' 'present']
 ['3' '55.88588623710275' 'present']
 ['0' '58.48368769154896' 'marauded']
 ['4' '60.069898110322384' 'destroyed']
 ['6' '67.40319295660076' 'marauded']
 ['4' '74.94685465657058' 'present']
 ['6' '75.89278058959808' 'present']
 ['6' '75.93907688589438' 'present']
 ['6' '82.67876733637583' 'present']
 ['4' '92.15683635610895' 'present']
 ['4' '105.89222989906024' 'present']
 ['6' '110.7099957624934' 'present']
 ['6' '114.34236405857635' 'present']
 ['3' '118.41044038299682' 'present']
 ['4' '127.62827989907991' 'present']
 ['3' '130.36120123613048' 'marauded']
 ['3' '131.78132645775986' 'destroyed']
 ['4' '138.30774236135773' 'present']
 ['3' '138.4910151219726' 'present']
 ['4' '141.07986678550884' 'present']
 ['4' '149.93494778714793' 'marauded']
 ['6' '159.73457813947005' 'present']
 ['3' '170.3749469648869' 'present']
 ['4' '172.72943211394872' 'present']
 ['6' '182.3663884373359' 'present']
 ['6' '191.30656187122148' 'present']
 ['4' '196.72520887183626' 'present']
 ['4' '197.83386923192336' 'present']
 ['6' '201.52654620520124' 'present']
 ['6' '201.68354971007383' 'marauded']
 ['6' '210.0112206727248' 'present']
 ['4' '225.7011388745525' 'present']
 ['6' '225.9777778113859' 'present']
 ['4' '231.38718140291408' 'present']
 ['3' '236.59882836334356' 'marauded']
 ['3' '238.64745893976016' 'presentdestroyed']
 ['4' '261.50521488332663' 'present']
 ['6' '266.34137791950604' 'present']
 ['4' '274.95395192853016' 'present']
 ['4' '276.21838226308154' 'present']
 ['4' '287.32602897579943' 'present']
 ['6' '297.4689640117613' 'marauded']
 ['6' '310.3472503951251' 'present']
 ['6' '311.57002885619755' 'present']
 ['2' '316.84452301378366' 'present']
 ['4' '318.7287553127295' 'present']
 ['6' '322.69403396310264' 'present']
 ['4' '324.080385629621' 'marauded']
 ['4' '335.0477431200942' 'present']
 ['3' '344.26864958389433' 'present']
 ['4' '344.620246955469' 'present']
 ['6' '353.25383185865' 'present']
 ['6' '354.288511473621' 'present']]","[['F211' '17.811419823227528' 'absent']
 ['F123' '69.04207573026007' 'destroyed']
 ['F177' '97.43213059219893' 'mated']
 ['F124' '102.47234819406337' 'mated']
 ['F97' '122.99348567776428' 'mated']
 ['F8' '142.77800677606925' 'mated']
 ['F110' '149.72393002996142' 'mated']
 ['F115' '181.36124044780064' 'mated']
 ['F12' '248.54509891527675' 'mated']
 ['F197' '335.6343307470912' 'mated']]",1000.0,3000.0,566.0,72.26745956316644,14.832156958271858,1337.0,226.99671523162303,49.03182586710099,343.0,55.01790147526319,11.073697369564092,13.0,1.3,0.13000000000000006,94.0,4.46691117473327,0.21433470507544544
8,0.0,11,360.243345602156,"[['9' '8.72342056900313' 'present']
 ['9' '9.785834756880814' 'present']
 ['9' '15.170470904926816' 'present']
 ['12' '16.64982918654492' 'present']
 ['9' '18.403883324551156' 'present']
 ['4' '27.340878702279365' 'present']
 ['4' '28.536326699087034' 'present']
 ['4' '32.173652554385576' 'present']
 ['9' '45.89928955018176' 'present']
 ['12' '55.90789294346896' 'present']
 ['12' '66.22485067457976' 'present']
 ['12' '82.30620726970946' 'present']
 ['9' '87.70778354463177' 'present']
 ['9' '98.13630979350361' 'present']
 ['4' '98.53320636109002' 'present']
 ['4' '98.87153598973758' 'present']
 ['12' '107.14807794275228' 'present']
 ['4' '110.91297316834992' 'present']
 ['15' '111.98986594993478' 'present']
 ['12' '116.67663748098978' 'present']
 ['12' '118.63891871510788' 'present']
 ['12' '121.6105684211595' 'present']
 ['12' '125.51776828690925' 'present']
 ['12' '125.76671503479899' 'present']
 ['12' '129.76769900871378' 'present']
 ['12' '142.2532662217051' 'present']
 ['4' '145.23889986638554' 'present']
 ['4' '151.37961304566406' 'present']
 ['4' '155.20951848571073' 'present']
 ['9' '155.35202534436837' 'present']
 ['4' '170.5305408685222' 'present']
 ['12' '171.18901121413876' 'present']
 ['15' '181.09482586910374' 'marauded']
 ['12' '184.192752608231' 'presentdestroyed']
 ['12' '187.3482832860453' 'presentdestroyed']
 ['4' '190.16859050886916' 'present']
 ['4' '190.9902755723697' 'present']
 ['12' '192.64461928453207' 'marauded']
 ['4' '194.6923766625587' 'presentdestroyed']
 ['4' '196.57616952600424' 'presentdestroyed']
 ['4' '197.9857568277889' 'presentdestroyed']
 ['9' '203.8344877736206' 'present']
 ['4' '207.03071685848232' 'marauded']
 ['12' '217.5171697753656' 'present']
 ['9' '225.30126919402528' 'present']
 ['9' '227.0710011026335' 'present']
 ['4' '227.33074511952208' 'present']
 ['4' '233.63132625147352' 'present']
 ['12' '237.47848998280352' 'marauded']
 ['9' '238.19217861294212' 'presentdestroyed']
 ['12' '238.7910698966716' 'presentdestroyed']
 ['9' '239.85326004215304' 'presentdestroyed']
 ['9' '245.71955956281525' 'present']
 ['9' '246.98228384755515' 'present']
 ['12' '247.44475017154025' 'present']
 ['12' '251.47713070895574' 'present']
 ['4' '254.69163394805042' 'present']
 ['9' '255.7216123439648' 'present']
 ['9' '255.7679086402611' 'present']
 ['12' '282.73164981584904' 'present']
 ['9' '287.5040912178585' 'present']
 ['9' '288.5751439111131' 'present']
 ['9' '289.5801931700848' 'present']
 ['9' '290.4512082306501' 'present']
 ['9' '299.0330716016465' 'present']
 ['4' '299.32185145481515' 'present']
 ['4' '300.516811525543' 'present']
 ['9' '305.6508064956009' 'marauded']
 ['12' '306.46900531698367' 'presentdestroyed']
 ['4' '308.7442876282226' 'presentdestroyed']
 ['15' '312.7807087015101' 'presentdestroyed']
 ['9' '313.2515298661019' 'present']
 ['4' '314.09924642846096' 'present']
 ['9' '316.0621514658149' 'marauded']
 ['9' '316.8766347109817' 'destroyed']
 ['4' '325.5850584766626' 'present']
 ['12' '325.7850169830264' 'present']
 ['4' '350.6696427319031' 'present']
 ['4' '352.9296439636098' 'present']
 ['4' '353.0100906371574' 'present']
 ['12' '355.15500000891166' 'present']
 ['9' '357.81058658527223' 'present']
 ['9' '357.85688288156854' 'present']]","[['F211' '17.76512352693123' 'absent']
 ['F213' '64.61714526318923' 'mated']
 ['F117' '75.6217811271807' 'mated']
 ['F203' '112.52697072322925' 'mated']
 ['F64' '118.4232921174586' 'mated']
 ['F72' '159.3978072903123' 'mated']
 ['F63' '160.76924443963097' 'mated']
 ['F142' '164.4484752801063' 'mated']
 ['F96' '176.19424826511' 'mated']
 ['F210' '177.44035098624414' 'mated']
 ['F115' '181.3285040227457' 'destroyed']
 ['F145' '183.1077228618551' 'absentdestroyed']
 ['F81' '213.80073032973104' 'destroyed']
 ['F119' '256.57984553635015' 'mated']
 ['F191' '293.4348766584284' 'mated']]",2000.0,0.0,561.0,68.13218794852624,13.639880747865318,1497.0,255.05517474129363,55.37447351246887,208.0,36.85008460008755,8.38405777107599,0.0,0.0,0.0,0.0,0.0,0.0
9,0.054,11,360.20820220841784,"[['10' '20.080980229084904' 'present']
 ['10' '25.288711708098408' 'present']
 ['10' '29.044075802542732' 'present']
 ['14' '56.502716556129876' 'present']
 ['10' '64.3121497669054' 'marauded']
 ['10' '72.69734605994002' 'marauded']
 ['10' '116.45948644027538' 'present']
 ['10' '137.97286393811737' 'present']
 ['10' '138.3812294794099' 'present']
 ['10' '145.81928898068617' 'present']
 ['10' '149.76711756360112' 'present']
 ['10' '163.2687957010334' 'present']
 ['10' '170.39431001250037' 'present']
 ['10' '174.02679409652183' 'present']
 ['4' '193.73436764592196' 'present']
 ['10' '204.14363662797945' 'present']
 ['4' '226.10887370288395' 'present']
 ['12' '235.70097680350122' 'present']
 ['10' '244.4509883939144' 'present']
 ['10' '253.45105848184494' 'present']
 ['10' '256.4474397731738' 'present']
 ['6' '267.1181790426147' 'present']
 ['10' '302.09899204013624' 'present']
 ['10' '327.67697395775485' 'present']
 ['10' '331.79656528307845' 'present']
 ['10' '354.12359015435754' 'present']]","[['F30' '54.22513862611688' 'absent']
 ['F203' '112.5038225750811' 'absent']
 ['F208' '176.26491868717605' 'mated']
 ['F164' '176.3578664515475' 'mated']
 ['F83' '185.2354699367249' 'mated']
 ['F192' '201.13543228125388' 'mated']
 ['F37' '204.1257075278243' 'mated']
 ['F136' '204.17560136229298' 'mated']
 ['F81' '213.8238784778792' 'mated']
 ['F184' '215.37079184170258' 'mated']
 ['F86' '232.73192163412017' 'absent']
 ['F188' '236.68852624240392' 'mated']
 ['F119' '256.556697388202' 'absent']
 ['F89' '303.2087840665307' 'mated']
 ['F90' '306.4600821702073' 'mated']]",2000.0,1000.0,556.0,69.26337527658328,14.271635712948413,1608.0,272.34411943312483,57.98444221891218,67.0,12.220884983015395,2.693108081596869,17.0,1.7000000000000004,0.1700000000000001,99.0,4.5833333333333375,0.21219135802469094
10,0.054,12,359.95148152651444,"[['14' '3.423350351979631' 'present']
 ['6' '11.338249607780828' 'present']
 ['6' '12.216195019719' 'present']
 ['6' '12.495609765036644' 'marauded']
 ['9' '14.260330263396131' 'presentdestroyed']
 ['6' '22.386692731581864' 'present']
 ['9' '24.494127232250392' 'present']
 ['9' '29.651399921018918' 'present']
 ['6' '30.252757876091017' 'present']
 ['14' '41.70948127875259' 'present']
 ['14' '51.78200866058243' 'marauded']
 ['14' '55.742284827328646' 'destroyed']
 ['14' '58.092471813253816' 'presentdestroyed']
 ['9' '58.79687637085855' 'presentdestroyed']
 ['6' '74.69434500922641' 'present']
 ['9' '81.70204692904697' 'present']
 ['14' '86.52716074500523' 'marauded']
 ['14' '93.03737881037902' 'presentdestroyed']
 ['6' '96.70486961425819' 'present']
 ['9' '98.18260608979992' 'present']
 ['6' '102.90175652904574' 'present']
 ['6' '111.22835602404272' 'present']
 ['9' '118.07122924791264' 'present']
 ['7' '138.0420723607149' 'present']
 ['9' '140.25368162630085' 'present']
 ['15' '140.40716707498615' 'present']
 ['9' '148.16635390516666' 'present']
 ['6' '151.13734783660655' 'present']
 ['9' '152.31115480323126' 'present']
 ['14' '152.70694909912703' 'marauded']
 ['14' '155.15537379434127' 'presentdestroyed']
 ['6' '161.37645481468934' 'present']
 ['9' '170.89058099242973' 'present']
 ['7' '178.85320842283963' 'marauded']
 ['6' '183.38667300109591' 'presentdestroyed']
 ['9' '193.24031876217776' 'present']
 ['9' '199.41529734355487' 'present']
 ['9' '206.91231574026537' 'present']
 ['9' '214.79503577357474' 'present']
 ['9' '221.36067749077668' 'present']
 ['9' '226.6284530188764' 'marauded']
 ['14' '227.11325036179682' 'presentdestroyed']
 ['6' '228.48003626859898' 'destroyed']
 ['14' '231.93977654526293' 'presentdestroyed']
 ['14' '232.16459252989245' 'presentdestroyed']
 ['14' '239.6798325696104' 'present']
 ['6' '251.6216836950441' 'present']
 ['6' '255.64672417932064' 'present']
 ['6' '261.8726236581533' 'present']
 ['6' '263.26416475845963' 'present']
 ['6' '276.80147940125124' 'present']
 ['9' '280.03713939873165' 'marauded']
 ['15' '280.4267166294538' 'presentdestroyed']
 ['9' '282.78628762571725' 'destroyed']
 ['14' '283.23954370972035' 'presentdestroyed']
 ['6' '285.18317539306315' 'presentdestroyed']
 ['14' '287.7374049587039' 'marauded']
 ['9' '295.4232995167006' 'presentdestroyed']
 ['14' '295.88894015547993' 'present']
 ['14' '309.505694785007' 'present']
 ['9' '318.44208045498107' 'present']
 ['9' '330.6072937594751' 'present']
 ['9' '335.0348345909716' 'marauded']
 ['6' '337.2737614329144' 'presentdestroyed']
 ['14' '343.9626727485143' 'marauded']
 ['9' '351.37217762757524' 'presentdestroyed']]","[['F135' '9.229339501735662' 'mated']
 ['F150' '79.66772320062589' 'absent']
 ['F23' '84.80723183279349' 'mated']
 ['F128' '127.27805391046911' 'mated']
 ['F52' '131.36363109676896' 'mated']
 ['F14' '146.29611345220596' 'mated']
 ['F4' '162.8790776348723' 'mated']
 ['F208' '176.1954742427316' 'absent']
 ['F208' '176.2417705390279' 'absent']
 ['F195' '206.25995940593182' 'mated']
 ['F78' '209.56153276159267' 'mated']
 ['F146' '224.39257276027877' 'mated']
 ['F39' '237.71604203843233' 'mated']
 ['F127' '284.90607973875507' 'destroyed']
 ['F0' '325.8370856602107' 'mated']
 ['F207' '334.46322489560754' 'mated']]",2000.0,2000.0,562.0,69.60683012134021,14.079228600428879,1329.0,223.89441438718728,47.543531220781105,351.0,60.8907435409708,13.341884944566056,17.0,1.7000000000000004,0.1700000000000001,83.0,3.919298807846868,0.18647119341563761
11,0.0,13,360.014552890704,"[['7' '2.890487332838134' 'present']
 ['7' '2.936783629134431' 'marauded']
 ['10' '9.02209017285633' 'presentdestroyed']
 ['10' '10.39498831539502' 'destroyed']
 ['10' '10.660787487187507' 'present']
 ['7' '16.280678229850068' 'present']
 ['7' '18.576549247430126' 'present']
 ['15' '31.008797757757716' 'present']
 ['10' '50.85043526002739' 'marauded']
 ['15' '56.719138017524976' 'presentdestroyed']
 ['15' '56.76543431382127' 'presentdestroyed']
 ['15' '59.87997033542027' 'marauded']
 ['10' '65.23072520658143' 'destroyed']
 ['15' '76.96184333453478' 'present']
 ['7' '91.00116249696028' 'present']
 ['7' '94.79365661222899' 'present']
 ['7' '102.12970133269884' 'present']
 ['7' '102.74842743041229' 'present']
 ['7' '106.67896489756413' 'marauded']
 ['15' '111.24731360727655' 'presentdestroyed']
 ['10' '116.87704242908093' 'marauded']
 ['15' '118.3842993276734' 'destroyed']
 ['7' '123.30406323394124' 'presentdestroyed']
 ['7' '127.5690331272332' 'present']
 ['10' '129.26139608176894' 'present']
 ['10' '141.55191333047588' 'present']
 ['7' '145.3493362111248' 'present']
 ['7' '146.6497816934789' 'present']
 ['7' '148.3304376210033' 'present']
 ['15' '150.64235837545954' 'marauded']
 ['15' '154.61523159114657' 'presentdestroyed']
 ['10' '162.31230762331745' 'present']
 ['7' '170.0837797319446' 'present']
 ['7' '184.16315095396698' 'present']
 ['7' '187.97300670919478' 'present']
 ['10' '202.98272979828013' 'present']
 ['7' '212.97277843406357' 'marauded']
 ['10' '216.45616341632095' 'presentdestroyed']
 ['7' '226.90017036936027' 'present']
 ['15' '228.88039946354644' 'present']
 ['15' '228.97299205613905' 'present']
 ['10' '237.88140108167136' 'present']
 ['10' '248.3427973298035' 'present']
 ['15' '250.95851815775427' 'present']
 ['15' '258.0698255154956' 'present']
 ['10' '258.16412305269193' 'marauded']
 ['7' '259.36245633084326' 'presentdestroyed']
 ['10' '260.73716622912315' 'presentdestroyed']
 ['7' '262.94517428218103' 'destroyed']
 ['15' '268.4547023754391' 'present']
 ['15' '270.386781942418' 'present']
 ['15' '273.6599951799015' 'present']
 ['7' '278.28374362757376' 'present']
 ['15' '280.04266628496896' 'present']
 ['7' '294.29708810800696' 'present']
 ['10' '306.3575720283334' 'marauded']
 ['7' '312.11152900364146' 'destroyed']
 ['15' '324.7831895956293' 'present']
 ['15' '349.32107459006994' 'present']
 ['15' '353.7246749126455' 'marauded']
 ['7' '356.54832743477687' 'presentdestroyed']
 ['7' '356.59462373107317' 'presentdestroyed']
 ['15' '357.42463101570235' 'presentdestroyed']]","[['F211' '17.78827167507938' 'absent']
 ['F211' '17.834567971375677' 'mated']
 ['F7' '27.570215270722255' 'mated']
 ['F58' '44.241402373460936' 'mated']
 ['F123' '69.06522387840822' 'mated']
 ['F150' '79.69087134877404' 'mated']
 ['F52' '131.3404829486208' 'absent']
 ['F8' '142.7548586279211' 'absent']
 ['F63' '160.74609629148281' 'absent']
 ['F27' '172.68166390516478' 'mated']
 ['F189' '180.07916573964084' 'mated']
 ['F145' '183.13087101000326' 'mated']
 ['F5' '208.9374132874536' 'mated']
 ['F131' '210.4702489877743' 'absent']
 ['F81' '213.7775821815829' 'destroyed']
 ['F168' '233.3701261301096' 'mated']
 ['F106' '240.12553736508306' 'mated']
 ['F163' '244.03950073919953' 'mated']
 ['F127' '284.9292278869032' 'mated']
 ['F207' '334.4400767474594' 'absent']]",2000.0,3000.0,567.0,70.64050882697113,14.86778774858851,1366.0,228.98873268338397,48.421433196429746,362.0,60.41902403141035,12.518589980208937,0.0,0.0,0.0,0.0,0.0,0.0
12,0.054,5,360.0428979030027,"[['16' '7.444557208966893' 'present']
 ['15' '8.09524259548055' 'marauded']
 ['15' '10.602980799485138' 'destroyed']
 ['16' '29.181205555529978' 'marauded']
 ['15' '29.485295958888734' 'destroyed']
 ['19' '50.60709420790379' 'present']
 ['16' '53.482628674387186' 'present']
 ['15' '55.973271080369756' 'present']
 ['15' '58.949444185980916' 'marauded']
 ['15' '86.98078062726618' 'present']
 ['16' '106.532019113642' 'present']
 ['16' '108.2141252207313' 'marauded']
 ['16' '111.77176937194935' 'presentdestroyed']
 ['15' '118.16491347072467' 'present']
 ['15' '151.88975219761622' 'present']
 ['16' '175.53397182655397' 'marauded']
 ['16' '194.72295750888588' 'present']
 ['15' '200.89734133753083' 'present']
 ['16' '205.76868585496277' 'marauded']
 ['15' '218.6356193699943' 'present']
 ['16' '218.64833423447035' 'present']
 ['15' '228.92669575984274' 'present']
 ['15' '229.01928835243535' 'present']
 ['15' '274.17514820787557' 'present']
 ['15' '288.92255403056436' 'present']
 ['16' '294.2792855604082' 'present']
 ['16' '299.93197141000763' 'present']
 ['15' '302.5002507616875' 'present']
 ['15' '304.55655768949515' 'present']
 ['16' '304.98446014665495' 'present']
 ['15' '314.55622304801875' 'present']
 ['15' '318.2971772620726' 'marauded']
 ['15' '322.9254369244887' 'presentdestroyed']
 ['15' '326.2286379743576' 'marauded']
 ['15' '327.75973526850294' 'presentdestroyed']
 ['15' '343.5408774111462' 'present']
 ['15' '350.4430699263627' 'present']]","[['F41' '37.16811625302875' 'mated']
 ['F73' '40.31589959922353' 'mated']
 ['F24' '203.8363057640052' 'mated']
 ['F112' '278.12240566132584' 'absent']
 ['F95' '294.6322768880483' 'mated']
 ['F74' '349.55868507070795' 'mated']]",3000.0,0.0,565.0,66.49709598922762,12.555889854414785,1390.0,238.74872896946715,51.95019103034599,287.0,48.85187745909556,10.441416954034187,18.0,1.8000000000000005,0.1800000000000001,91.0,4.289669178217241,0.20361796982167327
13,0.0,13,360.0035199715018,"[['14' '3.788771305405901' 'present']
 ['17' '9.555200986341424' 'present']
 ['9' '10.220589610829213' 'marauded']
 ['14' '13.529702145803386' 'presentdestroyed']
 ['17' '17.39912595165547' 'present']
 ['14' '18.8609549396307' 'present']
 ['9' '20.416739736714955' 'present']
 ['17' '36.25355919841843' 'present']
 ['17' '38.8405753078826' 'present']
 ['12' '39.93660853069825' 'present']
 ['12' '40.42160641960939' 'present']
 ['12' '40.46790271590568' 'present']
 ['17' '41.01534811343561' 'present']
 ['18' '43.38248006824525' 'present']
 ['9' '49.19781657843036' 'present']
 ['9' '49.741674687246736' 'present']
 ['14' '53.187211419882715' 'present']
 ['17' '55.95202590904549' 'present']
 ['14' '57.660609926907306' 'present']
 ['14' '57.7181993648412' 'present']
 ['17' '62.46715141768088' 'present']
 ['14' '66.14046781552732' 'present']
 ['17' '67.28278796585634' 'present']
 ['12' '76.4368605771905' 'marauded']
 ['12' '76.6368806561007' 'presentdestroyed']
 ['14' '86.67345704130153' 'present']
 ['12' '87.97841416178423' 'present']
 ['14' '89.65483617201076' 'present']
 ['14' '97.19877638558891' 'present']
 ['12' '100.05110724405611' 'marauded']
 ['14' '104.55526591930806' 'presentdestroyed']
 ['12' '108.21972689156323' 'present']
 ['9' '111.48485039301077' 'present']
 ['9' '116.98393496437693' 'marauded']
 ['12' '124.36898539676332' 'presentdestroyed']
 ['14' '129.27949941958798' 'present']
 ['12' '129.72140271241747' 'present']
 ['12' '129.81399530501008' 'present']
 ['12' '131.47604803381995' 'present']
 ['10' '132.8125930304703' 'present']
 ['17' '138.84781439841845' 'present']
 ['12' '141.68291474702494' 'present']
 ['14' '147.76793465649655' 'present']
 ['17' '148.22672102101345' 'present']
 ['17' '152.1886345926849' 'present']
 ['14' '156.2674029842197' 'present']
 ['12' '165.4993619744487' 'present']
 ['9' '168.1975267810809' 'present']
 ['12' '171.855107042687' 'present']
 ['9' '180.00263335993233' 'present']
 ['14' '180.6050877134486' 'present']
 ['10' '189.75991931663484' 'present']
 ['12' '191.26811291895046' 'present']
 ['14' '191.6916290986238' 'present']
 ['14' '193.34753432159206' 'present']
 ['17' '193.5384401380419' 'present']
 ['9' '199.7192131158006' 'marauded']
 ['14' '210.63034177746516' 'present']
 ['12' '213.3638614087407' 'present']
 ['12' '218.7075007170729' 'present']
 ['9' '220.43140678767986' 'present']
 ['17' '231.31839925805855' 'present']
 ['17' '239.00485612862212' 'present']
 ['14' '240.61915256500754' 'present']
 ['12' '243.0187359520318' 'present']
 ['17' '243.34723258252356' 'present']
 ['12' '245.0170669316481' 'present']
 ['12' '255.45170276055205' 'marauded']
 ['14' '259.4013840644678' 'destroyed']
 ['17' '262.52263427896736' 'presentdestroyed']
 ['9' '265.79320205736417' 'present']
 ['9' '266.9584843722032' 'present']
 ['12' '267.7645943188802' 'marauded']
 ['14' '270.06302119746005' 'presentdestroyed']
 ['9' '273.8923247276387' 'presentdestroyed']
 ['12' '275.2081578921372' 'present']
 ['9' '278.2972291295048' 'present']
 ['12' '280.2516282063696' 'present']
 ['14' '281.8400753574464' 'present']
 ['9' '289.3265786409332' 'present']
 ['9' '290.0239727823822' 'marauded']
 ['9' '293.1643371947105' 'presentdestroyed']
 ['9' '295.94613658104606' 'destroyed']
 ['17' '296.89873524724' 'presentdestroyed']
 ['9' '297.89665248415366' 'present']
 ['14' '304.0772461653289' 'marauded']
 ['17' '308.7033172789973' 'presentdestroyed']
 ['14' '309.847333351248' 'destroyed']
 ['12' '312.4341799804905' 'present']
 ['9' '314.0160214844821' 'present']
 ['17' '320.57374626677256' 'present']
 ['17' '322.63852676333335' 'present']
 ['17' '330.2461396256026' 'present']
 ['14' '341.1725094928845' 'present']
 ['12' '344.6325111361617' 'marauded']
 ['17' '350.59419747364024' 'presentdestroyed']]","[['F40' '73.76826694732631' 'mated']
 ['F64' '118.39055569240367' 'destroyed']
 ['F35' '137.88594890274686' 'mated']
 ['F162' '138.81884176967617' 'mated']
 ['F198' '160.17838907006623' 'mated']
 ['F175' '161.81831546468925' 'mated']
 ['F156' '162.47181952895914' 'mated']
 ['F26' '170.58231628294587' 'mated']
 ['F130' '172.48227844191615' 'mated']
 ['F91' '219.68808907082303' 'mated']
 ['F152' '235.07866593455464' 'mated']
 ['F66' '248.1389115201232' 'mated']
 ['F94' '252.70057761140288' 'mated']
 ['F119' '256.53354924005384' 'destroyed']
 ['F181' '300.6209969838553' 'mated']]",3000.0,1000.0,571.0,65.819799729586,12.376575337512243,1399.0,233.07552809952978,49.51518718785567,355.0,61.12535216868418,13.210684610585298,0.0,0.0,0.0,0.0,0.0,0.0
14,0.054,9,360.656287927599,"[['15' '8.241538891776846' 'present']
 ['10' '12.49389292256867' 'present']
 ['10' '33.33768213691671' 'present']
 ['10' '45.381849602537564' 'present']
 ['15' '47.84008741898279' 'present']
 ['15' '56.97708243040497' 'present']
 ['10' '67.01109043594688' 'marauded']
 ['10' '67.30970284427839' 'presentdestroyed']
 ['18' '68.39349482755823' 'presentdestroyed']
 ['10' '68.91811623137374' 'presentdestroyed']
 ['15' '70.3527709134838' 'presentdestroyed']
 ['19' '71.96709750169863' 'presentdestroyed']
 ['10' '71.99127439985844' 'presentdestroyed']
 ['18' '78.40491346673875' 'present']
 ['10' '81.36379490521855' 'present']
 ['10' '85.139242125454' 'present']
 ['18' '99.06674582819343' 'present']
 ['18' '112.70922376709743' 'present']
 ['15' '114.36066175059001' 'present']
 ['18' '114.62690223242731' 'marauded']
 ['15' '118.21120976702097' 'presentdestroyed']
 ['10' '120.54791692738364' 'presentdestroyed']
 ['18' '122.01806006222756' 'present']
 ['15' '126.5675078944307' 'present']
 ['10' '126.69706700971352' 'present']
 ['18' '136.01939201869044' 'present']
 ['15' '163.47320167858035' 'present']
 ['15' '165.64818864293017' 'present']
 ['18' '165.87742318333417' 'present']
 ['15' '169.77759601763188' 'marauded']
 ['10' '170.68750842467009' 'presentdestroyed']
 ['15' '176.63221662565041' 'presentdestroyed']
 ['10' '196.58214605469283' 'marauded']
 ['10' '201.9630916404049' 'presentdestroyed']
 ['15' '203.64226476869717' 'destroyed']
 ['10' '206.62956212076628' 'present']
 ['18' '229.04916420587585' 'present']
 ['15' '229.22604556012374' 'present']
 ['15' '250.1466019609973' 'present']
 ['15' '251.94212800055064' 'present']
 ['15' '258.1161218117919' 'present']
 ['18' '260.0712058235632' 'present']
 ['10' '260.35358984493024' 'present']
 ['15' '268.6514609834775' 'present']
 ['10' '272.18806253396457' 'marauded']
 ['15' '272.6830475436179' 'destroyed']
 ['15' '274.6220668919384' 'presentdestroyed']
 ['18' '274.6230706016814' 'presentdestroyed']
 ['18' '283.6712206433767' 'present']
 ['18' '307.02718184548274' 'present']
 ['18' '312.5080407673979' 'present']
 ['15' '312.83659327471315' 'marauded']
 ['18' '322.74571877298405' 'present']
 ['15' '324.275714461372' 'present']
 ['10' '326.63216990114125' 'present']
 ['18' '338.1005375940189' 'present']
 ['17' '338.2899630373402' 'present']
 ['10' '342.5479794035852' 'present']
 ['10' '343.98430087260886' 'marauded']
 ['18' '357.8476031170335' 'present']]","[['F144' '84.84667266836469' 'mated']
 ['F121' '88.9303763656682' 'mated']
 ['F138' '92.61637160610564' 'mated']
 ['F161' '97.55053915673703' 'mated']
 ['F19' '120.50186093183223' 'destroyed']
 ['F54' '132.12076387690115' 'mated']
 ['F33' '147.1055873349785' 'mated']
 ['F140' '150.01308986485358' 'mated']
 ['F51' '173.3916754346248' 'destroyed']
 ['F208' '176.17232609458344' 'destroyed']
 ['F208' '176.21862239087974' 'destroyed']
 ['F201' '207.98767846294788' 'mated']
 ['F47' '272.6287617952597' 'destroyed']
 ['F194' '283.8059185173609' 'mated']]",3000.0,2000.0,574.0,70.7472558554405,14.01379691888802,1422.0,242.0436268214708,51.99023477926149,246.0,42.42400733652077,9.297128490824395,9.0,0.8999999999999999,0.09000000000000002,86.0,4.039011142922188,0.1907578875171465
15,0.054,9,360.55364201307356,"[['14' '4.606625674123474' 'present']
 ['14' '10.594787700932045' 'marauded']
 ['14' '16.108167954124124' 'presentdestroyed']
 ['14' '18.441111432152205' 'present']
 ['14' '30.335249148294505' 'present']
 ['12' '47.841863447426675' 'marauded']
 ['12' '67.98544722573332' 'present']
 ['12' '70.77947704267467' 'present']
 ['19' '70.90419642543397' 'present']
 ['14' '81.11981237130237' 'present']
 ['12' '87.17876286421523' 'marauded']
 ['12' '89.5289530965759' 'presentdestroyed']
 ['14' '94.07672675300887' 'destroyed']
 ['14' '94.66916090872667' 'presentdestroyed']
 ['12' '96.57871722894777' 'marauded']
 ['14' '98.23081877174337' 'presentdestroyed']
 ['14' '103.0634130391183' 'presentdestroyed']
 ['14' '104.85344271919209' 'present']
 ['12' '107.49149784221113' 'present']
 ['12' '117.70798591891824' 'present']
 ['12' '126.58171136348739' 'marauded']
 ['19' '130.24864102271172' 'presentdestroyed']
 ['19' '130.3143634172261' 'presentdestroyed']
 ['19' '137.1783927413358' 'present']
 ['12' '145.23268434055038' 'present']
 ['14' '155.00633022895664' 'present']
 ['14' '158.22013917620973' 'present']
 ['14' '158.26643547250603' 'present']
 ['19' '181.07821061375915' 'marauded']
 ['14' '186.4188927117437' 'presentdestroyed']
 ['19' '187.35540405773955' 'presentdestroyed']
 ['12' '187.46776871995283' 'presentdestroyed']
 ['10' '190.9296323442157' 'marauded']
 ['12' '194.45416434118073' 'presentdestroyed']
 ['14' '207.56691815853213' 'present']
 ['14' '217.9495807905483' 'present']
 ['12' '227.0336990746294' 'present']
 ['12' '230.95226567231634' 'marauded']
 ['14' '234.53022613274652' 'presentdestroyed']
 ['12' '240.2842083991783' 'present']
 ['18' '243.877927531742' 'present']
 ['12' '244.97077063535178' 'present']
 ['14' '251.54757168006245' 'present']
 ['12' '260.2360608190318' 'present']
 ['14' '271.81072489139234' 'present']
 ['12' '285.11379041099934' 'present']
 ['12' '290.09388025552477' 'marauded']
 ['12' '291.7139212496122' 'presentdestroyed']
 ['14' '295.0812689427064' 'presentdestroyed']
 ['14' '300.9771906213844' 'present']
 ['18' '307.3427088524212' 'present']
 ['19' '308.14896256269594' 'present']
 ['19' '311.00846677469144' 'present']
 ['19' '320.86736871053154' 'present']
 ['19' '328.297697036838' 'marauded']
 ['14' '334.6922217461826' 'presentdestroyed']
 ['19' '343.5127606628682' 'present']
 ['12' '359.81906350176547' 'marauded']]","[['F73' '40.29275145107538' 'absent']
 ['F161' '97.52739100858888' 'destroyed']
 ['F54' '132.0513194324567' 'destroyed']
 ['F54' '132.097615728753' 'destroyed']
 ['F169' '133.1707498384105' 'destroyed']
 ['F79' '136.27860548901234' 'mated']
 ['F153' '159.05758239294843' 'mated']
 ['F51' '173.41482358277295' 'mated']
 ['F101' '207.57890607273845' 'mated']
 ['F131' '210.49339713592246' 'mated']
 ['F132' '210.751931578461' 'mated']
 ['F104' '301.3190369154243' 'mated']
 ['F15' '310.5159932501782' 'mated']
 ['F44' '312.07085186530014' 'mated']]",3000.0,3000.0,568.0,68.38295899276169,13.461856120732575,1346.0,225.11353674616834,47.91131228279026,362.0,61.05147947812645,12.869787911226213,12.0,1.2,0.12000000000000005,90.0,4.300902543361652,0.20790466392318213
16,0.054,11,360.63285037054925,"[['12' '3.6591849575489652' 'present']
 ['20' '8.54946994566552' 'marauded']
 ['20' '10.502988420757141' 'presentdestroyed']
 ['17' '20.36597636178544' 'marauded']
 ['20' '35.36457315882741' 'present']
 ['20' '37.682904091901705' 'present']
 ['12' '37.93482213888483' 'marauded']
 ['20' '43.947176217566785' 'presentdestroyed']
 ['19' '56.295732898771696' 'present']
 ['12' '57.179796702501754' 'present']
 ['17' '59.29488425232061' 'present']
 ['19' '66.04263204989935' 'present']
 ['21' '70.25714520001486' 'present']
 ['12' '71.78829146135084' 'marauded']
 ['17' '78.44513041478736' 'presentdestroyed']
 ['12' '86.02739470021156' 'present']
 ['12' '88.48837653081438' 'present']
 ['12' '101.45127391048563' 'present']
 ['17' '102.25090763798511' 'present']
 ['20' '106.2845467968784' 'present']
 ['20' '113.98514259736983' 'present']
 ['17' '120.89452526917768' 'present']
 ['12' '123.8289101788191' 'present']
 ['19' '124.6602580775074' 'present']
 ['19' '139.39240246539325' 'present']
 ['12' '148.72622602026775' 'marauded']
 ['17' '150.6038199356994' 'presentdestroyed']
 ['17' '151.95640214413967' 'presentdestroyed']
 ['20' '152.27350495464847' 'presentdestroyed']
 ['17' '156.82397441887935' 'present']
 ['12' '157.1132871048443' 'marauded']
 ['19' '173.2393668339661' 'present']
 ['17' '174.24310583075885' 'present']
 ['20' '175.7159550951938' 'present']
 ['12' '203.7209311038683' 'present']
 ['19' '208.8942556915723' 'present']
 ['12' '217.35604824024773' 'present']
 ['17' '217.95323143572273' 'present']
 ['17' '223.26393752956574' 'present']
 ['17' '224.9061434604411' 'present']
 ['20' '232.79121642348878' 'marauded']
 ['19' '233.56879728875694' 'presentdestroyed']
 ['12' '245.60131107281077' 'present']
 ['19' '250.44506248123852' 'marauded']
 ['19' '254.11626238843414' 'destroyed']
 ['19' '261.6839478292446' 'present']
 ['20' '264.77527769598885' 'present']
 ['17' '266.68656609605074' 'present']
 ['20' '267.09012762019273' 'present']
 ['20' '276.6473818261332' 'present']
 ['20' '283.84816112804066' 'present']
 ['17' '284.3228068100767' 'present']
 ['20' '285.7099943603313' 'marauded']
 ['19' '290.1206290673479' 'presentdestroyed']
 ['17' '290.94730553010083' 'presentdestroyed']
 ['17' '306.14140693555635' 'present']
 ['19' '306.8830209850132' 'present']
 ['20' '309.350313919531' 'present']
 ['20' '310.8448556633769' 'present']
 ['21' '318.44893136663114' 'present']
 ['19' '322.55457012845085' 'marauded']
 ['19' '323.4922777753364' 'destroyed']
 ['20' '325.9045255508705' 'presentdestroyed']
 ['20' '325.9508218471668' 'presentdestroyed']
 ['20' '332.6051863589463' 'present']
 ['19' '340.38792090765855' 'present']
 ['12' '342.5068102626245' 'present']
 ['21' '349.60187966793865' 'marauded']
 ['17' '350.97110966561746' 'presentdestroyed']
 ['20' '353.7564253225102' 'presentdestroyed']
 ['12' '359.0582610341283' 'present']]","[['F85' '5.292310872420951' 'mated']
 ['F137' '83.27276305040178' 'mated']
 ['F171' '83.96044160855766' 'mated']
 ['F200' '126.4369723056902' 'mated']
 ['F153' '159.01128609665213' 'destroyed']
 ['F134' '166.91317073098904' 'mated']
 ['F170' '184.72638077130156' 'mated']
 ['F6' '199.12084099726192' 'absent']
 ['F29' '207.36286906862728' 'absent']
 ['F116' '215.92850302949705' 'mated']
 ['F36' '221.99571837611774' 'mated']
 ['F113' '232.85425264212495' 'destroyed']
 ['F129' '248.46635614485234' 'absent']
 ['F129' '248.51265244114865' 'absent']
 ['F100' '248.81909679943416' 'mated']
 ['F112' '278.145553809474' 'mated']
 ['F13' '294.3897310328781' 'mated']]",4000.0,0.0,564.0,71.1423122392655,15.42577881618074,1291.0,217.39989529039653,46.72031455145442,391.0,67.01849168558016,14.51745569980916,16.0,1.6000000000000003,0.1600000000000001,62.0,2.889546924183939,0.13503086419753088
17,0.054,6,360.27344036693484,"[['16' '2.4710624330925754' 'marauded']
 ['21' '10.579232867570745' 'present']
 ['14' '20.995541190310632' 'present']
 ['21' '24.706586470512104' 'marauded']
 ['16' '47.46889031978749' 'marauded']
 ['18' '47.61339663242767' 'destroyed']
 ['21' '53.59862064086866' 'presentdestroyed']
 ['21' '69.02814775932292' 'present']
 ['21' '85.01770136193862' 'present']
 ['21' '93.3344586116143' 'marauded']
 ['16' '104.68819485634165' 'marauded']
 ['18' '107.85794626513224' 'presentdestroyed']
 ['18' '109.7238950497081' 'presentdestroyed']
 ['16' '117.19034053698655' 'present']
 ['18' '122.61054812672977' 'present']
 ['18' '124.87255248199789' 'marauded']
 ['16' '134.13649743313496' 'present']
 ['18' '135.28245686654157' 'present']
 ['16' '142.07505317399867' 'present']
 ['18' '152.7710700832913' 'present']
 ['18' '157.50669245814345' 'present']
 ['18' '160.68988360288594' 'present']
 ['18' '162.86581204131667' 'present']
 ['21' '164.72542127702306' 'present']
 ['21' '175.51646782097208' 'present']
 ['18' '206.9664490305439' 'present']
 ['16' '210.48930817778773' 'marauded']
 ['18' '216.10367636940867' 'presentdestroyed']
 ['18' '229.09546050217216' 'present']
 ['18' '231.5200519947522' 'present']
 ['18' '246.77408900684821' 'present']
 ['16' '248.9514154848432' 'present']
 ['18' '253.03427968188342' 'present']
 ['21' '259.37940889995696' 'present']
 ['16' '271.04273590993716' 'marauded']
 ['16' '275.49728946386887' 'presentdestroyed']
 ['18' '275.75173467306547' 'presentdestroyed']
 ['12' '278.07637537091074' 'destroyed']
 ['16' '284.7851195539885' 'present']
 ['22' '295.4446496778935' 'present']
 ['18' '307.39859342562426' 'present']
 ['18' '317.5042367236833' 'present']
 ['16' '321.32738937821455' 'present']
 ['16' '333.3259903858142' 'present']
 ['21' '345.0854368404701' 'present']
 ['16' '346.54157713696003' 'present']
 ['12' '350.52577904637764' 'present']]","[['F42' '25.47459114537295' 'absentdestroyed']
 ['F159' '38.36519356693351' 'mated']
 ['F174' '95.93833781420896' 'destroyed']
 ['F64' '118.36740754425551' 'absent']
 ['F209' '134.9183376431791' 'mated']
 ['F149' '185.0981608278649' 'mated']
 ['F29' '207.38601721677543' 'mated']
 ['F46' '234.4314806203259' 'mated']
 ['F129' '248.4895042930005' 'absent']
 ['F158' '269.29448041611704' 'mated']]",4000.0,1000.0,566.0,71.88569460480996,15.805504954937087,1412.0,235.4060203518855,49.644858204740494,281.0,48.726448563673955,10.503762407482487,6.0,0.6,0.06000000000000001,76.0,3.537695072332087,0.16503772290809315
18,0.054,12,360.18534426947326,"[['19' '0.08726051220645362' 'present']
 ['19' '4.32389741459696' 'marauded']
 ['22' '16.415933175267256' 'marauded']
 ['14' '25.551956125565294' 'present']
 ['19' '26.519277536885276' 'present']
 ['14' '30.188952851998206' 'marauded']
 ['14' '39.11250701674144' 'present']
 ['22' '40.37354159118961' 'present']
 ['14' '41.869806805197356' 'present']
 ['14' '46.27904707497316' 'present']
 ['19' '58.0819282332171' 'present']
 ['22' '59.035865648884524' 'present']
 ['14' '59.76103634557586' 'present']
 ['22' '68.26272823477818' 'present']
 ['22' '74.07277491990277' 'present']
 ['14' '75.19647576163432' 'present']
 ['17' '75.25227226609876' 'present']
 ['17' '82.25743037865115' 'present']
 ['19' '92.25857315118411' 'present']
 ['14' '95.37208044091827' 'present']
 ['14' '101.20694021577401' 'present']
 ['17' '103.40832034227083' 'present']
 ['14' '107.43699953998822' 'present']
 ['22' '116.32689132605005' 'present']
 ['17' '116.87354733426316' 'present']
 ['17' '119.42515057720432' 'present']
 ['17' '124.09017331504853' 'present']
 ['14' '130.47884386893918' 'present']
 ['19' '134.72372080574206' 'present']
 ['19' '143.64752337790907' 'present']
 ['19' '144.01179495447553' 'present']
 ['17' '144.96749248822928' 'present']
 ['17' '149.68888481016933' 'present']
 ['19' '150.6984926119395' 'present']
 ['23' '161.26017126610992' 'present']
 ['17' '163.0452049827655' 'present']
 ['14' '166.8889018242945' 'present']
 ['17' '167.633467480144' 'marauded']
 ['19' '167.9486239690674' 'presentdestroyed']
 ['22' '169.12049196554995' 'presentdestroyed']
 ['19' '170.11674956542205' 'destroyed']
 ['17' '181.1379775762509' 'marauded']
 ['17' '183.157361423864' 'presentdestroyed']
 ['19' '185.1474888338159' 'presentdestroyed']
 ['19' '186.12006192184143' 'presentdestroyed']
 ['14' '196.60441011903836' 'present']
 ['19' '197.11290170227267' 'marauded']
 ['17' '201.68401569551227' 'presentdestroyed']
 ['14' '210.58404548116886' 'present']
 ['14' '221.04298668850916' 'marauded']
 ['19' '221.41877675176482' 'destroyed']
 ['15' '228.15748445033765' 'presentdestroyed']
 ['22' '231.17420970726909' 'present']
 ['19' '232.0315889918984' 'present']
 ['22' '234.5181887311594' 'present']
 ['17' '234.79774280678518' 'marauded']
 ['17' '238.78670954201718' 'presentdestroyed']
 ['19' '251.04209742151895' 'present']
 ['17' '252.88374956658453' 'present']
 ['19' '254.2270764317668' 'present']
 ['19' '254.64562846654292' 'present']
 ['19' '255.69096060487917' 'present']
 ['22' '256.05075096168997' 'present']
 ['22' '263.3714648567357' 'present']
 ['22' '264.923820846393' 'present']
 ['17' '267.23530073405954' 'present']
 ['17' '269.08739968697625' 'present']
 ['22' '274.2787627992598' 'present']
 ['22' '280.88513358656445' 'present']
 ['19' '295.09384230212015' 'present']
 ['14' '303.1146062776861' 'present']
 ['15' '304.84014659694554' 'present']
 ['17' '305.47267154655736' 'present']
 ['19' '309.7077084467719' 'present']
 ['19' '314.02496468860846' 'present']
 ['17' '314.6443051305922' 'present']
 ['14' '328.994505508063' 'present']
 ['17' '332.9000115464364' 'present']
 ['23' '338.4452063463999' 'marauded']
 ['22' '340.35220710231033' 'presentdestroyed']
 ['22' '341.3124442884508' 'presentdestroyed']
 ['17' '343.28276454074444' 'presentdestroyed']
 ['19' '345.1364307882786' 'presentdestroyed']
 ['17' '345.82934384219516' 'present']
 ['22' '347.66307321865196' 'marauded']
 ['17' '351.2266434264112' 'presentdestroyed']
 ['17' '354.17459364136613' 'presentdestroyed']
 ['22' '358.5044612632657' 'present']]","[['F42' '25.4977392935211' 'mated']
 ['F76' '59.58500175399211' 'mated']
 ['F174' '95.96148596235712' 'mated']
 ['F19' '120.52500907998038' 'mated']
 ['F196' '127.74626067155327' 'mated']
 ['F103' '147.68855694403902' 'absent']
 ['F140' '149.98994171670543' 'absent']
 ['F28' '155.0219612010825' 'mated']
 ['F187' '166.88916714682347' 'mated']
 ['F99' '167.95310058502568' 'destroyed']
 ['F82' '189.76676868538675' 'mated']
 ['F57' '210.30977262444782' 'mated']
 ['F160' '252.52923393235395' 'mated']
 ['F65' '254.9166113164893' 'absent']
 ['F65' '266.9629076127856' 'mated']
 ['F47' '272.6519099434079' 'mated']]",4000.0,2000.0,566.0,70.87918466373729,15.560155277967365,1311.0,223.6812473258613,48.89321284447932,362.0,61.07006592105574,13.183626484939264,8.0,0.7999999999999999,0.08000000000000002,81.0,3.8075296614407064,0.18004115226337428
19,0.054,8,360.6200332495691,"[['16' '7.967986633977844' 'marauded']
 ['23' '16.66432641451349' 'marauded']
 ['23' '27.40149392086762' 'marauded']
 ['23' '31.813317556897534' 'presentdestroyed']
 ['16' '32.624355705551125' 'presentdestroyed']
 ['15' '38.32104828546168' 'present']
 ['18' '64.18756890687055' 'present']
 ['23' '75.32708142147926' 'marauded']
 ['18' '79.1463700509602' 'presentdestroyed']
 ['16' '83.84830213996867' 'present']
 ['15' '85.49174177870078' 'present']
 ['18' '88.77658653598507' 'present']
 ['16' '93.84030250943455' 'present']
 ['23' '100.73720787495398' 'present']
 ['23' '101.19093680223484' 'present']
 ['16' '103.9535175398446' 'marauded']
 ['18' '105.30742021570728' 'destroyed']
 ['16' '113.61569835805803' 'marauded']
 ['23' '123.16573475271169' 'present']
 ['23' '124.25505589581765' 'present']
 ['16' '125.99796378320863' 'present']
 ['18' '131.55264352535374' 'present']
 ['16' '132.4820019312057' 'present']
 ['16' '136.74080733934943' 'present']
 ['15' '137.23024960365797' 'present']
 ['16' '137.2636938567574' 'present']
 ['23' '152.39537319510697' 'marauded']
 ['18' '154.96381345020325' 'presentdestroyed']
 ['15' '155.40617522810646' 'presentdestroyed']
 ['23' '155.8942850284612' 'presentdestroyed']
 ['23' '156.72009704445253' 'presentdestroyed']
 ['15' '164.00575741967265' 'present']
 ['23' '172.9679067742997' 'present']
 ['16' '176.11306039862313' 'present']
 ['18' '178.03079946964414' 'present']
 ['15' '201.3819478976376' 'present']
 ['15' '201.46479625959125' 'present']
 ['18' '207.54968332665777' 'present']
 ['15' '213.1175507006562' 'marauded']
 ['16' '218.5649994415318' 'presentdestroyed']
 ['18' '219.17872777717182' 'destroyed']
 ['16' '219.6802092490968' 'presentdestroyed']
 ['16' '224.50191895068917' 'marauded']
 ['12' '226.6238198611466' 'destroyed']
 ['23' '227.5761668082379' 'presentdestroyed']
 ['15' '228.21336902354074' 'presentdestroyed']
 ['23' '242.7235731914005' 'present']
 ['16' '247.3007802247204' 'present']
 ['18' '251.45485759782792' 'present']
 ['16' '263.50450041864474' 'marauded']
 ['23' '266.9896104110854' 'presentdestroyed']
 ['15' '270.6971282597982' 'destroyed']
 ['18' '272.9825521585568' 'marauded']
 ['18' '275.19157869446195' 'presentdestroyed']
 ['15' '289.0996638090255' 'present']
 ['15' '289.4751950015224' 'present']
 ['18' '293.57069025037055' 'present']
 ['23' '295.03198382568604' 'present']
 ['16' '299.839378817415' 'present']
 ['23' '300.09935221400985' 'present']
 ['14' '303.7493226478054' 'present']
 ['23' '307.34372129557346' 'present']
 ['16' '333.3722866821105' 'present']
 ['18' '333.433580257892' 'present']
 ['15' '338.1842411635402' 'present']
 ['18' '338.45846610930636' 'present']
 ['22' '341.58573731686397' 'present']
 ['15' '350.2224591011526' 'present']
 ['15' '351.15866970670464' 'present']
 ['15' '353.0899053926291' 'marauded']
 ['15' '353.6783786163492' 'destroyed']
 ['15' '359.37889379120566' 'destroyed']]","[['F179' '58.73072582063523' 'mated']
 ['F54' '132.02817128430854' 'absent']
 ['F54' '132.07446758060485' 'absent']
 ['F169' '133.19389798655865' 'mated']
 ['F153' '158.98813794850398' 'destroyed']
 ['F153' '159.03443424480028' 'destroyed']
 ['F193' '166.63391185345571' 'mated']
 ['F48' '184.01089819788277' 'mated']
 ['F6' '199.14398914541007' 'absent']
 ['F116' '215.8590585850526' 'destroyed']
 ['F116' '215.9053548813489' 'destroyed']
 ['F113' '232.8774007902731' 'mated']
 ['F49' '233.61823631568197' 'mated']
 ['F129' '248.5358005892968' 'mated']
 ['F215' '249.5515139104019' 'mated']
 ['F65' '254.93975946463746' 'absent']]",4000.0,3000.0,576.0,69.79508015218711,13.6448923141298,1255.0,212.9378429699999,45.84177763472428,445.0,72.90858170169686,15.311907346281952,10.0,0.9999999999999999,0.10000000000000003,72.0,3.3908629947740403,0.16075102880658423
20,0.054,5,359.99143983249445,"[['16' '4.370935427879554' 'present']
 ['0' '9.974036621888988' 'present']
 ['0' '13.138246684795988' 'present']
 ['0' '13.907712743435141' 'marauded']
 ['0' '22.643918706990014' 'present']
 ['23' '33.69766590492395' 'present']
 ['23' '34.49231157608983' 'present']
 ['21' '34.60807013952446' 'present']
 ['21' '56.3376731598616' 'marauded']
 ['23' '59.50662291858847' 'presentdestroyed']
 ['0' '60.17234003769728' 'presentdestroyed']
 ['0' '64.66632791345607' 'marauded']
 ['23' '79.29847097578791' 'present']
 ['21' '81.34977350009008' 'present']
 ['0' '90.46973268123499' 'present']
 ['16' '96.11053543830552' 'present']
 ['23' '96.95060813709797' 'present']
 ['0' '98.41507831829689' 'marauded']
 ['23' '98.50750938024828' 'presentdestroyed']
 ['0' '99.35473001417732' 'destroyed']
 ['16' '99.42332789425225' 'presentdestroyed']
 ['16' '101.54359956732893' 'destroyed']
 ['0' '106.14518714725014' 'present']
 ['21' '108.40210574049085' 'present']
 ['23' '111.98936409009869' 'present']
 ['1' '114.64039275134525' 'marauded']
 ['21' '117.34514007442537' 'presentdestroyed']
 ['0' '120.66424443375686' 'presentdestroyed']
 ['0' '122.3157830731305' 'present']
 ['23' '122.68022375001944' 'present']
 ['16' '124.52549762963865' 'present']
 ['23' '130.2576083466695' 'present']
 ['23' '131.4901628341151' 'marauded']
 ['16' '135.83826793146733' 'presentdestroyed']
 ['16' '146.72312647369176' 'present']
 ['23' '165.0078319510655' 'marauded']
 ['21' '178.45431834330762' 'marauded']
 ['16' '187.23887759626774' 'marauded']
 ['23' '189.3070901533708' 'presentdestroyed']
 ['23' '201.63698213434097' 'marauded']
 ['21' '207.64454753806237' 'presentdestroyed']
 ['19' '208.9501402647754' 'presentdestroyed']
 ['23' '215.43253327516788' 'present']
 ['0' '219.4240789513991' 'marauded']
 ['21' '221.2688564182226' 'destroyed']
 ['0' '222.05774071703246' 'presentdestroyed']
 ['0' '222.71821485673374' 'presentdestroyed']
 ['0' '222.76451115303004' 'presentdestroyed']
 ['16' '232.38461774464943' 'present']
 ['0' '232.53840699873925' 'present']
 ['21' '234.41791077880453' 'present']
 ['21' '243.63541172029778' 'marauded']
 ['23' '246.2774945235455' 'presentdestroyed']
 ['21' '247.13109890449155' 'presentdestroyed']
 ['21' '247.63230196490306' 'presentdestroyed']
 ['16' '247.64838408605684' 'presentdestroyed']
 ['21' '250.80281774249553' 'presentdestroyed']
 ['21' '254.79915532565218' 'marauded']
 ['0' '257.90595378236327' 'presentdestroyed']
 ['16' '263.45820412234843' 'present']
 ['23' '264.65726390958554' 'present']
 ['16' '265.6293255338424' 'present']
 ['23' '266.42078316438017' 'present']
 ['23' '277.1125650708704' 'present']
 ['23' '284.10135420544765' 'present']
 ['23' '286.14887390248816' 'present']
 ['0' '287.21466677760986' 'marauded']
 ['21' '295.86577427485565' 'present']
 ['23' '296.8572582714364' 'present']
 ['16' '299.88567511371133' 'present']
 ['21' '302.3878543060184' 'present']
 ['0' '316.27836039158944' 'present']
 ['21' '317.0471630675732' 'marauded']
 ['21' '317.34052844623363' 'presentdestroyed']
 ['16' '321.6275999942974' 'destroyed']
 ['21' '323.02734272657483' 'presentdestroyed']
 ['21' '323.74971913422394' 'presentdestroyed']
 ['0' '327.73937792446947' 'present']
 ['16' '336.73769619785935' 'present']
 ['23' '337.2805897114466' 'marauded']
 ['16' '342.67141584013405' 'presentdestroyed']
 ['23' '347.77624515182686' 'present']
 ['21' '349.12074837037665' 'present']
 ['0' '352.28705974557255' 'present']]","[['F55' '112.57677093445143' 'mated']
 ['F190' '139.18626891451595' 'mated']
 ['F199' '146.93940330352805' 'mated']
 ['F48' '171.91830560529016' 'destroyed']
 ['F48' '171.96460190158646' 'destroyed']
 ['F9' '177.6399082528803' 'mated']
 ['F170' '184.67049619809848' 'destroyed']
 ['F165' '203.00857641884144' 'destroyed']
 ['F100' '248.795948651286' 'destroyed']
 ['F87' '251.69695265064064' 'mated']]",5000.0,0.0,568.0,73.23288980656625,15.674826254337969,1065.0,186.12142983002155,40.88788717844526,592.0,97.61318968371323,20.505706887673007,6.0,0.6,0.06000000000000001,55.0,2.584649403923434,0.12217078189300418
21,0.054,12,359.97607403326936,"[['20' '0.023148148148148147' 'present']
 ['1' '1.2036790596920577' 'present']
 ['1' '1.4183205125868505' 'present']
 ['20' '2.1146992784939367' 'marauded']
 ['1' '9.67967174041006' 'present']
 ['22' '13.604210208795152' 'marauded']
 ['22' '14.260976141899617' 'presentdestroyed']
 ['22' '17.05357118512035' 'destroyed']
 ['1' '18.57019301844451' 'presentdestroyed']
 ['1' '30.899908040637534' 'present']
 ['20' '33.945628067456546' 'present']
 ['17' '37.23156255569072' 'marauded']
 ['1' '37.94305299894876' 'destroyed']
 ['22' '54.189745552840435' 'present']
 ['20' '87.8641576605739' 'present']
 ['1' '88.76302348321299' 'present']
 ['17' '89.33958144443726' 'present']
 ['22' '89.65186675782503' 'present']
 ['20' '90.07499386579015' 'present']
 ['1' '90.10757341547422' 'present']
 ['1' '93.41814141070664' 'marauded']
 ['20' '96.52116752185837' 'presentdestroyed']
 ['1' '106.89132329176681' 'present']
 ['1' '116.08819981940347' 'present']
 ['1' '124.27758296070229' 'marauded']
 ['2' '125.04371809643916' 'presentdestroyed']
 ['22' '138.78268329064593' 'present']
 ['22' '148.59616959094066' 'present']
 ['22' '148.64246588723697' 'marauded']
 ['1' '149.83537617367548' 'presentdestroyed']
 ['1' '154.10767913660305' 'presentdestroyed']
 ['17' '158.52185860916802' 'present']
 ['17' '159.44508392508106' 'present']
 ['22' '159.6648871394696' 'present']
 ['22' '165.8020775105402' 'marauded']
 ['17' '166.7709191768782' 'destroyed']
 ['17' '168.08068119043338' 'presentdestroyed']
 ['1' '170.69650034429938' 'destroyed']
 ['1' '179.7568036865836' 'present']
 ['1' '196.89991089609956' 'present']
 ['17' '210.34377546658502' 'present']
 ['22' '230.0782686598795' 'present']
 ['1' '245.10786461975496' 'present']
 ['1' '258.306118370961' 'present']
 ['1' '260.297591754807' 'present']
 ['22' '260.7520568602751' 'present']
 ['16' '270.54837571814977' 'marauded']
 ['22' '276.01116819507007' 'presentdestroyed']
 ['22' '279.92122604372423' 'present']
 ['17' '287.5548303372668' 'present']
 ['17' '305.51896784285367' 'present']
 ['20' '308.21811640054585' 'marauded']
 ['20' '315.4332791861291' 'present']
 ['20' '316.7082174031979' 'present']
 ['1' '323.3901818313589' 'present']
 ['17' '325.4609667790129' 'marauded']
 ['17' '334.30090752485677' 'present']
 ['20' '336.4026853005414' 'present']
 ['22' '337.94522647104964' 'present']
 ['22' '341.3587405847471' 'present']
 ['22' '346.24275008261475' 'present']
 ['1' '346.97249800778627' 'present']
 ['1' '352.63780252129897' 'present']
 ['20' '357.9372141480284' 'present']]","[['F159' '38.34204541878537' 'destroyed']
 ['F186' '45.93142576121854' 'mated']
 ['F45' '71.6761198389631' 'mated']
 ['F109' '110.02651658155841' 'mated']
 ['F1' '124.5674216830445' 'absentdestroyed']
 ['F56' '137.72435508295447' 'mated']
 ['F48' '171.9414537534383' 'destroyed']
 ['F205' '178.66142947652332' 'mated']
 ['F120' '182.24095128431918' 'absent']
 ['F170' '184.69364434624663' 'absent']
 ['F173' '188.72606343374704' 'mated']
 ['F60' '191.69036230935717' 'mated']
 ['F92' '198.4680817319097' 'mated']
 ['F32' '216.94945776045685' 'mated']
 ['F70' '219.77655015265336' 'mated']
 ['F204' '222.85251907541843' 'mated']
 ['F3' '275.49916412802145' 'absentdestroyed']
 ['F98' '289.088306191071' 'mated']]",5000.0,1000.0,564.0,67.41536989233734,13.478278648488514,1326.0,227.07594894515194,49.00066832468684,366.0,61.420020686243845,13.513838016280445,13.0,1.3,0.13000000000000006,63.0,3.0317259895480806,0.14789094650205759
22,0.054,2,360.25934133828486,"[['23' '1.6910054731034927' 'present']
 ['18' '2.953483860440209' 'marauded']
 ['23' '14.360181373673734' 'present']
 ['2' '20.39689730791285' 'present']
 ['21' '21.657542668571615' 'marauded']
 ['23' '23.786351952710884' 'presentdestroyed']
 ['21' '26.0434112204099' 'presentdestroyed']
 ['18' '26.56475905301313' 'destroyed']
 ['21' '32.44254790299087' 'present']
 ['18' '39.34949972046743' 'present']
 ['2' '41.33720939726285' 'marauded']
 ['18' '47.106672203540285' 'presentdestroyed']
 ['21' '53.87324680488743' 'present']
 ['2' '54.404165840238406' 'present']
 ['1' '57.00066189005477' 'present']
 ['18' '61.380636489051625' 'present']
 ['23' '62.022081839387965' 'present']
 ['23' '65.33792393788772' 'present']
 ['2' '67.97651093120868' 'present']
 ['21' '69.07444405561922' 'present']
 ['23' '69.5109282836813' 'present']
 ['21' '74.67851658617965' 'present']
 ['23' '83.37298890840931' 'present']
 ['23' '83.79556761282588' 'present']
 ['18' '91.09904751419789' 'present']
 ['2' '97.75878896428745' 'present']
 ['23' '101.83797076952979' 'marauded']
 ['1' '103.08414595638536' 'presentdestroyed']
 ['23' '103.78448480967845' 'presentdestroyed']
 ['18' '106.75974527842803' 'presentdestroyed']
 ['18' '115.07803955563914' 'present']
 ['21' '117.19884377812907' 'marauded']
 ['18' '121.04841629644945' 'destroyed']
 ['2' '121.70248928067738' 'destroyed']
 ['23' '127.75428406657407' 'marauded']
 ['18' '137.27905342363977' 'present']
 ['21' '144.4263363922245' 'present']
 ['21' '144.5858919819191' 'present']
 ['18' '144.80969355963057' 'present']
 ['2' '176.05492466142223' 'present']
 ['18' '180.34602570287666' 'marauded']
 ['21' '182.3928105988041' 'presentdestroyed']
 ['23' '185.59043405951877' 'presentdestroyed']
 ['23' '187.8316829273819' 'present']
 ['18' '190.65774607856315' 'present']
 ['2' '195.16196044963394' 'marauded']
 ['18' '208.6764609615905' 'present']
 ['21' '216.35571258505396' 'present']
 ['18' '217.4568203559009' 'present']
 ['18' '221.0409747894247' 'marauded']
 ['23' '225.57074354045469' 'destroyed']
 ['2' '229.477164253342' 'present']
 ['18' '230.02242543916822' 'present']
 ['18' '230.8488539075227' 'present']
 ['23' '232.56101539430693' 'present']
 ['23' '233.83762910268422' 'present']
 ['18' '234.79433631889373' 'marauded']
 ['18' '251.25894169252638' 'present']
 ['23' '255.01233434413095' 'present']
 ['18' '255.11425546072374' 'present']
 ['2' '257.5726968068123' 'present']
 ['23' '263.8745688714138' 'present']
 ['2' '265.62812957216494' 'marauded']
 ['18' '270.17390173601996' 'presentdestroyed']
 ['23' '279.85363270347943' 'present']
 ['2' '282.01734844949965' 'present']
 ['21' '304.5578899992485' 'present']
 ['23' '307.61256808196396' 'marauded']
 ['1' '309.25516940931726' 'destroyed']
 ['18' '309.9705592685654' 'presentdestroyed']
 ['23' '310.964798019046' 'presentdestroyed']
 ['18' '316.48762802729493' 'marauded']
 ['21' '317.29423214993733' 'presentdestroyed']
 ['18' '317.82230183772776' 'presentdestroyed']
 ['18' '318.54160126845045' 'presentdestroyed']
 ['2' '329.4249826276654' 'present']
 ['2' '330.2305922858142' 'present']
 ['21' '335.61499604269807' 'present']
 ['2' '344.95816349183633' 'present']
 ['18' '346.4880041743552' 'present']
 ['2' '351.23194282604595' 'present']]","[['F109' '110.00336843341026' '']
 ['F107' '121.23989949486352' 'destroyed']
 ['F1' '124.46524081354511' 'destroyed']
 ['F1' '124.51153710984141' 'destroyed']
 ['F103' '147.71170509218717' 'mated']
 ['F111' '149.48435429674328' 'mated']
 ['F120' '182.26409943246733' 'destroyed']
 ['F82' '189.7436205372386' 'absent']
 ['F120' '194.31039572876364' 'absent']
 ['F57' '210.28662447629966' 'absent']
 ['F65' '254.89346316834116' 'absent']]",5000.0,2000.0,570.0,73.68247286513551,16.31227202070583,1211.0,202.32367944816312,43.05893025724988,464.0,79.44838481491695,17.161271220620293,11.0,1.0999999999999999,0.11000000000000004,73.0,3.456335844883905,0.16503772290809318
23,0.054,8,360.0841232966975,"[['19' '6.013033868239695' 'marauded']
 ['20' '10.549284717053439' 'presentdestroyed']
 ['3' '20.801149989381965' 'present']
 ['20' '23.051843266030257' 'present']
 ['3' '36.965334348453915' 'present']
 ['20' '37.000518204762265' 'present']
 ['20' '41.02072008603962' 'present']
 ['19' '48.77084313433181' 'present']
 ['22' '50.66494417263468' 'present']
 ['20' '76.03762268814803' 'present']
 ['3' '82.20854737830754' 'present']
 ['22' '83.12951588248735' 'present']
 ['22' '86.48480313960799' 'marauded']
 ['22' '98.37143863515853' 'present']
 ['19' '98.81245825716643' 'present']
 ['22' '101.61406290916764' 'present']
 ['3' '102.8205483213028' 'present']
 ['3' '104.44570584221378' 'marauded']
 ['3' '105.69936572580609' 'presentdestroyed']
 ['20' '109.7826375610847' 'presentdestroyed']
 ['19' '111.98413614813677' 'marauded']
 ['19' '135.03571699774392' 'present']
 ['3' '143.10235102342244' 'marauded']
 ['19' '146.43444304460945' 'destroyed']
 ['19' '159.8345660730822' 'present']
 ['22' '159.92398207972394' 'present']
 ['3' '160.49316136253233' 'present']
 ['3' '163.07830546321134' 'present']
 ['22' '169.07419566925364' 'present']
 ['22' '169.8285629993693' 'present']
 ['22' '169.98328023228783' 'present']
 ['20' '172.9107175365618' 'present']
 ['19' '177.43441110533' 'marauded']
 ['3' '186.47965653222326' 'present']
 ['22' '193.63024526643213' 'present']
 ['19' '202.54509341265512' 'present']
 ['20' '213.00432899889972' 'present']
 ['22' '215.73705175935163' 'marauded']
 ['19' '222.15188630877853' 'destroyed']
 ['3' '224.95728115018605' 'present']
 ['19' '238.85645759247654' 'present']
 ['22' '250.86499499118182' 'present']
 ['3' '251.3390627248539' 'present']
 ['3' '253.59064640765115' 'present']
 ['20' '266.01079129535105' 'present']
 ['20' '267.0438313238964' 'present']
 ['20' '269.35502406861997' 'present']
 ['22' '279.10910224759647' 'present']
 ['19' '288.0952557428264' 'present']
 ['19' '294.980530301084' 'present']
 ['19' '316.56242733055166' 'present']
 ['19' '316.82249419254475' 'marauded']
 ['2' '326.7333746380353' 'marauded']
 ['22' '337.49580663551495' 'present']
 ['19' '342.1481680176655' 'present']
 ['3' '342.90543489233204' 'present']
 ['19' '348.7473255989354' 'present']
 ['19' '349.35742324589916' 'present']
 ['22' '350.1427149775831' 'marauded']
 ['19' '351.6541767668463' 'presentdestroyed']
 ['22' '353.4004448511049' 'presentdestroyed']
 ['22' '356.2592565018969' 'presentdestroyed']]","[['F143' '26.1898077376874' 'mated']
 ['F50' '43.41340450444641' 'absent']
 ['F179' '58.70757767248708' 'absent']
 ['F31' '122.39563286217208' 'absent']
 ['F11' '136.47429750832035' 'mated']
 ['F111' '149.46120614859512' 'destroyed']
 ['F99' '167.98583701008062' 'mated']
 ['F71' '168.73812518948398' 'mated']
 ['F120' '182.28724758061549' 'destroyed']
 ['F48' '183.98775004973461' 'destroyed']
 ['F93' '186.72499535444732' 'mated']
 ['F120' '194.3335438769118' 'mated']
 ['F6' '199.16713729355823' 'mated']
 ['F165' '202.9854282706933' 'absent']
 ['F116' '215.83591043690444' 'destroyed']
 ['F116' '215.88220673320075' 'destroyed']
 ['F65' '254.870315020193' 'absent']
 ['F147' '295.63109952264085' 'mated']]",5000.0,3000.0,581.0,70.29378881782907,14.051411689637026,1329.0,223.58448906611548,47.38169731129573,356.0,61.12915417248117,12.695865519635776,13.0,1.3,0.13000000000000006,81.0,3.7883531076271373,0.17789780521261983
