id,probability_maraud,successful_mating,next_foraging_time,mar_attempts,mate_attempts,x_pos,y_pos,foraging_events,foraging_hrs,foraging_sqhrs,staying_events,staying_hrs,staying_sqhrs,repairing_events,repairing_hrs,repairing_sqhrs,marauding_events,marauding_hrs,marauding_sqhrs,traveling_events,traveling_hrs,traveling_sqhrs
0,0.054,5,360.4159326411326,"[['4' '3.1993774260171253' 'present']
 ['20' '4.608697057477207' 'present']
 ['20' '5.2575790098726545' 'marauded']
 ['1' '5.845647542461385' 'presentdestroyed']
 ['4' '7.648194717379302' 'presentdestroyed']
 ['3' '15.296119342685937' 'present']
 ['20' '19.762508518666454' 'present']
 ['4' '25.37121534652915' 'present']
 ['4' '47.70075300627387' 'present']
 ['3' '56.98243876308996' 'marauded']
 ['3' '61.13956437320953' 'presentdestroyed']
 ['20' '62.42747659930708' 'presentdestroyed']
 ['3' '73.06328404885483' 'present']
 ['1' '73.61816753961794' 'present']
 ['20' '83.3165864947283' 'present']
 ['3' '95.0358194521612' 'marauded']
 ['20' '99.68306677343962' 'presentdestroyed']
 ['20' '100.47487189904624' 'presentdestroyed']
 ['4' '101.71163125068746' 'presentdestroyed']
 ['20' '102.35297020384256' 'present']
 ['4' '106.4787070878831' 'present']
 ['20' '138.08061833869687' 'present']
 ['7' '139.94639206755755' 'present']
 ['20' '145.82987022633296' 'present']
 ['20' '146.84988669526294' 'present']
 ['3' '158.28715446573693' 'present']
 ['20' '182.73233111495568' 'present']
 ['1' '183.28328264931577' 'present']
 ['20' '188.07386264806806' 'present']
 ['20' '199.96929069816858' 'present']
 ['1' '203.11623232766306' 'present']
 ['4' '209.5222776101518' 'present']
 ['3' '210.34606343865647' 'marauded']
 ['1' '222.2333807255271' 'present']
 ['3' '226.06879649543092' 'marauded']
 ['1' '227.31135211125215' 'presentdestroyed']
 ['3' '228.6765040320662' 'destroyed']
 ['3' '231.10045017521324' 'presentdestroyed']
 ['4' '232.711498162825' 'presentdestroyed']
 ['3' '237.69540342640263' 'present']
 ['4' '240.9874406148925' 'present']
 ['3' '242.58338834190786' 'present']
 ['20' '262.59819359358636' 'marauded']
 ['3' '264.6827409672229' 'presentdestroyed']
 ['3' '264.87632324654504' 'presentdestroyed']
 ['20' '271.70669779658215' 'present']
 ['20' '274.11833385949683' 'marauded']
 ['1' '276.7763059436946' 'presentdestroyed']
 ['4' '284.527531504832' 'present']
 ['3' '289.87803841718954' 'present']
 ['4' '291.3285606737382' 'marauded']
 ['4' '307.1474818758751' 'present']
 ['20' '316.6211716605973' 'present']
 ['1' '317.08885748379055' 'present']
 ['4' '317.1495788623665' 'present']
 ['3' '326.38266227726007' 'present']
 ['3' '327.65471012018133' 'present']
 ['4' '331.43836689492866' 'present']
 ['1' '334.1480773666557' 'present']
 ['20' '334.9506053330836' 'present']
 ['1' '342.8088517367494' 'present']
 ['3' '347.45768818734376' 'present']
 ['20' '348.73676665495134' 'marauded']
 ['3' '350.0942182446733' 'presentdestroyed']
 ['20' '350.2631641783046' 'presentdestroyed']
 ['3' '353.8676991109867' 'presentdestroyed']
 ['20' '354.11581198661116' 'presentdestroyed']
 ['20' '358.4428394145455' 'present']]","[['F93' '56.614352491476744' 'mated']
 ['F41' '62.55187391281691' 'destroyed']
 ['F135' '122.97725370402968' 'mated']
 ['F122' '128.21095360395458' 'absent']
 ['F122' '128.25724990025088' 'mated']
 ['F91' '146.68561288523375' 'mated']
 ['F183' '147.3326993167918' 'mated']
 ['F121' '177.8603187471001' 'absent']
 ['F33' '201.38613067522144' 'absent']
 ['F74' '204.08091878196382' 'absent']
 ['F104' '245.24154649263818' 'absent']
 ['F211' '297.25929367875165' 'destroyed']]",0.0,0.0,560.0,70.37872175336696,15.041309809203506,1365.0,229.25157155629742,49.02994619970299,324.0,54.77074146754192,11.622822108263797,18.0,1.8000000000000005,0.1800000000000001,84.0,3.927241996516026,0.18432784636488317
1,0.054,10,360.5486431469915,"[['21' '3.0760332954676777' 'present']
 ['2' '15.927469988367378' 'present']
 ['5' '25.331648202128935' 'marauded']
 ['0' '26.811583213490447' 'presentdestroyed']
 ['21' '27.553271688011815' 'presentdestroyed']
 ['2' '28.680594135456875' 'destroyed']
 ['2' '38.81167395282275' 'present']
 ['0' '39.07410604599258' 'present']
 ['21' '44.337197854492096' 'present']
 ['2' '46.67505328526253' 'present']
 ['0' '47.23857540035307' 'present']
 ['2' '50.66818129832078' 'present']
 ['2' '54.48643018407359' 'present']
 ['5' '56.860329256103554' 'present']
 ['22' '57.52377447053865' 'present']
 ['5' '58.31446794289018' 'present']
 ['21' '59.845449648472474' 'present']
 ['5' '61.277136328791244' 'present']
 ['0' '64.47812118956821' 'present']
 ['21' '74.28447098635661' 'present']
 ['2' '74.3002912660215' 'present']
 ['0' '77.03688328156159' 'present']
 ['21' '80.30445537301046' 'marauded']
 ['6' '83.08934217392246' 'presentdestroyed']
 ['0' '85.4707564628292' 'presentdestroyed']
 ['0' '90.23323334493611' 'present']
 ['0' '91.05556053539084' 'present']
 ['5' '100.2740000701795' 'marauded']
 ['5' '102.68704003944892' 'presentdestroyed']
 ['2' '108.03736419734129' 'present']
 ['0' '110.64625289161138' 'present']
 ['0' '110.92909446192455' 'present']
 ['0' '116.24405864298548' 'present']
 ['5' '119.3864969627923' 'present']
 ['2' '120.22561524473406' 'present']
 ['0' '123.18722210699251' 'marauded']
 ['0' '124.53909096287718' 'destroyed']
 ['21' '125.01890299460595' 'presentdestroyed']
 ['6' '135.10192655422142' 'present']
 ['5' '138.55431503882897' 'present']
 ['0' '145.96010055996237' 'marauded']
 ['0' '157.0742090604915' 'marauded']
 ['21' '160.9624490277978' 'presentdestroyed']
 ['2' '171.9865486006' 'present']
 ['5' '187.8743098540171' 'present']
 ['0' '195.05163595849146' 'marauded']
 ['21' '200.79006930894076' 'presentdestroyed']
 ['0' '204.81405778600788' 'present']
 ['0' '204.86035408230418' 'present']
 ['5' '218.0504947526589' 'present']
 ['2' '233.79323361087722' 'present']
 ['21' '235.65667470549582' 'present']
 ['0' '242.22308008750886' 'present']
 ['21' '248.8892678234217' 'present']
 ['0' '249.6679212720437' 'present']
 ['2' '254.24727812635993' 'marauded']
 ['21' '268.7200888284318' 'present']
 ['0' '271.9040021113176' 'present']
 ['2' '272.0481941129519' 'present']
 ['5' '280.6688189049925' 'marauded']
 ['4' '296.669723422023' 'present']
 ['2' '297.5443245362955' 'present']
 ['21' '305.1096695246088' 'marauded']
 ['0' '306.16112339873905' 'presentdestroyed']
 ['0' '306.8009447723107' 'presentdestroyed']
 ['21' '317.7611446919063' 'present']
 ['21' '318.36882495649445' 'marauded']
 ['21' '318.6770975287794' 'presentdestroyed']
 ['2' '319.96211795891' 'presentdestroyed']
 ['5' '325.86599234119694' 'marauded']
 ['2' '328.8662624985485' 'presentdestroyed']
 ['0' '334.6665332281317' 'present']
 ['0' '336.21659394089227' 'present']
 ['21' '338.8851080536369' 'present']
 ['2' '345.8240870788519' 'present']
 ['2' '358.90701469590164' 'present']]","[['F162' '2.462175838958156' 'mated']
 ['F32' '65.60086270004275' 'mated']
 ['F80' '122.48740678884423' 'mated']
 ['F88' '154.1618047405077' 'mated']
 ['F165' '168.8405137113119' 'mated']
 ['F142' '182.55353522616548' 'mated']
 ['F74' '204.05777063381566' 'absent']
 ['F104' '245.26469464078633' 'mated']
 ['F143' '260.29626438508853' 'destroyed']
 ['F187' '269.0602436225946' 'mated']
 ['F53' '272.3666387883926' 'mated']
 ['F20' '346.96791267771505' 'mated']]",0.0,1000.0,576.0,70.43157443161215,14.495497654004577,1283.0,212.37625620383642,45.04796903062588,444.0,73.38312032799924,15.61518244526457,10.0,0.9999999999999999,0.10000000000000003,61.0,2.939133396955489,0.14360425240054867
2,0.054,8,360.14165975591675,"[['1' '3.732891370109834' 'present']
 ['1' '12.314116935191183' 'present']
 ['6' '16.482113429321245' 'present']
 ['6' '17.079489922803262' 'present']
 ['6' '18.652206161022356' 'marauded']
 ['6' '25.53780667627703' 'presentdestroyed']
 ['22' '25.55760230413073' 'presentdestroyed']
 ['3' '27.992392296190385' 'present']
 ['6' '41.573270477549926' 'present']
 ['22' '44.01227081021581' 'present']
 ['3' '58.24256828295131' 'present']
 ['3' '58.50752937039591' 'present']
 ['22' '59.69802202547369' 'present']
 ['1' '77.43568248271677' 'present']
 ['6' '80.73076105207774' 'present']
 ['22' '91.18583526366346' 'present']
 ['1' '91.82448411361464' 'present']
 ['1' '93.37626323251821' 'marauded']
 ['22' '94.88714498428897' 'presentdestroyed']
 ['1' '99.27839964379078' 'presentdestroyed']
 ['6' '99.68336563779611' 'presentdestroyed']
 ['3' '105.95507069488148' 'present']
 ['7' '118.43378786273253' 'present']
 ['1' '120.8584873582237' 'present']
 ['6' '124.17587886929799' 'present']
 ['6' '132.24990786023778' 'present']
 ['3' '145.22262431628357' 'marauded']
 ['3' '145.36892061257987' 'presentdestroyed']
 ['5' '151.0392149684825' 'presentdestroyed']
 ['3' '155.49208174128435' 'marauded']
 ['22' '159.04165064145462' 'presentdestroyed']
 ['3' '161.74730800383426' 'presentdestroyed']
 ['22' '163.9607895350086' 'present']
 ['22' '164.27306255543877' 'present']
 ['22' '167.12139740957758' 'present']
 ['3' '174.90616041566568' 'present']
 ['3' '175.27300788593232' 'marauded']
 ['6' '175.63294563709613' 'presentdestroyed']
 ['1' '177.8811552119402' 'presentdestroyed']
 ['22' '178.71463444428304' 'presentdestroyed']
 ['6' '180.36735560310817' 'destroyed']
 ['7' '185.06960704459144' 'marauded']
 ['22' '185.2810227142456' 'presentdestroyed']
 ['3' '189.20829107292417' 'presentdestroyed']
 ['22' '194.652877970994' 'marauded']
 ['3' '197.8100513649073' 'destroyed']
 ['6' '203.81688438976795' 'marauded']
 ['3' '206.0062275255274' 'presentdestroyed']
 ['6' '222.02627003476567' 'marauded']
 ['3' '225.34762910715625' 'destroyed']
 ['1' '229.5284169812798' 'present']
 ['1' '238.9098136748193' 'present']
 ['22' '241.2431536943554' 'marauded']
 ['3' '241.95592369857016' 'presentdestroyed']
 ['22' '242.0286214074934' 'presentdestroyed']
 ['1' '242.3587149808046' 'presentdestroyed']
 ['6' '248.5034154295346' 'present']
 ['6' '256.1730313771862' 'present']
 ['6' '256.2193276734825' 'present']
 ['22' '257.78758405319627' 'marauded']
 ['6' '265.37963829113306' 'presentdestroyed']
 ['3' '265.8321895064694' 'present']
 ['6' '277.78708967480463' 'marauded']
 ['22' '280.2431328237875' 'destroyed']
 ['3' '288.90198316241845' 'marauded']
 ['3' '291.5762738887959' 'presentdestroyed']
 ['6' '338.15385487585127' 'present']
 ['1' '342.76255544045307' 'present']
 ['1' '345.22587033586154' 'present']
 ['5' '346.55513690311153' 'present']
 ['22' '348.4519635439007' 'present']
 ['1' '348.6467900444645' 'present']
 ['22' '351.82255631439165' 'present']
 ['6' '357.3244901850352' 'present']]","[['F60' '30.986550369442934' 'mated']
 ['F150' '32.06898388458725' 'mated']
 ['F37' '37.365523929036065' 'mated']
 ['F167' '60.97266253392139' 'mated']
 ['F63' '66.50326082468392' 'mated']
 ['F48' '84.59191899608963' 'mated']
 ['F119' '129.40358235647528' 'absent']
 ['F121' '177.8140224508038' 'absentdestroyed']
 ['F142' '182.53038707801733' 'destroyed']
 ['F143' '260.3194125332367' 'destroyed']
 ['F123' '261.86289075952635' 'absentdestroyed']
 ['F123' '261.90918705582266' 'absentdestroyed']
 ['F79' '276.37324983777523' 'mated']
 ['F193' '314.38301481675273' 'mated']]",0.0,2000.0,571.0,68.8121121029399,13.780282210273619,1245.0,207.09133423005537,44.11981575044551,467.0,79.85082679592388,17.17111781109916,9.0,0.8999999999999999,0.09000000000000002,76.0,3.556871626145656,0.16718106995884757
3,0.054,15,360.10266535008367,"[['7' '7.14016097626108' 'present']
 ['2' '15.230348273717322' 'present']
 ['0' '16.052104830173423' 'present']
 ['0' '17.802286434112673' 'marauded']
 ['0' '22.272500258987897' 'presentdestroyed']
 ['7' '22.911864027110283' 'destroyed']
 ['0' '32.65301522812195' 'present']
 ['20' '32.961830866669374' 'marauded']
 ['2' '35.139286313001335' 'presentdestroyed']
 ['0' '37.581110801508096' 'presentdestroyed']
 ['7' '43.894382785899516' 'present']
 ['0' '48.25412326206218' 'marauded']
 ['2' '52.62160851212995' 'presentdestroyed']
 ['2' '75.43687247920023' 'present']
 ['2' '79.39929012587295' 'present']
 ['2' '79.68162019428091' 'present']
 ['0' '83.05147527639619' 'present']
 ['2' '84.19780432875855' 'marauded']
 ['7' '84.59388705289534' 'presentdestroyed']
 ['7' '85.44832647681598' 'presentdestroyed']
 ['7' '85.91285726988055' 'presentdestroyed']
 ['7' '113.6589352767466' 'marauded']
 ['0' '114.21125559725596' 'presentdestroyed']
 ['2' '117.24814559771863' 'destroyed']
 ['0' '117.60385499470635' 'presentdestroyed']
 ['0' '125.66840636322296' 'marauded']
 ['7' '126.62645454520256' 'presentdestroyed']
 ['0' '130.7284916234027' 'destroyed']
 ['0' '135.54337920390466' 'present']
 ['2' '137.22484211798937' 'present']
 ['2' '145.04375807678517' 'present']
 ['7' '150.90625659316635' 'present']
 ['0' '158.03565013273862' 'present']
 ['7' '168.1032453947473' 'present']
 ['0' '168.79016277776094' 'present']
 ['0' '178.89518067451024' 'marauded']
 ['0' '187.38209995138266' 'present']
 ['0' '194.10028470937536' 'present']
 ['0' '207.52349425269864' 'present']
 ['2' '233.09425197027994' 'present']
 ['0' '239.85363246263827' 'present']
 ['7' '244.2576780075138' 'present']
 ['7' '245.804379897732' 'present']
 ['6' '248.71886044240827' 'present']
 ['22' '248.81173888956712' 'present']
 ['0' '251.47936413809532' 'present']
 ['2' '266.80939494463786' 'present']
 ['0' '270.4188777078815' 'marauded']
 ['2' '274.32541960885425' 'presentdestroyed']
 ['2' '277.0063596378736' 'presentdestroyed']
 ['0' '299.16548708388484' 'present']
 ['2' '301.71868744927866' 'present']
 ['2' '301.76498374557497' 'present']
 ['2' '311.36885018234045' 'marauded']
 ['7' '313.8145876675465' 'presentdestroyed']
 ['0' '313.9338101606696' 'presentdestroyed']
 ['0' '315.87296587036496' 'presentdestroyed']
 ['7' '318.3379008075834' 'presentdestroyed']
 ['2' '323.93156394656705' 'present']
 ['0' '328.54372626705003' 'present']
 ['0' '330.01839365467583' 'marauded']
 ['0' '336.26289023718857' 'presentdestroyed']
 ['0' '340.02038084806173' 'marauded']
 ['7' '354.2271036161894' 'present']]","[['F41' '62.575022060965054' 'mated']
 ['F48' '84.56877084794148' 'destroyed']
 ['F135' '122.95410555588153' 'absent']
 ['F49' '124.37924313966576' 'mated']
 ['F71' '124.39188525437083' 'mated']
 ['F12' '165.47850452909563' 'mated']
 ['F23' '173.7153319562138' 'absent']
 ['F121' '177.83717059895196' 'absent']
 ['F43' '180.99074292179188' 'destroyed']
 ['F73' '190.21890218187806' 'mated']
 ['F200' '190.95228085723798' 'mated']
 ['F132' '191.2018643025793' 'mated']
 ['F83' '202.48884538276582' 'mated']
 ['F74' '204.10406693011197' 'mated']
 ['F61' '208.5170686918142' 'mated']
 ['F36' '218.40265674278422' 'mated']
 ['F104' '245.21839834449003' 'absent']
 ['F197' '252.31075671765916' 'mated']
 ['F123' '261.9323352039708' 'absent']
 ['F127' '266.2750973935622' 'mated']
 ['F151' '288.3203159560337' 'mated']
 ['F193' '314.3598666686046' 'destroyed']
 ['F92' '333.7038511540221' 'destroyed']
 ['F52' '347.68740726599265' 'mated']]",0.0,3000.0,569.0,73.35699824167472,15.394611274364387,1294.0,214.38084682347807,44.551532497194955,379.0,66.88388691144372,14.6903681650626,16.0,1.6000000000000003,0.1600000000000001,84.0,3.9655951041431643,0.1886145404663921
4,0.054,10,360.5390803357656,"[['7' '6.665165060570364' 'present']
 ['0' '13.400660547385943' 'present']
 ['7' '22.95816032340658' 'present']
 ['0' '27.281683043849732' 'marauded']
 ['0' '39.19862842600452' 'present']
 ['7' '53.25755155940726' 'present']
 ['5' '56.704358627622476' 'present']
 ['5' '60.527684523601124' 'present']
 ['5' '66.625649747504' 'present']
 ['11' '70.77218656687737' 'present']
 ['7' '78.7020117561873' 'marauded']
 ['5' '83.32506558785033' 'destroyed']
 ['7' '85.754320022122' 'presentdestroyed']
 ['7' '96.14896927746715' 'present']
 ['1' '96.17829430376433' 'present']
 ['7' '110.7747209207051' 'marauded']
 ['7' '127.28995399523183' 'present']
 ['7' '130.43971326149654' 'present']
 ['5' '142.72246599185192' 'present']
 ['7' '155.58562474169173' 'present']
 ['7' '160.91199026753034' 'marauded']
 ['0' '176.08955140622132' 'present']
 ['7' '180.09423073337263' 'present']
 ['0' '183.5864118424366' 'marauded']
 ['5' '188.43503777619324' 'presentdestroyed']
 ['0' '189.59717359255902' 'presentdestroyed']
 ['3' '204.6560485936154' 'present']
 ['0' '249.0907572858499' 'marauded']
 ['0' '254.2832746409311' 'presentdestroyed']
 ['7' '257.4567237412212' 'present']
 ['0' '261.3787304848368' 'marauded']
 ['0' '261.85742530167795' 'presentdestroyed']
 ['5' '280.4871929816536' 'present']
 ['5' '284.3364213706625' 'present']
 ['0' '286.4927526305737' 'present']
 ['7' '288.09083097029884' 'present']
 ['7' '293.1895321110715' 'present']
 ['7' '296.3207396936212' 'present']
 ['7' '296.6444897871623' 'marauded']
 ['5' '301.75371625253445' 'destroyed']
 ['0' '308.9340876913858' 'marauded']
 ['3' '311.3656561430992' 'presentdestroyed']
 ['3' '322.2547173738894' 'marauded']
 ['7' '329.27885183774293' 'presentdestroyed']
 ['5' '329.65386047490455' 'destroyed']
 ['0' '337.79159716040425' 'marauded']
 ['7' '346.821562419907' 'present']
 ['7' '353.9209410755861' 'present']
 ['7' '355.20083603185446' 'marauded']
 ['5' '358.0455073724796' 'destroyed']]","[['F198' '53.752366864606095' 'mated']
 ['F64' '58.72846339105883' 'mated']
 ['F110' '63.680224884472665' 'mated']
 ['F17' '65.10246186993881' 'mated']
 ['F78' '94.772772748727' 'absent']
 ['F122' '128.18780545580643' 'absent']
 ['F122' '128.23410175210273' 'absent']
 ['F215' '174.37302161967563' 'mated']
 ['F121' '177.88346689524826' 'absent']
 ['F158' '189.62548252432228' 'destroyed']
 ['F121' '189.92976319154457' 'destroyed']
 ['F182' '202.21958489119282' 'mated']
 ['F112' '208.94108511257684' 'mated']
 ['F85' '288.2463344769569' 'mated']
 ['F77' '292.2289016953177' 'mated']
 ['F211' '297.1898492343072' 'absentdestroyed']
 ['F211' '297.2361455306035' 'destroyed']
 ['F113' '308.79976466701396' 'mated']
 ['F52' '347.64111096969634' 'absent']]",1000.0,0.0,558.0,68.85170050146631,14.057127524262864,1241.0,214.64278011281093,46.86825293127933,438.0,71.25508788642077,14.575183702162924,14.0,1.4000000000000001,0.14000000000000007,84.0,3.9655951041431643,0.18861454046639206
5,0.054,7,360.4581483434728,"[['6' '2.7717973423179902' 'present']
 ['1' '5.155360519535466' 'present']
 ['1' '7.132319453867638' 'marauded']
 ['4' '17.77514195082351' 'present']
 ['1' '18.122422072612775' 'present']
 ['6' '27.150897083544283' 'present']
 ['4' '44.72681769464849' 'present']
 ['6' '49.11477432661956' 'present']
 ['1' '49.19202059607129' 'marauded']
 ['4' '55.689250383162225' 'presentdestroyed']
 ['4' '74.81817556747265' 'present']
 ['4' '90.67545000595123' 'present']
 ['4' '98.4631074737665' 'present']
 ['4' '100.03588525844508' 'present']
 ['4' '102.09675790899966' 'present']
 ['4' '105.81225828542217' 'present']
 ['4' '120.42875665476944' 'present']
 ['6' '123.01494382021802' 'marauded']
 ['6' '136.6296877931978' 'present']
 ['4' '140.26024096735372' 'present']
 ['6' '151.38289595664952' 'marauded']
 ['6' '171.20625116206176' 'present']
 ['6' '171.25254745835807' 'present']
 ['1' '193.4445793572462' 'marauded']
 ['1' '209.94083848690312' 'marauded']
 ['4' '220.41737194379593' 'present']
 ['4' '224.17397861076873' 'present']
 ['4' '228.28275970320317' 'marauded']
 ['6' '240.0056076087759' 'present']
 ['1' '240.03205144353657' 'marauded']
 ['6' '241.44458793762954' 'presentdestroyed']
 ['1' '244.6366178651516' 'presentdestroyed']
 ['4' '246.165918063126' 'presentdestroyed']
 ['6' '248.9702054294247' 'present']
 ['1' '249.78722798566068' 'present']
 ['6' '250.21655835380542' 'present']
 ['1' '262.53559211014533' 'present']
 ['1' '266.81399583527616' 'present']
 ['6' '267.76906413770405' 'present']
 ['4' '287.5466785494239' 'marauded']
 ['6' '288.2925927951433' 'presentdestroyed']
 ['6' '291.1417296657276' 'presentdestroyed']
 ['1' '292.5197086479957' 'destroyed']
 ['1' '295.7848536926429' 'present']
 ['6' '301.17454715266024' 'present']
 ['6' '309.7173671183725' 'marauded']
 ['6' '310.2267106205329' 'presentdestroyed']
 ['4' '318.48728200384664' 'present']
 ['0' '329.7477470534592' 'present']
 ['1' '334.1017810703594' 'present']
 ['6' '334.94527162402164' 'present']
 ['1' '359.17697830601657' 'present']]","[['F203' '36.1772078230993' 'absent']
 ['F169' '137.0847383122867' 'mated']
 ['F88' '154.13865659235955' 'destroyed']
 ['F29' '188.2499255487522' 'mated']
 ['F158' '189.64863067247043' 'mated']
 ['F121' '189.95291133969272' 'absent']
 ['F8' '219.66427696987097' 'mated']
 ['F75' '242.3724635337432' 'absentdestroyed']
 ['F5' '262.5318878432087' 'mated']
 ['F125' '277.8384997121737' 'mated']
 ['F87' '298.95265971695983' 'mated']]",1000.0,1000.0,564.0,73.53229256495645,16.375568176242584,1318.0,221.66509663159997,47.12729794876189,370.0,61.34742589260233,12.914656265625428,9.0,0.8999999999999999,0.09000000000000002,56.0,2.6501222540332994,0.1264574759945131
6,0.054,4,360.1420515655898,"[['10' '4.566064544796461' 'marauded']
 ['10' '18.025279479741595' 'present']
 ['10' '39.491218259267896' 'present']
 ['5' '41.577480523800794' 'marauded']
 ['7' '43.2699768927999' 'presentdestroyed']
 ['7' '44.88938700194515' 'presentdestroyed']
 ['2' '49.03718193850491' 'present']
 ['5' '56.750654923918766' 'present']
 ['7' '57.325329325533545' 'present']
 ['2' '66.98567508781066' 'present']
 ['2' '83.58247632705422' 'marauded']
 ['2' '84.65779755898063' 'presentdestroyed']
 ['10' '85.0965868105401' 'presentdestroyed']
 ['10' '88.28192289924546' 'presentdestroyed']
 ['5' '91.92040117909362' 'present']
 ['5' '95.31470175754671' 'present']
 ['2' '105.80510137591325' 'present']
 ['7' '107.07056279303205' 'present']
 ['2' '115.61246969271208' 'present']
 ['1' '117.86527620544189' 'present']
 ['2' '118.08303947032987' 'present']
 ['2' '121.66377369544354' 'present']
 ['10' '126.46780451943219' 'present']
 ['10' '129.98329827086528' 'present']
 ['2' '130.8176944692103' 'present']
 ['10' '132.95848892501286' 'present']
 ['1' '134.64166198124002' 'present']
 ['10' '135.33254594275272' 'present']
 ['5' '136.2404491954618' 'present']
 ['10' '136.9279062102857' 'marauded']
 ['10' '137.410653749866' 'presentdestroyed']
 ['2' '140.54654898323153' 'presentdestroyed']
 ['2' '140.74573291209276' 'presentdestroyed']
 ['10' '153.7581648354222' 'present']
 ['7' '156.10572960890514' 'present']
 ['2' '166.39877799783804' 'present']
 ['7' '166.57568435698386' 'present']
 ['2' '168.27917849411304' 'present']
 ['7' '170.56682119365348' 'present']
 ['5' '188.96833631738866' 'present']
 ['10' '189.53214012890507' 'marauded']
 ['5' '205.01548697229018' 'present']
 ['5' '208.0287757064117' 'present']
 ['5' '208.47337554549307' 'present']
 ['2' '222.00314427589134' 'marauded']
 ['2' '234.96123554550704' 'present']
 ['7' '240.3768150651821' 'present']
 ['7' '243.56365833935564' 'present']
 ['7' '246.49542031843455' 'present']
 ['7' '250.7237678850952' 'present']
 ['7' '250.9768489487694' 'present']
 ['10' '260.6635214854855' 'present']
 ['10' '267.850803626803' 'present']
 ['5' '273.09005408445523' 'present']
 ['10' '279.6715581976838' 'marauded']
 ['7' '283.9302879862216' 'presentdestroyed']
 ['7' '291.69582293174614' 'present']
 ['7' '300.35060599971314' 'present']
 ['7' '302.6940773034409' 'present']
 ['10' '304.5450562338112' 'present']
 ['10' '313.1334810471187' 'marauded']
 ['7' '313.49769152235433' 'presentdestroyed']
 ['2' '314.1760264466084' 'presentdestroyed']
 ['7' '322.7502403086724' 'present']
 ['10' '331.9317135516612' 'present']
 ['5' '332.1681541784064' 'present']
 ['5' '340.33155722250063' 'present']
 ['2' '342.05898517835953' 'present']
 ['10' '344.03794142976767' 'present']]","[['F62' '23.305209734475888' 'absent']
 ['F203' '36.20035597124745' 'mated']
 ['F119' '129.42673050462344' 'mated']
 ['F165' '168.80777728625696' 'absent']
 ['F114' '182.38785519560128' 'mated']
 ['F149' '202.45996088190435' 'absent']
 ['F47' '236.15322642113176' 'mated']
 ['F125' '277.81535156402555' 'absent']
 ['F87' '298.9295115688117' 'absent']]",1000.0,2000.0,569.0,70.67325637248759,14.855362911247253,1424.0,235.71671660603025,49.37192925996825,289.0,48.87394873423316,10.493665590208092,13.0,1.3,0.13000000000000006,76.0,3.6335778413999327,0.17575445816186538
7,0.054,6,360.31194051310143,"[['11' '0.023148148148148147' 'present']
 ['4' '8.478330010586912' 'present']
 ['3' '10.617294096271001' 'marauded']
 ['11' '10.668877527650082' 'destroyed']
 ['4' '11.865671001039782' 'presentdestroyed']
 ['3' '13.841125942123389' 'presentdestroyed']
 ['6' '17.410759571798316' 'presentdestroyed']
 ['11' '19.242352283267376' 'present']
 ['6' '20.00168832336029' 'present']
 ['4' '24.41559525999441' 'present']
 ['3' '28.315155619512574' 'present']
 ['3' '32.52035059574265' 'marauded']
 ['4' '35.76604808876885' 'presentdestroyed']
 ['6' '55.0222324596503' 'present']
 ['3' '57.50007985258313' 'present']
 ['4' '63.91960432274405' 'present']
 ['4' '66.65327850235276' 'present']
 ['4' '67.67423975509676' 'marauded']
 ['3' '74.1683045618893' 'presentdestroyed']
 ['3' '83.46008045815019' 'present']
 ['11' '87.27718502815111' 'present']
 ['11' '87.49859302815675' 'present']
 ['4' '88.14063700793622' 'marauded']
 ['11' '97.32134832040393' 'marauded']
 ['3' '98.29599906069532' 'presentdestroyed']
 ['6' '103.6581882686037' 'presentdestroyed']
 ['3' '122.68745372648725' 'present']
 ['11' '124.0657421653382' 'present']
 ['11' '124.45602473092892' 'present']
 ['11' '126.4054287831768' 'present']
 ['4' '127.61097127718367' 'present']
 ['4' '127.65726757347997' 'present']
 ['6' '134.34717097547804' 'present']
 ['3' '135.07833813054228' 'present']
 ['4' '142.83813094479024' 'marauded']
 ['4' '143.61335022619642' 'presentdestroyed']
 ['3' '144.00762097816062' 'destroyed']
 ['3' '144.75761441304272' 'presentdestroyed']
 ['6' '149.2927934420906' 'presentdestroyed']
 ['4' '151.56787213397646' 'present']
 ['3' '151.74404187595997' 'present']
 ['11' '157.636862126736' 'present']
 ['3' '160.06419441876685' 'present']
 ['11' '166.47529607416016' 'present']
 ['6' '170.0938833245681' 'present']
 ['3' '170.93759658197044' 'present']
 ['11' '171.27681455174715' 'marauded']
 ['4' '175.07693162254773' 'destroyed']
 ['3' '175.226711589636' 'presentdestroyed']
 ['4' '191.37580790459248' 'present']
 ['3' '196.242206165782' 'marauded']
 ['3' '199.9905919899717' 'presentdestroyed']
 ['3' '201.51660946979376' 'presentdestroyed']
 ['6' '201.90579120940944' 'presentdestroyed']
 ['4' '206.80992658730742' 'present']
 ['3' '206.81992493398494' 'present']
 ['3' '206.86622123028124' 'marauded']
 ['3' '207.01251752657754' 'presentdestroyed']
 ['4' '208.10931024103206' 'presentdestroyed']
 ['11' '208.9365655685613' 'presentdestroyed']
 ['4' '214.17252362528916' 'marauded']
 ['11' '216.84155181554394' 'presentdestroyed']
 ['10' '219.71520787469365' 'presentdestroyed']
 ['3' '224.40886925344807' 'marauded']
 ['3' '227.29848911516888' 'presentdestroyed']
 ['2' '232.3232769307316' 'marauded']
 ['3' '232.70026807669586' 'presentdestroyed']
 ['3' '233.68468942057527' 'presentdestroyed']
 ['4' '236.3401168317661' 'destroyed']
 ['11' '254.56578342007677' 'present']
 ['11' '261.7729311329266' 'marauded']
 ['11' '262.1530343566596' 'presentdestroyed']
 ['6' '271.4610474337021' 'marauded']
 ['10' '272.99321655794796' 'destroyed']
 ['6' '276.9779452470666' 'presentdestroyed']
 ['3' '288.75021735630924' 'present']
 ['6' '290.04431866404593' 'present']
 ['3' '292.5915831635785' 'present']
 ['6' '292.77983939737334' 'present']
 ['11' '318.47639153233314' 'present']
 ['11' '321.02814801195757' 'present']
 ['4' '321.04388693550356' 'present']
 ['4' '331.9490954936847' 'marauded']
 ['4' '333.1142111260413' 'destroyed']
 ['3' '355.5809157102449' 'present']
 ['6' '359.447463484947' 'present']]","[['F110' '63.65707673632452' 'absent']
 ['F144' '77.13643199144589' 'mated']
 ['F194' '109.00349144940715' 'mated']
 ['F109' '133.13972234754635' 'mated']
 ['F213' '162.18438895867712' 'mated']
 ['F121' '177.9066150433964' 'destroyed']
 ['F182' '202.19643674304467' 'destroyed']
 ['F36' '218.37950859463606' 'destroyed']
 ['F7' '289.3627995735799' 'mated']
 ['F163' '323.4163544902409' 'mated']
 ['F92' '333.72699930217027' 'destroyed']
 ['F52' '347.6642591178445' 'absent']]",1000.0,3000.0,571.0,71.78013869492777,15.189796037336667,1136.0,192.97085845211484,41.799739833528115,543.0,91.59885788066131,19.48362092566275,7.0,0.7,0.07,66.0,3.1130852169962626,0.14789094650205756
8,0.0,8,360.5608734112798,"[['12' '1.1446065201307343' 'present']
 ['4' '9.96806002813152' 'marauded']
 ['11' '20.046613859505573' 'marauded']
 ['12' '33.30725985452539' 'present']
 ['5' '41.228744560806724' 'present']
 ['4' '46.52093802689022' 'present']
 ['11' '54.7134692057747' 'present']
 ['11' '56.707520426227745' 'present']
 ['11' '58.0884296278734' 'present']
 ['11' '61.082873720228115' 'present']
 ['12' '71.64144869482482' 'marauded']
 ['12' '75.11228106978778' 'destroyed']
 ['12' '76.19582636975466' 'destroyed']
 ['12' '82.58584844488303' 'present']
 ['11' '86.36361990216197' 'present']
 ['12' '86.73686970039962' 'present']
 ['4' '94.19936970624488' 'present']
 ['11' '95.60888260842965' 'present']
 ['11' '101.86966234704613' 'present']
 ['4' '104.38638600676465' 'present']
 ['12' '106.92017084552211' 'marauded']
 ['4' '119.49008754429944' 'marauded']
 ['15' '120.33510611688402' 'destroyed']
 ['4' '120.70501153966326' 'presentdestroyed']
 ['4' '121.2357164196509' 'presentdestroyed']
 ['11' '131.02622991156107' 'present']
 ['4' '131.3261291437289' 'present']
 ['4' '135.4380320248105' 'present']
 ['4' '141.933870376024' 'present']
 ['11' '145.31373662566773' 'present']
 ['12' '147.15469082424775' 'marauded']
 ['12' '148.40283336388626' 'presentdestroyed']
 ['11' '151.2949291460974' 'presentdestroyed']
 ['4' '158.97083457765493' 'present']
 ['4' '159.3276429329504' 'present']
 ['4' '159.38810780087422' 'marauded']
 ['11' '166.00295669405588' 'presentdestroyed']
 ['12' '166.38226721258494' 'presentdestroyed']
 ['12' '167.93034460187272' 'marauded']
 ['11' '168.31392544140277' 'presentdestroyed']
 ['11' '192.6571877028188' 'present']
 ['4' '203.24314038290441' 'present']
 ['4' '207.24237823892102' 'present']
 ['11' '214.99196949576563' 'marauded']
 ['12' '215.91505576013645' 'presentdestroyed']
 ['11' '220.61788783322856' 'presentdestroyed']
 ['12' '223.19772763001922' 'marauded']
 ['4' '231.71120430600536' 'present']
 ['12' '236.418114378717' 'present']
 ['4' '239.69999376574802' 'present']
 ['13' '240.6218109846506' 'present']
 ['4' '240.9411443185962' 'present']
 ['4' '245.015379388887' 'present']
 ['12' '246.0150274394084' 'marauded']
 ['4' '256.4916528588885' 'marauded']
 ['4' '260.07103507875877' 'presentdestroyed']
 ['12' '260.2716238979191' 'presentdestroyed']
 ['11' '268.30051239959994' 'present']
 ['12' '277.7269905893339' 'present']
 ['11' '280.25193041617155' 'marauded']
 ['4' '283.0620353025241' 'presentdestroyed']
 ['4' '283.54555984800976' 'destroyed']
 ['12' '291.26546690824915' 'present']
 ['12' '292.24965200105385' 'present']
 ['11' '300.8457125805223' 'present']
 ['12' '303.8753637571006' 'present']
 ['4' '308.8302058059786' 'marauded']
 ['11' '320.55753564237205' 'present']
 ['4' '321.30239693190424' 'present']
 ['4' '321.4792909021309' 'marauded']
 ['4' '330.7806138992359' 'present']
 ['11' '332.0672406698519' 'marauded']
 ['11' '349.79861830115703' 'present']
 ['11' '354.2600332538921' 'present']]","[['F46' '39.94004970394388' 'mated']
 ['F133' '54.64931392202432' 'mated']
 ['F107' '78.5984070584598' 'absentdestroyed']
 ['F78' '94.74962460057884' 'absent']
 ['F78' '94.79592089687515' 'mated']
 ['F101' '96.43966525873245' 'mated']
 ['F204' '114.9118355034772' 'mated']
 ['F1' '130.0934372514736' 'mated']
 ['F148' '130.1535409359771' 'mated']
 ['F156' '131.2743117815289' 'mated']
 ['F166' '219.9918162165005' 'absentdestroyed']
 ['F14' '260.0369161226471' 'destroyed']
 ['F211' '297.21299738245534' 'absent']
 ['F52' '347.6179628215482' 'absent']]",2000.0,0.0,566.0,71.58090789233155,14.628091784441825,1138.0,190.6111433197559,40.157403950281314,570.0,97.87760651742519,21.577273713651252,0.0,0.0,0.0,0.0,0.0,0.0
9,0.0,7,360.323085961708,"[['10' '20.210261144671634' 'present']
 ['5' '26.166639230381495' 'marauded']
 ['13' '39.77598223270563' 'present']
 ['5' '42.87893602013113' 'present']
 ['10' '57.36720717482047' 'present']
 ['13' '57.431271261330146' 'present']
 ['10' '58.300998067066075' 'present']
 ['12' '58.96213878013936' 'marauded']
 ['5' '60.573980819897415' 'presentdestroyed']
 ['13' '63.137309436185745' 'presentdestroyed']
 ['5' '68.05405684713553' 'marauded']
 ['5' '68.6644221513994' 'destroyed']
 ['5' '86.76195602097904' 'present']
 ['4' '99.20610172331688' 'present']
 ['10' '110.18675644990094' 'present']
 ['10' '135.50416020964278' 'present']
 ['10' '143.19918768792053' 'present']
 ['13' '147.06605447803244' 'present']
 ['10' '154.3694764072655' 'marauded']
 ['13' '158.76544818062425' 'presentdestroyed']
 ['5' '159.44427634840133' 'destroyed']
 ['5' '164.7337116454253' 'present']
 ['5' '167.26262935169387' 'present']
 ['5' '191.42245088076245' 'marauded']
 ['5' '192.06648328708528' 'presentdestroyed']
 ['10' '197.8371060096493' 'presentdestroyed']
 ['13' '198.7327566599791' 'destroyed']
 ['5' '203.2472254810623' 'present']
 ['10' '214.97302877612034' 'present']
 ['6' '219.53591009556672' 'present']
 ['13' '234.8309919313486' 'present']
 ['13' '250.52864445671403' 'marauded']
 ['13' '258.17206322790867' 'marauded']
 ['10' '260.7098177817818' 'presentdestroyed']
 ['5' '261.09195284734494' 'presentdestroyed']
 ['13' '266.5103505452361' 'present']
 ['10' '268.86148829922035' 'marauded']
 ['13' '285.8892583082254' 'present']
 ['13' '288.1442415952488' 'present']
 ['13' '292.78508629324267' 'present']
 ['6' '294.29534038310953' 'present']
 ['13' '295.2225466615002' 'present']
 ['13' '301.0119846699419' 'present']
 ['10' '301.1565931908868' 'present']
 ['13' '304.3196521341218' 'present']
 ['13' '304.69805638900385' 'present']
 ['13' '308.01108546494504' 'present']
 ['5' '319.3879995928011' 'marauded']
 ['5' '319.8195022777868' 'presentdestroyed']
 ['5' '324.72472543894474' 'presentdestroyed']
 ['13' '326.3485562523062' 'presentdestroyed']
 ['10' '328.8398837080714' 'marauded']
 ['10' '342.90334135945835' 'marauded']
 ['5' '353.6143223042512' 'present']
 ['13' '354.42134300575464' 'present']
 ['5' '354.4861930219921' 'present']]","[['F59' '50.33057971217277' 'mated']
 ['F179' '93.9781422786935' 'mated']
 ['F66' '107.97202448072387' 'absent']
 ['F103' '163.95321463669958' 'mated']
 ['F24' '181.55925600449308' 'mated']
 ['F121' '189.97605948784087' 'mated']
 ['F160' '191.4386860089088' 'absentdestroyed']
 ['F75' '242.39561168189135' 'mated']
 ['F14' '260.06006427079524' 'destroyed']
 ['F35' '302.584970556378' 'mated']
 ['F52' '347.59481467340004' 'destroyed']]",2000.0,1000.0,556.0,72.50531953235884,17.13635310158464,1300.0,220.51498126711465,46.92582683222997,418.0,67.12260136730555,13.485367262652126,0.0,0.0,0.0,0.0,0.0,0.0
10,0.054,13,360.2063153315731,"[['6' '0.5856509685703066' 'present']
 ['11' '4.211821413387004' 'present']
 ['14' '4.722822358957327' 'marauded']
 ['11' '10.622581231353784' 'presentdestroyed']
 ['15' '20.848895738087695' 'present']
 ['14' '22.489850752736118' 'marauded']
 ['6' '28.106895637563635' 'presentdestroyed']
 ['14' '42.30780483659354' 'present']
 ['15' '47.66068279219566' 'marauded']
 ['14' '51.876259964913714' 'presentdestroyed']
 ['14' '60.10195173404598' 'present']
 ['11' '60.716016657540074' 'present']
 ['6' '65.54162298966376' 'present']
 ['14' '76.09539998447919' 'marauded']
 ['11' '80.56151494427901' 'presentdestroyed']
 ['14' '86.64993429725125' 'present']
 ['6' '94.6460943254927' 'marauded']
 ['11' '94.65665520136636' 'destroyed']
 ['6' '96.43032217737097' 'presentdestroyed']
 ['11' '108.8867546748162' 'present']
 ['14' '124.0197400060672' 'present']
 ['13' '153.31950261996514' 'present']
 ['6' '171.05995486576546' 'marauded']
 ['6' '178.06134489552832' 'presentdestroyed']
 ['14' '182.19081459248528' 'present']
 ['6' '187.31292063475212' 'present']
 ['6' '189.50922070536228' 'marauded']
 ['14' '190.43269755906303' 'presentdestroyed']
 ['14' '191.07342304161008' 'presentdestroyed']
 ['14' '192.33232969971863' 'presentdestroyed']
 ['11' '193.41707448804453' 'presentdestroyed']
 ['6' '206.3255521615351' 'marauded']
 ['11' '220.72058760421803' 'present']
 ['11' '228.45438939219514' 'present']
 ['6' '249.81416098241237' 'marauded']
 ['14' '253.86393115654' 'presentdestroyed']
 ['14' '265.3425907687461' 'present']
 ['14' '266.19617571607176' 'present']
 ['11' '269.9919666017887' 'present']
 ['14' '270.0100184325534' 'present']
 ['6' '289.3425267087064' 'present']
 ['6' '294.94039513606924' 'present']
 ['6' '299.3283535027814' 'present']
 ['6' '299.3746497990777' 'present']
 ['11' '299.5478394782809' 'present']
 ['14' '315.33974781440173' 'present']
 ['6' '329.4714407612263' 'present']
 ['6' '330.73387917984695' 'present']
 ['14' '334.1393876546796' 'marauded']
 ['13' '339.7927354226677' 'presentdestroyed']
 ['6' '355.5626265510317' 'present']
 ['11' '358.0805884457608' 'present']]","[['F62' '11.235765290031441' 'destroyed']
 ['F62' '11.282061586327739' 'destroyed']
 ['F62' '23.328357882624037' 'destroyed']
 ['F11' '66.06662867537041' 'mated']
 ['F81' '68.10859695017822' 'mated']
 ['F188' '68.33346464697526' 'mated']
 ['F39' '70.50029312678367' 'mated']
 ['F195' '84.75796785667514' 'mated']
 ['F139' '108.13994075423741' 'mated']
 ['F199' '180.0946307426548' 'mated']
 ['F164' '183.34395428288158' 'mated']
 ['F190' '186.83489552789362' 'mated']
 ['F149' '202.4831090300525' 'mated']
 ['F54' '217.1955751459954' 'mated']
 ['F159' '218.39854470432124' 'absent']
 ['F153' '234.15038857780056' 'mated']
 ['F172' '278.70323639467654' 'absent']
 ['F172' '278.74953269097284' 'absent']
 ['F15' '282.87062453893896' 'mated']]",2000.0,2000.0,566.0,66.71026249726178,13.133609300787304,1339.0,227.97725476586533,48.813900258753264,347.0,60.9193030191975,13.267075772770303,15.0,1.5000000000000002,0.15000000000000008,67.0,3.1402049594789894,0.14789094650205756
11,0.054,10,359.9115386211788,"[['15' '1.3529599702167934' 'present']
 ['7' '10.387461869819559' 'present']
 ['15' '11.202502612011315' 'marauded']
 ['15' '28.292505707716966' 'present']
 ['15' '30.832026151590338' 'present']
 ['15' '31.43749515798088' 'marauded']
 ['10' '34.399656391677524' 'destroyed']
 ['10' '41.52028406993726' 'present']
 ['10' '42.39932891639315' 'present']
 ['7' '43.52271610145105' 'present']
 ['10' '56.5183297482646' 'present']
 ['15' '62.49025398400344' 'marauded']
 ['10' '65.26652573598774' 'presentdestroyed']
 ['10' '72.52749794802715' 'marauded']
 ['15' '75.79515324071888' 'presentdestroyed']
 ['15' '80.73414272389545' 'present']
 ['10' '103.88244150939322' 'present']
 ['15' '109.6283384314488' 'marauded']
 ['6' '126.91850558280623' 'present']
 ['7' '130.31074662372777' 'present']
 ['10' '137.36435745356968' 'present']
 ['15' '146.61714554923913' 'present']
 ['10' '155.60769226126055' 'present']
 ['15' '173.11099157047133' 'present']
 ['10' '179.6757683815488' 'marauded']
 ['7' '186.42824136820923' 'presentdestroyed']
 ['15' '198.5848221665558' 'present']
 ['4' '204.5491822722954' 'present']
 ['4' '213.39658442176608' 'present']
 ['15' '220.1761895255156' 'present']
 ['7' '224.4175329635461' 'present']
 ['10' '238.8386246044225' 'present']
 ['7' '243.9737939491605' 'present']
 ['10' '245.1360378547107' 'present']
 ['15' '255.40430980520537' 'present']
 ['7' '259.66677015800906' 'present']
 ['15' '261.06273086844425' 'present']
 ['10' '263.02964793801755' 'present']
 ['10' '267.57654047017326' 'present']
 ['15' '279.50833809451626' 'present']
 ['7' '280.7703485875044' 'present']
 ['15' '281.3101443969652' 'present']
 ['15' '282.246635157541' 'marauded']
 ['15' '282.7124014422385' 'presentdestroyed']
 ['7' '296.8361817584087' 'present']
 ['10' '300.75329693257686' 'present']
 ['10' '301.2028894871831' 'marauded']
 ['10' '306.22156584966854' 'destroyed']
 ['10' '314.7519879131643' 'present']
 ['10' '321.2671722866767' 'marauded']
 ['15' '322.00124361134164' 'destroyed']
 ['15' '332.5602008728179' 'present']
 ['15' '335.75164722233967' 'marauded']]","[['F62' '11.25891343817959' 'destroyed']
 ['F62' '23.351506030772185' 'mated']
 ['F133' '54.579869477579884' 'absent']
 ['F133' '54.626165773876174' 'absent']
 ['F188' '68.3103164988271' 'destroyed']
 ['F39' '70.47714497863552' 'absent']
 ['F139' '108.11679260608926' 'absent']
 ['F108' '123.00827027005155' 'mated']
 ['F99' '127.99621736626847' 'mated']
 ['F13' '187.90341003327043' '']
 ['F171' '193.81006989189132' 'mated']
 ['F134' '196.12689796967373' 'mated']
 ['F157' '207.0956138067688' 'mated']
 ['F58' '215.38475347046017' 'mated']
 ['F166' '220.01496436464865' 'mated']
 ['F9' '259.4416524094655' 'mated']
 ['F92' '333.7501474503184' 'mated']]",2000.0,3000.0,567.0,75.37148876486722,16.278940577552053,1292.0,219.09840494394882,47.51681747812134,356.0,61.48014535053905,13.589787871515526,8.0,0.7999999999999999,0.08000000000000002,71.0,3.3062135908506054,0.1543209876543209
12,0.054,9,360.33587826007476,"[['15' '11.064636012598966' 'present']
 ['15' '16.864061765246184' 'marauded']
 ['19' '17.03560680816722' 'presentdestroyed']
 ['16' '24.00398748869162' 'destroyed']
 ['13' '30.313283658327272' 'present']
 ['15' '41.36007081098426' 'present']
 ['16' '43.89166528895904' 'marauded']
 ['15' '44.71104973483869' 'presentdestroyed']
 ['15' '46.477079884087175' 'presentdestroyed']
 ['13' '57.349119765650364' 'present']
 ['16' '62.26376192504388' 'present']
 ['16' '78.9263553768169' 'present']
 ['13' '80.06363203299264' 'present']
 ['16' '83.3079889946772' 'present']
 ['15' '94.57066660051636' 'present']
 ['16' '96.60023566992466' 'present']
 ['16' '98.98177324385985' 'marauded']
 ['16' '102.39003941564229' 'presentdestroyed']
 ['13' '123.18889138328937' 'present']
 ['17' '132.30797441392423' 'present']
 ['13' '139.94113564288944' 'present']
 ['15' '140.700844841069' 'present']
 ['15' '150.69460488776505' 'present']
 ['16' '161.1122888786723' 'present']
 ['16' '167.24581526318036' 'present']
 ['13' '172.45311798889946' 'present']
 ['16' '178.3745941106694' 'marauded']
 ['16' '181.1420734626172' 'presentdestroyed']
 ['16' '184.37821923426813' 'destroyed']
 ['16' '188.4785092804874' 'present']
 ['13' '195.42983597332574' 'marauded']
 ['16' '199.9239554941338' 'presentdestroyed']
 ['13' '208.02121241824656' 'marauded']
 ['16' '211.05821600565238' 'presentdestroyed']
 ['13' '217.24952220821842' 'present']
 ['13' '217.29581850451473' 'present']
 ['13' '220.9679994234072' 'present']
 ['16' '234.9699834350125' 'present']
 ['15' '235.1691839205543' 'present']
 ['15' '241.41743693716884' 'present']
 ['16' '248.9385343788112' 'present']
 ['16' '269.55241009207884' 'present']
 ['16' '271.9440975804083' 'present']
 ['16' '272.89387374372274' 'present']
 ['13' '282.8744456927303' 'present']
 ['13' '307.96478916864874' 'present']
 ['13' '321.9583425734129' 'present']
 ['15' '322.5446982919604' 'present']
 ['13' '324.24848822906387' 'present']
 ['15' '328.7301256532406' 'present']
 ['16' '329.2921242197366' 'marauded']
 ['13' '332.2100642364039' 'presentdestroyed']
 ['15' '334.35824642160935' 'presentdestroyed']
 ['19' '340.93947528880653' 'present']
 ['15' '346.62954811628737' 'present']
 ['15' '354.7210081258371' 'present']]","[['F106' '19.788081957190652' 'absentdestroyed']
 ['F107' '78.62155520660795' 'mated']
 ['F205' '95.02128364285687' 'absent']
 ['F42' '112.07478504911887' 'mated']
 ['F129' '138.7560085386989' 'mated']
 ['F145' '164.7113702939896' 'mated']
 ['F136' '185.30927881231213' 'destroyed']
 ['F136' '185.35557510860843' 'destroyed']
 ['F176' '187.4538455801348' 'mated']
 ['F34' '251.04745557349383' 'absent']
 ['F97' '259.7422319612536' 'mated']
 ['F147' '266.4048214696513' 'mated']
 ['F175' '302.0102565501037' 'mated']
 ['F50' '303.0375397923401' 'mated']]",3000.0,0.0,592.0,71.69663172230264,14.666507850198533,1446.0,240.14760704251242,50.83227620897092,253.0,43.08675474743094,9.170708494081092,14.0,1.4000000000000001,0.14000000000000007,78.0,3.6878173263653866,0.1757544581618654
13,0.054,13,360.18993310223954,"[['17' '3.220118902332516' 'present']
 ['14' '10.778794184825957' 'present']
 ['12' '12.169966175582863' 'present']
 ['14' '12.435030776554985' 'marauded']
 ['12' '35.186823400688084' 'present']
 ['17' '38.1261701925394' 'present']
 ['17' '49.01512838874307' 'present']
 ['17' '60.375209803239585' 'present']
 ['17' '63.47060343404952' 'marauded']
 ['17' '66.06992220657808' 'presentdestroyed']
 ['14' '74.26893945844957' 'present']
 ['12' '75.82723108114165' 'present']
 ['17' '82.88365763683105' 'marauded']
 ['17' '93.48675401058959' 'present']
 ['12' '111.28764818867954' 'present']
 ['12' '111.71475150187787' 'marauded']
 ['17' '129.96529011515736' 'marauded']
 ['14' '132.9974275638535' 'destroyed']
 ['17' '136.04291008339615' 'presentdestroyed']
 ['12' '136.88723607676286' 'presentdestroyed']
 ['14' '143.90729922197292' 'present']
 ['12' '159.91357481820629' 'present']
 ['17' '164.2103968407615' 'marauded']
 ['14' '165.22654690097613' 'presentdestroyed']
 ['12' '167.8840483055764' 'presentdestroyed']
 ['12' '187.30517377159316' 'present']
 ['14' '192.37862599601493' 'present']
 ['12' '193.29922949160067' 'present']
 ['17' '205.25017791091278' 'present']
 ['14' '222.5756928705636' 'present']
 ['12' '233.95109392128586' 'present']
 ['17' '234.8769834926778' 'present']
 ['17' '237.60317014121534' 'present']
 ['17' '238.09583358048914' 'present']
 ['12' '239.44551973559894' 'present']
 ['17' '250.5852799671756' 'marauded']
 ['12' '256.2572085466998' 'presentdestroyed']
 ['12' '287.9828777477099' 'present']
 ['12' '295.3038814710314' 'present']
 ['12' '304.938811097745' 'present']
 ['17' '313.13168068402393' 'present']
 ['12' '321.6624215141651' 'present']
 ['17' '324.1934620137515' 'present']
 ['14' '337.7875912998031' 'present']
 ['17' '342.75139787912093' 'present']]","[['F161' '60.6193725054614' 'mated']
 ['F185' '71.592558529038' 'mated']
 ['F195' '84.7252314316202' 'destroyed']
 ['F66' '107.99517262887203' 'mated']
 ['F102' '123.71388934161803' 'absent']
 ['F98' '128.22404842981058' 'mated']
 ['F129' '138.73286039055074' 'absent']
 ['F206' '153.87761125482865' 'mated']
 ['F173' '154.70366295100507' 'mated']
 ['F191' '161.46347306497154' 'absent']
 ['F145' '164.68822214584145' 'destroyed']
 ['F136' '185.3787232567566' 'absent']
 ['F160' '191.46183415705696' 'mated']
 ['F4' '253.2296657838769' 'destroyed']
 ['F14' '260.0832124189434' 'mated']
 ['F31' '277.31923583247965' 'mated']
 ['F181' '292.1286198542346' 'mated']
 ['F25' '292.6367961864024' 'mated']
 ['F202' '324.02106005472433' 'mated']
 ['F89' '352.78425785415675' 'mated']]",3000.0,1000.0,553.0,71.12508075159373,15.575941456181361,1429.0,240.51521760723568,51.0774407141953,257.0,43.05158361123901,9.287480794429884,15.0,1.5000000000000002,0.15000000000000008,84.0,3.9847716579567334,0.19075788751714653
14,0.054,13,360.48305708779577,"[['13' '11.286338131810899' 'present']
 ['13' '25.28936795714913' 'marauded']
 ['10' '30.05044819141061' 'presentdestroyed']
 ['13' '33.20654075648995' 'present']
 ['15' '36.37267068056403' 'present']
 ['13' '42.49750382751119' 'marauded']
 ['13' '63.331633853940446' 'marauded']
 ['15' '78.7343801982087' 'present']
 ['13' '81.55353442818063' 'present']
 ['10' '87.2489359277884' 'marauded']
 ['13' '92.4623905927034' 'presentdestroyed']
 ['13' '96.40028624282667' 'present']
 ['13' '99.89282302997596' 'marauded']
 ['13' '109.07207633502645' 'present']
 ['15' '129.11800713108286' 'present']
 ['10' '146.07706090330782' 'present']
 ['10' '147.12836241030968' 'present']
 ['10' '149.41506510027267' 'present']
 ['15' '153.14228747907833' 'present']
 ['13' '171.45063875543624' 'present']
 ['15' '196.15388886914383' 'marauded']
 ['10' '202.2034762975786' 'presentdestroyed']
 ['15' '202.38211033316196' 'presentdestroyed']
 ['10' '202.8406294590702' 'presentdestroyed']
 ['10' '205.70987670437424' 'marauded']
 ['17' '206.1804080703529' 'presentdestroyed']
 ['13' '211.30560445761643' 'presentdestroyed']
 ['17' '219.21735209338792' 'present']
 ['15' '219.27231274589647' 'present']
 ['15' '223.44020737651047' 'present']
 ['10' '230.75112499780363' 'present']
 ['15' '235.122887624258' 'present']
 ['13' '245.083180469482' 'marauded']
 ['15' '247.33227549232495' 'presentdestroyed']
 ['10' '249.23486185951924' 'presentdestroyed']
 ['13' '250.48234816041773' 'presentdestroyed']
 ['15' '252.25688908848818' 'presentdestroyed']
 ['15' '257.49715203765004' 'marauded']
 ['13' '274.1705076249219' 'marauded']
 ['10' '277.13909785091863' 'presentdestroyed']
 ['15' '288.4561117217191' 'present']
 ['10' '295.9572974195135' 'present']
 ['13' '296.7481430163584' 'present']
 ['13' '302.4635020793511' 'present']
 ['13' '314.1423760452625' 'present']
 ['13' '338.994691862928' 'marauded']
 ['15' '347.7824924735156' 'marauded']
 ['15' '350.918300909891' 'destroyed']
 ['15' '354.2961693133792' 'presentdestroyed']]","[['F62' '11.212617141883293' 'absent']
 ['F0' '62.63819362062292' 'mated']
 ['F81' '68.08544880203007' 'destroyed']
 ['F209' '72.575490689506' 'absent']
 ['F26' '75.72757165314889' 'mated']
 ['F170' '95.24124664459148' 'mated']
 ['F146' '114.97991273734377' 'absent']
 ['F51' '124.27081661842504' 'mated']
 ['F76' '144.7369821550664' 'mated']
 ['F18' '150.77892532425847' 'mated']
 ['F191' '161.4866212131197' 'mated']
 ['F168' '162.02769547350775' 'mated']
 ['F159' '218.4216928524694' 'mated']
 ['F57' '231.4993348706335' 'mated']
 ['F177' '241.73065357139478' 'mated']
 ['F4' '253.25281393202505' 'mated']
 ['F31' '277.2497913880352' 'destroyed']
 ['F172' '278.6800882465284' 'destroyed']
 ['F172' '278.7263845428247' 'absentdestroyed']
 ['F172' '278.772680839121' 'absentdestroyed']
 ['F69' '309.0558550070905' 'mated']
 ['F10' '345.74196751246905' 'destroyed']]",3000.0,2000.0,575.0,71.48741110133628,14.57928207241194,1224.0,210.44825321903033,45.53039072529704,422.0,73.53761268223293,15.784711216791466,13.0,1.3,0.13000000000000006,72.0,3.3525098871469017,0.15646433470507534
15,0.054,11,360.0533517019731,"[['14' '12.664476879653773' 'present']
 ['14' '17.625560191437717' 'present']
 ['14' '17.857369571910947' 'present']
 ['14' '19.390965495400813' 'present']
 ['14' '22.636147049032417' 'present']
 ['19' '29.76828129019761' 'present']
 ['12' '36.092951951018016' 'present']
 ['14' '52.01879213333317' 'marauded']
 ['12' '55.40329492005509' 'destroyed']
 ['12' '84.74588022415216' 'present']
 ['14' '85.53135041570863' 'present']
 ['14' '95.79084332304072' 'present']
 ['14' '110.11817153447642' 'present']
 ['12' '111.93555120975053' 'present']
 ['14' '117.85233796233358' 'present']
 ['12' '121.70530037997801' 'marauded']
 ['14' '122.91256585190115' 'presentdestroyed']
 ['12' '122.99638577555557' 'presentdestroyed']
 ['19' '136.0827004536273' 'present']
 ['12' '143.48284001397303' 'present']
 ['12' '148.03406030360102' 'present']
 ['14' '148.52564721161127' 'present']
 ['14' '154.0285687630222' 'present']
 ['14' '155.80172663063664' 'marauded']
 ['14' '157.1152793128859' 'presentdestroyed']
 ['11' '159.48214080022606' 'presentdestroyed']
 ['11' '164.0741125600392' 'marauded']
 ['14' '173.22098223694783' 'present']
 ['14' '183.70299093535465' 'present']
 ['14' '184.91067995709346' 'marauded']
 ['14' '186.2056706871104' 'destroyed']
 ['12' '186.99487557276484' 'presentdestroyed']
 ['12' '189.60274709691194' 'presentdestroyed']
 ['11' '189.93372294789873' 'presentdestroyed']
 ['11' '193.6610232592212' 'present']
 ['12' '204.25134446516773' 'marauded']
 ['12' '204.4226865793833' 'destroyed']
 ['12' '206.06704895483117' 'presentdestroyed']
 ['12' '207.81917401157835' 'presentdestroyed']
 ['11' '211.02871199517938' 'presentdestroyed']
 ['11' '216.79525551924763' 'present']
 ['11' '218.07421308206827' 'present']
 ['12' '222.00785834426296' 'present']
 ['14' '222.5293965742673' 'present']
 ['11' '225.9548282213239' 'present']
 ['11' '235.42973716691606' 'present']
 ['12' '239.7338270452398' 'present']
 ['19' '247.88380030819343' 'present']
 ['11' '248.7929887187257' 'present']
 ['11' '258.68518799993154' 'present']
 ['12' '264.01709511695907' 'present']
 ['12' '292.689639364004' 'present']
 ['11' '294.0066067439473' 'present']
 ['14' '295.35877496126335' 'marauded']
 ['14' '303.559377427032' 'present']
 ['19' '304.54030779339934' 'marauded']
 ['14' '310.0142259710127' 'presentdestroyed']
 ['11' '311.5310798148474' 'present']
 ['12' '323.3965650826035' 'present']
 ['19' '337.33274049391105' 'marauded']
 ['12' '345.1742502226984' 'presentdestroyed']
 ['11' '346.7677755415442' 'present']
 ['11' '356.46373694817953' 'present']
 ['11' '356.51003324447584' 'present']
 ['14' '358.93919447179934' 'present']]","[['F62' '11.189468993735144' 'absent']
 ['F128' '50.19108799201154' 'mated']
 ['F133' '54.60301762572803' 'absentdestroyed']
 ['F209' '72.59863883765415' 'mated']
 ['F146' '115.00306088549192' 'mated']
 ['F108' '122.9851221219034' 'destroyed']
 ['F208' '176.71292907886863' 'mated']
 ['F6' '179.69229088899297' 'mated']
 ['F136' '185.33242696046028' 'destroyed']
 ['F13' '187.92655818141859' 'destroyed']
 ['F82' '222.75837532670803' 'mated']
 ['F94' '223.80075501387637' 'mated']
 ['F116' '228.80761497135396' 'mated']
 ['F34' '251.070603721642' 'mated']
 ['F105' '283.0743614962997' 'mated']
 ['F50' '303.01439164419196' 'destroyed']
 ['F10' '345.7651156606172' 'mated']]",3000.0,3000.0,564.0,69.07442601671606,14.777732493143267,1377.0,230.6515059107968,48.7896639316425,321.0,55.168166938165086,11.846684494457179,16.0,1.6000000000000003,0.1600000000000001,80.0,3.7804099189579796,0.18004115226337425
16,0.054,10,360.0081207383314,"[['21' '0.8273032575095546' 'present']
 ['19' '3.446929706152933' 'present']
 ['12' '5.721441478616392' 'marauded']
 ['19' '6.378698742705883' 'presentdestroyed']
 ['17' '6.877018356948934' 'presentdestroyed']
 ['17' '10.514479176688353' 'destroyed']
 ['17' '11.946852487969885' 'presentdestroyed']
 ['20' '28.5373459386439' 'marauded']
 ['20' '28.95626642748038' 'presentdestroyed']
 ['17' '31.75145079715652' 'presentdestroyed']
 ['20' '32.20912096526203' 'presentdestroyed']
 ['20' '33.15293606540863' 'presentdestroyed']
 ['19' '38.012061775792496' 'present']
 ['17' '38.17246648883569' 'present']
 ['12' '52.738717757662265' 'marauded']
 ['19' '53.96270047748788' 'presentdestroyed']
 ['19' '64.50132092391654' 'present']
 ['12' '64.7405970488858' 'present']
 ['12' '66.32744702037877' 'present']
 ['17' '68.48739794255481' 'present']
 ['17' '68.53369423885111' 'present']
 ['20' '72.4674041631414' 'present']
 ['17' '75.11105684519849' 'present']
 ['19' '77.55477959592176' 'present']
 ['17' '79.95240126809377' 'present']
 ['17' '88.83075344172826' 'marauded']
 ['20' '88.83239258958686' 'destroyed']
 ['17' '91.14497537567588' 'presentdestroyed']
 ['17' '99.32947081702717' 'present']
 ['17' '102.9265038053458' 'present']
 ['13' '104.21067463450363' 'present']
 ['19' '105.17773699081421' 'present']
 ['19' '111.42097204177061' 'present']
 ['19' '111.80068030094608' 'present']
 ['12' '111.88925491345422' 'present']
 ['12' '112.01800891460861' 'present']
 ['12' '115.1091399739803' 'marauded']
 ['12' '128.61703886237416' 'present']
 ['12' '136.93353237305917' 'present']
 ['20' '145.15517079957078' 'marauded']
 ['20' '148.0081284279498' 'presentdestroyed']
 ['17' '149.84695855768067' 'presentdestroyed']
 ['20' '151.59550397383452' 'presentdestroyed']
 ['12' '163.1290627847792' 'present']
 ['20' '187.61753056093397' 'present']
 ['12' '206.70520567197073' 'present']
 ['19' '213.87392102397962' 'present']
 ['19' '219.23508446345707' 'present']
 ['12' '223.53635106589815' 'present']
 ['19' '231.4641459695653' 'present']
 ['20' '232.11988351353085' 'present']
 ['17' '241.7139293411365' 'present']
 ['17' '243.34997717582976' 'present']
 ['19' '244.87910336110528' 'present']
 ['20' '248.1712366446325' 'present']
 ['19' '254.1966438290657' 'present']
 ['20' '258.1263706947874' 'present']
 ['20' '260.7586273629613' 'marauded']
 ['12' '263.60001991495176' 'presentdestroyed']
 ['12' '263.64631621124806' 'presentdestroyed']
 ['20' '266.30487085746597' 'presentdestroyed']
 ['20' '267.91608947942007' 'presentdestroyed']
 ['17' '268.41090178374236' 'present']
 ['20' '270.70930720826124' 'present']
 ['20' '270.75560350455754' 'present']
 ['20' '278.72667076177885' 'present']
 ['17' '293.83569395607884' 'present']
 ['12' '294.1964649623651' 'present']
 ['19' '295.93906891861025' 'present']
 ['19' '298.47742103985934' 'marauded']
 ['17' '299.45153759455957' 'presentdestroyed']
 ['20' '301.20480509152935' 'presentdestroyed']
 ['19' '313.8194857910091' 'marauded']
 ['12' '319.4866163374449' 'destroyed']
 ['20' '333.3143917678788' 'marauded']
 ['17' '335.47085767699286' 'presentdestroyed']
 ['20' '341.9416808334182' 'present']
 ['17' '348.13708862868344' 'present']
 ['19' '355.0254311871869' 'marauded']]","[['F189' '15.387898683417482' 'mated']
 ['F106' '19.8112301053388' 'mated']
 ['F93' '56.56805619518045' 'destroyed']
 ['F140' '57.7707093713096' 'destroyed']
 ['F117' '59.989446757025966' 'absentdestroyed']
 ['F141' '70.20857351602945' 'mated']
 ['F205' '95.04443179100502' 'absentdestroyed']
 ['F98' '128.17775213351428' 'absent']
 ['F55' '175.4664272571421' 'mated']
 ['F174' '177.33108541138947' 'mated']
 ['F86' '177.8342621699193' 'absent']
 ['F115' '178.22596801154057' 'mated']
 ['F184' '181.73387357032723' 'mated']
 ['F210' '197.63524694747196' 'mated']
 ['F56' '238.06972771628224' 'mated']
 ['F118' '289.18658088122805' 'mated']]",4000.0,0.0,555.0,70.97073121730527,15.204379363106558,1321.0,220.02633733482156,46.91828976269273,376.0,64.85404049231363,14.220755813639608,12.0,1.2,0.12000000000000005,68.0,3.1673247019617166,0.14789094650205759
17,0.054,10,360.14968481359915,"[['21' '9.851092116060526' 'present']
 ['21' '12.556488665688722' 'present']
 ['21' '13.555955171879406' 'present']
 ['16' '13.64903162023243' 'present']
 ['13' '27.08691745148589' 'present']
 ['13' '40.76098886237519' 'marauded']
 ['13' '44.28207161244146' 'presentdestroyed']
 ['21' '45.690273333208424' 'presentdestroyed']
 ['16' '49.974702414904' 'marauded']
 ['16' '50.12099871120029' 'destroyed']
 ['13' '62.748502799114966' 'present']
 ['21' '66.77874239634251' 'present']
 ['16' '79.56193342770983' 'present']
 ['16' '80.13277544359008' 'present']
 ['12' '88.06336943895614' 'present']
 ['16' '96.55393937362835' 'present']
 ['13' '105.5538536255853' 'marauded']
 ['21' '105.7962499419137' 'presentdestroyed']
 ['16' '111.18679768437772' 'presentdestroyed']
 ['21' '111.19867365365337' 'presentdestroyed']
 ['16' '112.73509150251364' 'present']
 ['21' '116.48821656820977' 'present']
 ['13' '119.83149108888504' 'present']
 ['13' '126.09888272616334' 'present']
 ['21' '129.38471960609368' 'present']
 ['21' '138.08785436493218' 'marauded']
 ['16' '139.35944670062682' 'presentdestroyed']
 ['16' '144.7846171124974' 'presentdestroyed']
 ['22' '148.8877222777402' 'present']
 ['21' '165.25924945211716' 'marauded']
 ['16' '167.4330387907621' 'destroyed']
 ['13' '172.49941428519577' 'destroyed']
 ['13' '187.5463425421112' 'present']
 ['13' '188.65014741786123' 'marauded']
 ['13' '191.43484320883442' 'presentdestroyed']
 ['16' '193.64311871291073' 'destroyed']
 ['13' '206.00951630597714' 'present']
 ['16' '207.14034105567137' 'present']
 ['13' '210.50038492293135' 'present']
 ['20' '211.5021105805866' 'marauded']
 ['16' '215.0613145915194' 'presentdestroyed']
 ['13' '217.17734147637398' 'presentdestroyed']
 ['13' '221.65481650310755' 'present']
 ['21' '222.1020193861828' 'present']
 ['16' '225.2213932890711' 'present']
 ['13' '226.84883608272986' 'present']
 ['21' '233.76851783808544' 'present']
 ['21' '234.20276313656782' 'present']
 ['22' '258.9529432004185' 'marauded']
 ['13' '260.204495430052' 'presentdestroyed']
 ['13' '261.56366086186426' 'presentdestroyed']
 ['21' '272.8958037173478' 'present']
 ['13' '280.57227695914384' 'present']
 ['13' '281.26358348234663' 'marauded']
 ['16' '285.2146658441857' 'presentdestroyed']
 ['13' '287.7362070168869' 'presentdestroyed']
 ['13' '293.72782071959523' 'present']
 ['21' '316.53376866499144' 'present']
 ['21' '319.3425458815845' 'present']
 ['13' '327.61248601400587' 'present']
 ['13' '341.8675186923708' 'present']
 ['16' '347.21774065497965' 'present']
 ['16' '350.2071842254828' 'present']
 ['16' '351.44161340412717' 'present']
 ['21' '354.34200757937094' 'present']]","[['F3' '4.223798218281128' 'mated']
 ['F189' '15.364750535269334' 'absent']
 ['F161' '60.596224357313254' 'absent']
 ['F141' '70.1854253678813' 'absent']
 ['F212' '73.73856409571151' 'mated']
 ['F16' '80.47728058091941' 'mated']
 ['F195' '84.70208328347205' 'absent']
 ['F205' '95.06757993915318' 'mated']
 ['F102' '123.73703748976618' 'mated']
 ['F98' '128.20090028166243' 'absent']
 ['F191' '161.44032491682339' 'absent']
 ['F126' '173.49868069857015' 'mated']
 ['F86' '177.85741031806745' 'mated']
 ['F136' '185.40187140490474' 'mated']
 ['F90' '202.50830574199995' 'mated']
 ['F130' '232.8417378261752' 'mated']
 ['F31' '277.2960876843315' 'absent']]",4000.0,1000.0,570.0,69.75228070841048,14.015357392989277,1397.0,230.41858223099678,48.67120234171092,317.0,55.02006763200796,11.718164452379442,10.0,0.9999999999999999,0.10000000000000003,82.0,3.8730025115505717,0.18432784636488317
18,0.0,4,360.2733386554989,"[['14' '0.023148148148148147' 'present']
 ['19' '4.105827783116831' 'present']
 ['22' '5.5994478442825235' 'present']
 ['17' '10.943915393482916' 'present']
 ['17' '12.994873325341818' 'present']
 ['14' '14.197268001104971' 'marauded']
 ['14' '17.81107327561465' 'presentdestroyed']
 ['14' '20.064035531778526' 'presentdestroyed']
 ['14' '20.627035862542137' 'presentdestroyed']
 ['14' '21.497667006556636' 'presentdestroyed']
 ['17' '26.510977827511056' 'present']
 ['19' '38.19694515851039' 'present']
 ['17' '40.393918238277465' 'present']
 ['14' '41.73965466565624' 'present']
 ['22' '44.868930727679846' 'present']
 ['22' '49.6767225881827' 'marauded']
 ['19' '52.78072845229862' 'destroyed']
 ['14' '63.049990595799535' 'marauded']
 ['19' '64.45502462762023' 'presentdestroyed']
 ['14' '70.86198840608014' 'present']
 ['22' '75.14778056514983' 'marauded']
 ['22' '75.77994568489615' 'presentdestroyed']
 ['19' '78.54197540392401' 'presentdestroyed']
 ['17' '80.22194778846406' 'presentdestroyed']
 ['22' '81.31262892711302' 'presentdestroyed']
 ['17' '82.83736134053474' 'present']
 ['17' '105.53223306122412' 'present']
 ['19' '105.93507633990848' 'present']
 ['22' '106.28231842590502' 'present']
 ['14' '115.26590404180106' 'marauded']
 ['19' '122.0732764826543' 'presentdestroyed']
 ['14' '127.54988276596033' 'present']
 ['14' '132.12030416036202' 'present']
 ['19' '138.32028716498226' 'present']
 ['14' '149.2887313141335' 'present']
 ['17' '154.221994031313' 'present']
 ['19' '162.7018090955419' 'present']
 ['22' '166.2739788097569' 'present']
 ['22' '166.3498347814146' 'present']
 ['14' '168.92728464855298' 'present']
 ['19' '172.97867953724202' 'present']
 ['19' '179.90637492991488' 'marauded']
 ['22' '180.76778242318042' 'presentdestroyed']
 ['22' '181.53269078689567' 'presentdestroyed']
 ['14' '181.5993977541283' 'presentdestroyed']
 ['22' '183.13006579817485' 'destroyed']
 ['19' '193.37616450548057' 'present']
 ['19' '201.63052030794742' 'present']
 ['19' '206.11471323342172' 'marauded']
 ['19' '217.67483871782852' 'present']
 ['19' '218.98706821519485' 'present']
 ['22' '226.64199480242954' 'marauded']
 ['22' '240.72750722099616' 'present']
 ['17' '241.29373767882106' 'present']
 ['15' '243.99298977651773' 'marauded']
 ['22' '244.25835718776446' 'presentdestroyed']
 ['14' '244.54183652788757' 'destroyed']
 ['17' '250.02144308213568' 'destroyed']
 ['17' '251.72421432571343' 'destroyed']
 ['19' '275.1752110445782' 'marauded']
 ['19' '277.38689067413935' 'presentdestroyed']
 ['22' '279.136046036076' 'presentdestroyed']
 ['22' '280.55222207736534' 'presentdestroyed']
 ['13' '289.4852168920019' 'present']
 ['22' '294.5140723799778' 'present']
 ['14' '300.7189517108448' 'present']
 ['19' '300.9059786826363' 'present']
 ['17' '309.1949319167581' 'present']
 ['22' '309.5891093066245' 'present']
 ['14' '314.0996231031513' 'present']
 ['17' '325.2126426566081' 'present']
 ['14' '335.958589302795' 'present']
 ['17' '336.2516951256525' 'marauded']
 ['17' '343.0632733457237' 'presentdestroyed']
 ['17' '349.5220925905292' 'present']
 ['17' '350.6587357953932' 'marauded']
 ['19' '356.38837988838594' 'presentdestroyed']
 ['14' '358.48516658478883' 'marauded']
 ['19' '358.92869272712704' 'destroyed']]","[['F140' '57.81700566760589' 'mated']
 ['F16' '80.45413243277126' 'destroyed']
 ['F38' '135.42441063704163' 'mated']
 ['F65' '148.27676472230115' 'mated']
 ['F100' '154.22870375537903' 'mated']
 ['F45' '229.17549352055437' 'destroyed']
 ['F130' '232.81858967802705' 'destroyed']
 ['F31' '277.27293953618334' 'destroyed']]",4000.0,2000.0,571.0,74.27919432087447,16.111077995287673,1254.0,211.6344015932887,45.32401841108453,442.0,74.30025280725593,15.764935297198559,0.0,0.0,0.0,0.0,0.0,0.0
19,0.054,3,360.24090871355463,"[['15' '4.658684844017129' 'present']
 ['15' '25.648272077081554' 'present']
 ['16' '26.036071126084142' 'present']
 ['22' '27.613480426842536' 'present']
 ['16' '27.70335993233253' 'present']
 ['15' '29.928257620294502' 'present']
 ['15' '30.255036664863244' 'present']
 ['15' '37.8403641516881' 'present']
 ['15' '42.16458311891668' 'present']
 ['16' '46.382786786856855' 'present']
 ['16' '52.51065380569912' 'present']
 ['14' '62.16356432004611' 'present']
 ['22' '64.8726192709558' 'marauded']
 ['16' '80.17907173988638' 'marauded']
 ['15' '80.40603825861716' 'presentdestroyed']
 ['15' '91.66857566397717' 'present']
 ['15' '96.05998652214075' 'marauded']
 ['15' '96.36093269957746' 'presentdestroyed']
 ['15' '97.45661330271948' 'presentdestroyed']
 ['15' '113.84555212330442' 'present']
 ['15' '115.86189248732514' 'present']
 ['15' '117.40336571271253' 'present']
 ['16' '128.40621515189494' 'marauded']
 ['16' '131.52878610437318' 'destroyed']
 ['16' '178.99121075181196' 'present']
 ['16' '184.42451553056443' 'present']
 ['15' '200.23975030216485' 'present']
 ['16' '232.20202930947693' 'marauded']
 ['15' '234.02830507296423' 'presentdestroyed']
 ['15' '240.38985376207597' 'present']
 ['16' '240.92584417250362' 'present']
 ['12' '254.92314547735052' 'marauded']
 ['15' '256.7714104467835' 'presentdestroyed']
 ['15' '263.8274752301515' 'marauded']
 ['15' '266.1778733011475' 'presentdestroyed']
 ['12' '270.9520944252994' 'presentdestroyed']
 ['16' '278.5895199713561' 'marauded']
 ['15' '285.3381344815231' 'presentdestroyed']
 ['16' '287.7891108916309' 'marauded']
 ['16' '306.47465990435416' 'present']
 ['16' '308.32245067259686' 'present']
 ['15' '315.10396727343937' 'marauded']
 ['15' '346.03265883452383' 'marauded']]","[['F2' '25.580867415350806' 'mated']
 ['F180' '49.06544641106617' 'mated']
 ['F140' '57.793857519457745' 'absent']
 ['F117' '60.01259490517411' 'absent']
 ['F13' '187.94970632956674' 'mated']
 ['F56' '238.0465795681341' 'destroyed']
 ['F127' '266.2288010972659' 'destroyed']
 ['F172' '290.8054172641759' 'absentdestroyed']
 ['F172' '290.8517135604722' 'absentdestroyed']]",4000.0,3000.0,574.0,74.93825871623785,15.71810129679592,1274.0,213.98387072503814,45.49978765627817,387.0,66.87114558581531,14.355977144856343,11.0,1.0999999999999999,0.11000000000000004,65.0,3.1243185821406736,0.1521776406035665
20,0.054,9,360.3469235298655,"[['1' '5.2112450927385465' 'present']
 ['21' '15.11801693886027' 'present']
 ['21' '17.971676158840012' 'present']
 ['16' '18.787353154658096' 'present']
 ['0' '19.371692018884932' 'present']
 ['21' '33.41928887353054' 'present']
 ['0' '36.54149407916719' 'present']
 ['0' '37.76699266796378' 'present']
 ['16' '42.50699702366702' 'marauded']
 ['19' '44.40233216596116' 'presentdestroyed']
 ['21' '44.493190710560036' 'presentdestroyed']
 ['21' '54.379177358421174' 'marauded']
 ['21' '55.50284812601951' 'presentdestroyed']
 ['21' '57.24144243852337' 'destroyed']
 ['21' '59.265220273616755' 'destroyed']
 ['21' '63.498829390644616' 'marauded']
 ['21' '65.87937272507882' 'presentdestroyed']
 ['0' '71.96940783090666' 'present']
 ['21' '80.45075166930675' 'present']
 ['0' '89.06756755002364' 'present']
 ['0' '104.75487820268683' 'marauded']
 ['0' '108.0818044897557' 'presentdestroyed']
 ['21' '119.4375518678671' 'present']
 ['3' '141.61051353413015' 'present']
 ['0' '142.71789653478' 'present']
 ['21' '144.6063580568651' 'present']
 ['21' '153.3163692967194' 'present']
 ['0' '153.98961332553426' 'present']
 ['16' '157.1536529232654' 'present']
 ['16' '159.33666588921386' 'marauded']
 ['16' '181.1883697589135' 'present']
 ['1' '186.05664286295402' 'present']
 ['0' '193.46590605733508' 'present']
 ['16' '201.99511476859973' 'present']
 ['0' '207.8540241999028' 'present']
 ['21' '217.26124532271652' 'present']
 ['19' '219.5192997901842' 'present']
 ['21' '222.44034651076115' 'marauded']
 ['0' '242.72666022997763' 'present']
 ['21' '256.7753442699146' 'present']
 ['16' '270.942298041481' 'present']
 ['16' '282.59092127570733' 'present']
 ['0' '288.77235977748666' 'present']
 ['16' '290.61927063863556' 'present']
 ['16' '294.4540954431732' 'present']
 ['16' '297.3221365680691' 'present']
 ['0' '302.67022830221856' 'present']
 ['21' '304.172626050761' 'present']
 ['21' '304.90836652947513' 'marauded']
 ['21' '318.72339382507573' 'present']
 ['0' '322.39727592942774' 'present']
 ['0' '346.105863811678' 'present']
 ['21' '348.69380721630245' 'present']]","[['F93' '56.54490804703231' 'absentdestroyed']
 ['F93' '56.5912043433286' 'destroyed']
 ['F120' '79.37489384975365' 'mated']
 ['F138' '140.87392783124145' 'mated']
 ['F131' '161.89540353933248' 'destroyed']
 ['F70' '167.3166932076339' 'mated']
 ['F178' '173.82916362626392' 'mated']
 ['F43' '181.0234793468468' 'mated']
 ['F28' '280.22038308636724' 'mated']
 ['F21' '284.22927676364134' 'mated']
 ['F211' '297.2824418268998' 'mated']
 ['F124' '300.30769521056334' 'mated']]",5000.0,0.0,569.0,68.8340935454176,13.981346884259422,1446.0,242.66003796327084,51.68737933229778,260.0,42.71760162227722,9.012934955463743,19.0,1.9000000000000006,0.1900000000000001,85.0,3.9735382928123224,0.1864711934156376
21,0.054,11,360.20554090435144,"[['22' '0.5372465000106114' 'present']
 ['20' '1.8689347767767692' 'present']
 ['17' '15.021461923954599' 'present']
 ['1' '18.319890601046083' 'marauded']
 ['20' '24.274717186298734' 'presentdestroyed']
 ['17' '31.54492447423116' 'present']
 ['17' '32.76366832775908' 'present']
 ['1' '33.85195272504169' 'marauded']
 ['22' '35.441148945100956' 'presentdestroyed']
 ['20' '39.44288689147343' 'presentdestroyed']
 ['17' '40.778291281188565' 'presentdestroyed']
 ['22' '45.387114991492325' 'present']
 ['17' '48.70950755360902' 'present']
 ['22' '55.7803505958821' 'present']
 ['17' '60.57163268441437' 'present']
 ['17' '80.83522238158805' 'present']
 ['22' '83.04157021444902' 'present']
 ['20' '85.29938602297324' 'present']
 ['1' '88.61644711604083' 'present']
 ['20' '93.22221936234642' 'marauded']
 ['22' '96.9993458493006' 'presentdestroyed']
 ['1' '97.27201636865539' 'presentdestroyed']
 ['17' '98.96778930519011' 'presentdestroyed']
 ['17' '104.18352218566902' 'present']
 ['20' '130.35332967628756' 'marauded']
 ['20' '134.189874595978' 'presentdestroyed']
 ['1' '138.8270220730563' 'present']
 ['1' '145.20859521266632' 'present']
 ['17' '148.21017377733767' 'present']
 ['20' '167.40418871076983' 'marauded']
 ['1' '167.9271086226647' 'presentdestroyed']
 ['1' '174.47158598778503' 'presentdestroyed']
 ['1' '178.33630568566235' 'present']
 ['17' '180.66873787057048' 'marauded']
 ['20' '188.6285531430944' 'marauded']
 ['20' '189.8610036330206' 'presentdestroyed']
 ['22' '191.5423476549262' 'presentdestroyed']
 ['20' '195.6332243469027' 'presentdestroyed']
 ['17' '205.12223908141905' 'present']
 ['17' '205.2964742072091' 'marauded']
 ['20' '206.5344942168267' 'destroyed']
 ['1' '207.45162593437814' 'presentdestroyed']
 ['17' '211.08697196383716' 'presentdestroyed']
 ['20' '221.2892797556035' 'present']
 ['1' '222.86254363138565' 'marauded']
 ['17' '223.97529314071386' 'presentdestroyed']
 ['17' '224.4049866427347' 'presentdestroyed']
 ['20' '233.81980463723207' 'present']
 ['17' '238.14212987678545' 'present']
 ['22' '240.25842394655913' 'marauded']
 ['20' '240.5656557638043' 'presentdestroyed']
 ['20' '245.40361624097983' 'presentdestroyed']
 ['1' '251.31762781313492' 'present']
 ['17' '253.84739795118654' 'present']
 ['20' '272.1978489743337' 'present']
 ['20' '275.0371529218312' 'marauded']
 ['20' '278.32543482286763' 'presentdestroyed']
 ['17' '281.252516503876' 'presentdestroyed']
 ['22' '287.9216137340123' 'present']
 ['1' '294.5576284559172' 'present']
 ['22' '295.1203479728503' 'marauded']
 ['22' '303.2876836866512' 'present']
 ['1' '318.09782484565284' 'present']
 ['17' '322.71850633583665' 'present']
 ['16' '327.1798060763365' 'present']
 ['20' '330.5367138429947' 'marauded']
 ['22' '334.703709580244' 'presentdestroyed']
 ['22' '335.05709841670046' 'presentdestroyed']
 ['1' '338.0366927619735' 'present']
 ['1' '338.0857386912442' 'present']
 ['17' '358.66523209593566' 'present']]","[['F93' '56.52175989888416' 'absent']
 ['F186' '121.36015163381956' 'mated']
 ['F67' '146.58771360922213' 'mated']
 ['F192' '164.56276870878767' 'mated']
 ['F201' '167.24865207288354' 'mated']
 ['F154' '174.97018049429212' 'mated']
 ['F152' '178.59573710635394' 'mated']
 ['F33' '201.41886710027637' 'mated']
 ['F68' '204.8496069379372' 'mated']
 ['F196' '218.13857459137895' 'mated']
 ['F207' '270.4904455268009' 'mated']
 ['F28' '280.1972349382191' 'destroyed']
 ['F172' '290.92115800491666' 'mated']]",5000.0,1000.0,560.0,73.24068189458563,16.353896277421526,1229.0,203.20928353298248,43.01623306269907,479.0,79.53211890896117,17.317491373162017,10.0,0.9999999999999999,0.10000000000000003,65.0,3.0284358130728277,0.14146090534979422
22,0.054,14,360.49402920943294,"[['2' '0.21857765720973785' 'present']
 ['2' '1.8339898940417876' 'present']
 ['21' '8.02884567867325' 'marauded']
 ['21' '9.55026644000355' 'presentdestroyed']
 ['2' '26.818590039507715' 'present']
 ['21' '30.590741218544043' 'present']
 ['2' '41.71317176767348' 'present']
 ['2' '53.41394778611447' 'present']
 ['21' '101.83050819957012' 'present']
 ['2' '104.80716047016674' 'present']
 ['2' '105.38564935068874' 'present']
 ['2' '108.29079168689623' 'present']
 ['2' '122.53167047393903' 'marauded']
 ['2' '136.47881337844734' 'present']
 ['2' '140.59943661579646' 'marauded']
 ['21' '140.69972738637827' 'presentdestroyed']
 ['2' '143.79145850743606' 'presentdestroyed']
 ['21' '148.74832302290514' 'present']
 ['1' '210.86033827592766' 'marauded']
 ['2' '215.5155450438411' 'presentdestroyed']
 ['19' '219.29096903666016' 'marauded']
 ['2' '220.0968937491256' 'presentdestroyed']
 ['2' '254.85258128089106' 'present']
 ['2' '287.5497319239944' 'present']
 ['21' '304.0357246545959' 'present']
 ['17' '306.34983952243937' 'present']
 ['21' '306.9390846989308' 'present']
 ['2' '311.6722696499097' 'present']
 ['2' '318.98504210291605' 'marauded']
 ['2' '320.00841425520633' 'presentdestroyed']
 ['19' '338.811318080066' 'present']
 ['2' '348.5835372295815' 'present']
 ['2' '350.0920485959177' 'present']]","[['F96' '52.97275792460963' 'mated']
 ['F117' '60.0588912014704' 'mated']
 ['F111' '83.28016010107335' 'mated']
 ['F95' '118.51186554968541' 'mated']
 ['F84' '174.48989397680256' 'mated']
 ['F137' '184.44699331061148' 'mated']
 ['F19' '184.6968463381569' 'mated']
 ['F44' '205.74280288515854' 'mated']
 ['F196' '218.1154264432308' '']
 ['F45' '229.19864166870252' 'mated']
 ['F22' '242.66032590348158' 'mated']
 ['F143' '260.34256068138484' 'mated']
 ['F123' '261.8397426113782' 'absent']
 ['F123' '261.8860389076745' 'absent']
 ['F123' '273.9650716290257' 'mated']
 ['F172' '290.8980098567685' 'absent']
 ['F40' '312.3716445728719' 'mated']
 ['F30' '330.4205861612676' 'mated']]",5000.0,2000.0,566.0,72.53278138726951,15.491794730061939,1459.0,245.89576877184115,52.55486618551065,211.0,36.519373602354804,7.703810493806609,14.0,1.4000000000000001,0.14000000000000007,77.0,3.679874137696229,0.17789780521261983
23,0.0,6,360.7889127206172,"[['3' '6.622798303290703' 'present']
 ['20' '8.844833803730687' 'present']
 ['20' '12.066366330638024' 'marauded']
 ['22' '22.718432468464986' 'present']
 ['3' '43.371164176794416' 'marauded']
 ['2' '47.96521361655421' 'destroyed']
 ['19' '55.368867511718086' 'present']
 ['22' '57.57965904374173' 'present']
 ['19' '59.26596512436262' 'marauded']
 ['22' '61.06772562976005' 'presentdestroyed']
 ['3' '78.0219730792556' 'present']
 ['22' '80.52763155326207' 'marauded']
 ['22' '84.71747428840062' 'destroyed']
 ['22' '88.56936734075316' 'presentdestroyed']
 ['19' '91.59967410037858' 'present']
 ['22' '92.53522951935494' 'present']
 ['22' '95.56603679392562' 'marauded']
 ['3' '106.21577874118721' 'present']
 ['0' '133.9954973379938' 'present']
 ['3' '144.8878148406104' 'present']
 ['19' '146.154547986697' 'present']
 ['20' '149.0153522088769' 'present']
 ['3' '150.6703659605311' 'marauded']
 ['19' '167.38840690284175' 'present']
 ['22' '173.28747594592014' 'present']
 ['19' '174.0532449737709' 'present']
 ['20' '189.0574403376213' 'present']
 ['20' '193.11595464971484' 'present']
 ['20' '195.0513141063425' 'present']
 ['20' '207.70666578924343' 'marauded']
 ['3' '220.80822171465363' 'present']
 ['19' '224.87974547125387' 'present']
 ['3' '228.4327854031853' 'present']
 ['19' '231.5104422658616' 'present']
 ['20' '233.99779608451652' 'marauded']
 ['20' '237.00760200929668' 'presentdestroyed']
 ['19' '239.9333116553151' 'destroyed']
 ['3' '240.9129607473434' 'presentdestroyed']
 ['22' '241.1968573980591' 'presentdestroyed']
 ['19' '242.49576240776165' 'present']
 ['22' '242.78849344215897' 'marauded']
 ['20' '245.02494167880482' 'presentdestroyed']
 ['20' '256.1091089301494' 'present']
 ['20' '258.4178430638497' 'present']
 ['3' '259.70858644221397' 'present']
 ['3' '263.6041878318137' 'present']
 ['22' '271.9601069483789' 'present']
 ['22' '274.8706216166214' 'present']
 ['20' '276.4372829234382' 'present']
 ['22' '282.99368700472587' 'present']
 ['22' '283.3512468920454' 'marauded']
 ['20' '285.1401956054899' 'presentdestroyed']
 ['20' '288.21732755519287' 'destroyed']
 ['22' '290.9159653421628' 'present']
 ['3' '292.0974445035516' 'present']
 ['22' '301.0326224984084' 'present']
 ['19' '303.9017449072052' 'marauded']
 ['22' '307.53891542608443' 'destroyed']
 ['22' '316.43046135861863' 'present']
 ['20' '316.574875364301' 'present']
 ['19' '328.564717189842' 'present']
 ['20' '330.24020116418575' 'present']
 ['19' '330.57850405834483' 'present']
 ['19' '333.6791574240429' 'present']
 ['20' '335.39518388578404' 'present']
 ['3' '339.0006886230886' 'present']
 ['22' '339.44213306215397' 'present']
 ['19' '342.6785195189895' 'present']
 ['22' '353.7307014463352' 'present']]","[['F180' '49.042298262918024' 'destroyed']
 ['F117' '60.03574305332226' 'destroyed']
 ['F120' '79.3517457016055' 'absent']
 ['F155' '105.26458585370915' 'mated']
 ['F72' '118.678505836732' 'mated']
 ['F131' '161.91855168748063' 'mated']
 ['F12' '165.45535638094748' 'absent']
 ['F23' '173.73848010436194' 'mated']
 ['F27' '233.37379835583445' 'mated']
 ['F104' '245.19525019634187' 'destroyed']
 ['F214' '255.3043458487506' 'mated']
 ['F127' '266.25194924541404' 'absent']
 ['F172' '290.82856541232405' '']
 ['F172' '290.87486170862036' '']
 ['F124' '300.2845470624152' 'absent']]",5000.0,3000.0,561.0,70.28177164457895,15.066993907808117,1300.0,222.865391075869,48.457192401937675,392.0,67.10428147186978,14.583028982077236,0.0,0.0,0.0,0.0,0.0,0.0
